55742
23088
19366
37872
26689
21738
9045
12475
49967
10815
22567
4423
51076
56660
17155
40386
12786
50032
22659
17658
47109
58846
55891
28958
8379
48497
11731
9921
46640
22043
14720
26859
3167
4269
11519
24044
55441
14500
56282
24160
10652
58431
11259
10433
24537
15504
7432
55796
55329
13303
11166
17856
21327
11655
25497
46063
3463
56671
12906
4382
55038
44464
15458
26221
5997
25425
21981
19749
54422
48692
20532
53801
7533
47602
2138
7024
45131
12804
54740
18425
42147
13561
42361
52129
56088
32511
37326
57341
18561
48212
47643
18449
47305
44140
29030
7482
47047
3400
16073
57108
30538
33849
27183
1970
53081
34754
25918
31430
46463
5771
20089
30652
58756
3598
40216
7229
10312
27019
31797
11288
48381
3682
54196
54295
25955
44865
12484
53842
29247
19208
36295
10902
51419
2375
28670
40489
11645
51608
55457
39528
14914
30698
2278
3117
47899
40033
31255
50107
48841
6376
55989
6423
33569
22935
24180
23908
31382
47268
1307
28513
55809
36481
50020
58544
3951
2779
1310
37602
4811
17983
21835
44063
32599
21579
37450
23927
17015
55937
27907
46622
37250
43206
39535
363
29727
20919
56595
38616
781
47913
37488
43937
38539
37805
54544
21385
35878
31254
34337
49205
35298
13500
56719
6833
25662
26906
9450
950
9949
41538
48388
46094
43522
40410
17619
16680
24793
1082
16905
25935
22594
31920
32653
44400
31914
31521
1259
594
1795
15622
957
31215
27921
15503
613
26523
3122
27200
21140
20436
7301
59019
17547
43055
54292
10571
11300
32246
22069
46225
49037
34163
10833
20237
43070
8747
48326
4564
29621
47296
23593
28954
33560
45469
38818
22753
21182
12127
35422
25619
1033
46479
43706
18755
9918
41006
45421
43910
34209
46941
21764
25734
24283
21337
17071
50195
5038
25543
26218
1119
2642
46538
54037
9717
19928
53997
26150
20018
33987
585
27330
57141
53134
27909
46322
2331
44308
50752
27870
48627
55835
25767
34871
29206
17308
424
10012
55013
25004
22874
51069
22461
46743
55469
58691
32975
51012
5425
54059
49455
20527
19137
34470
42285
35181
4072
16978
12789
24426
35260
1364
56627
12996
9473
53810
12031
49415
10226
13869
349
24108
52471
24290
11220
48966
39280
55975
28880
21206
24269
46313
46470
16532
2335
51648
11316
22001
16802
38126
18105
34312
49625
14310
45989
34996
1327
40235
16570
30210
20810
12133
24191
23755
43477
1472
39005
17836
10110
34501
34953
10547
8906
18733
651
55743
18282
30636
676
24929
33939
15985
18409
57736
55699
1351
55947
371
7166
42533
29056
36695
48146
9039
6447
28586
21681
36890
45134
25259
3544
42280
45301
14255
55452
7194
6586
20659
11557
2255
35426
55059
40572
26559
36454
59190
29342
14647
40346
53131
9858
20924
55340
44454
52160
6093
25885
14678
21780
41284
725
52241
24794
22004
58624
51442
27641
37664
47381
55284
26492
34779
31190
22946
52230
20164
17921
54604
15872
1701
21725
12149
42915
38577
7386
52454
53908
51890
37133
5391
2811
56688
20883
24157
28990
34097
33867
55727
25351
3384
39974
26701
52041
12522
26063
55551
26066
32927
34347
16954
40528
16086
38457
54564
5844
38349
4961
48494
29158
14551
29747
1503
23239
25008
6776
48756
39072
10118
38522
55876
7299
5604
39741
55881
4715
37073
33912
54888
6141
530
3921
55311
7235
40745
36035
36245
46412
33865
50844
13724
39799
4592
55096
1428
52992
27207
17989
12181
23628
28386
38641
37604
15617
56436
18109
32145
46112
5544
55232
28417
14748
40131
12437
51133
31410
2350
39205
100
52409
54214
16480
5500
39574
8585
47891
32102
893
51330
44813
52868
1305
55968
35197
4701
39023
55917
28731
44831
1144
39818
44533
45867
44479
51176
40817
16147
33071
2165
1375
47861
42912
27965
50283
55151
48370
53890
55014
44203
45554
36739
27985
5748
21571
49323
59083
26924
38559
21700
54131
44910
51055
20022
41539
8823
53623
11205
54768
22388
39918
56807
14211
23433
22411
47567
24711
4706
4723
33618
19864
55769
23692
59180
16100
39747
6496
32618
13289
31867
30493
51958
29214
4010
24096
30202
31845
50113
9272
639
49015
47171
56834
43952
13172
20996
49600
32996
15614
37648
47448
33495
49549
38554
8432
18044
26415
48738
18621
19096
24503
24841
44335
55717
3554
5491
6585
4969
55434
23714
5459
19071
36300
46172
55626
7212
47242
53747
21572
3686
15847
6514
7729
38816
28621
8684
53893
29475
4997
43916
20545
6381
53898
44294
21093
28507
3457
33149
9577
27083
26122
20158
6311
58076
35681
28465
32284
5054
47310
15627
23652
43572
550
18324
23533
24999
46241
30629
49532
4978
51592
1074
1680
53714
34293
23321
9948
13011
39637
16654
44758
53827
33633
22819
53565
4687
32903
56305
44356
59194
29260
43758
11025
10416
11320
57629
16359
5005
11264
35684
18494
25455
40955
52823
20892
38503
19571
55049
38452
1261
51607
53834
46429
17810
38024
29103
16533
1817
24009
47283
44442
44460
20769
58246
22475
48050
21736
38690
23736
43565
35786
15876
20834
46624
38729
55892
38990
4478
54351
46870
18597
58824
24208
41915
39713
56764
21419
4953
6748
55466
46239
57489
59143
20832
17414
23324
25941
30554
48064
31386
13709
30480
54438
3025
17561
53774
54080
51580
43850
38897
40078
36806
13331
22146
50866
7725
33789
21465
41165
48910
55698
32029
29833
25301
20930
5442
455
53988
983
30342
16531
52552
29422
25046
54695
50210
54087
37170
3880
7970
29466
21867
8971
31788
12164
31496
18883
48826
55828
44387
55062
47161
57740
35557
39640
40303
10394
40957
54520
7744
47956
32286
30065
11318
53224
44035
45136
46211
53456
23079
21990
29838
28889
55864
45808
435
36555
50093
38728
6439
6029
35288
38245
58746
23281
38959
39611
16702
37548
29153
38853
8972
54449
17195
17854
22438
50171
12678
15958
30053
52555
37697
51693
20245
29803
10566
45455
33606
4256
7835
16926
22825
43577
56892
38941
522
26356
21150
47094
4453
32712
17145
39989
34705
20053
3998
32016
33741
21260
24095
15214
8826
29499
54512
39144
42575
25766
32317
36405
21512
53741
18966
38702
20021
13845
54293
36760
14260
32008
26020
6116
4458
25305
52804
17788
42053
56265
1315
34636
55361
609
7187
41045
16961
33736
57281
14527
23881
34514
9380
30309
48602
46227
38323
33959
46898
44889
1014
46491
3620
47725
57005
21266
17628
2483
19919
53222
30692
27906
28179
47510
55415
28209
41806
30427
48572
55525
6117
14212
14898
37565
18828
53919
23020
12878
39018
9048
8170
40525
26418
39603
26696
49496
11391
20675
56077
37662
32750
39124
10942
5357
40676
38924
1212
37656
39283
10579
16427
8125
3360
37513
38494
37990
51915
21420
54283
31749
54875
34014
24538
22219
52100
49406
22409
15468
2579
29596
2115
32092
53469
19746
372
12595
25673
11846
40196
35457
19723
3002
53791
40512
30105
44336
49609
42371
52294
34823
33708
31746
38424
55115
39010
8439
51721
53845
55960
51243
57302
44061
53688
4795
21786
10740
33337
1339
27440
30654
23515
55593
32483
330
45838
11622
21845
40245
8951
22279
1063
54841
47737
6537
44862
39953
49424
52211
12442
43265
37780
19981
35180
13484
52775
4013
27322
960
38700
46754
5258
46048
51611
37657
9715
11664
49465
17897
15368
44819
28581
51248
53242
8706
31253
20725
6539
39157
9531
9267
44099
1748
29648
55825
37258
22340
25215
12086
55736
42569
16284
37653
41603
18971
47348
38394
20501
10216
46738
18509
25654
6903
10467
57142
18564
55176
2478
43552
7095
54823
23702
3650
43570
32836
58136
35713
40580
46699
37214
39057
21439
18384
20360
5896
17380
41782
46364
18663
20217
49960
21262
17193
47868
24144
19950
20768
55869
44642
44309
28096
20482
7312
48823
55573
5533
49971
49765
49828
17961
15191
5286
13856
51935
12445
58532
19392
40379
20938
55859
58931
49755
48283
21710
5545
35063
43276
40816
20962
51772
35425
54290
12451
5853
46425
28522
31570
37208
48177
19842
47711
57117
33081
28813
24806
43600
16625
25837
43894
28094
56797
35075
39530
37911
9060
11284
56744
4320
4037
9664
37811
46528
40633
6199
44715
38496
27328
47040
43172
25975
16939
23359
29372
16520
49801
36759
29008
41761
26579
51311
39369
18073
1453
46245
11081
33014
42997
53272
3765
47060
36509
27704
44848
58143
797
5992
21098
26083
9697
38549
15730
17031
34115
29038
36545
47379
54383
12639
49753
17482
43597
10728
18326
3263
23988
21683
11456
3343
46156
56654
52730
20978
21132
52571
27101
21069
51747
52986
25069
47598
49841
9047
31599
11059
48812
46080
35472
37099
46057
34307
18402
19067
44815
22950
58103
30777
19943
53929
24268
59257
20994
22683
20243
20767
43040
24403
11973
36062
35131
42303
1157
16561
9569
31298
39461
3592
58444
18027
26562
25487
2213
20592
17000
15081
14223
53764
58958
43598
22574
41718
35294
30445
26427
19505
6849
19687
47664
27772
31452
44277
21272
22049
51052
3684
13874
54667
15434
44115
1009
53155
50234
20552
739
50287
7837
6113
18260
34031
20771
5022
39386
14067
50099
56750
16843
28553
52971
54607
19487
7148
37931
11922
7447
15411
2355
17284
5025
36823
24213
37351
3333
2960
32601
55028
54606
55764
31314
37306
4523
4904
43588
32594
52378
45504
16416
46759
30709
48753
57723
30815
55836
50605
49100
58869
43774
3496
18788
55985
42958
6605
52695
35797
33635
29670
5390
9942
30867
38049
17474
12356
13282
763
46757
21605
55040
43647
49955
50390
25225
23696
42100
26925
54036
8575
24756
46132
28293
52605
46988
560
44350
22762
49063
56163
1624
49224
23728
12291
37363
31395
37613
28997
29699
28524
46574
10460
37878
161
31608
58884
33142
14554
18349
2740
56742
36010
39334
52705
4798
52277
30961
1649
58926
58772
58991
41243
7056
4518
18908
35749
1868
13542
38812
48332
50627
27952
55099
44775
58071
50116
8793
34010
32153
36214
49256
815
53664
21770
8622
20102
38868
25939
7287
9982
21704
27406
22200
3361
22848
5497
48467
1788
36181
43627
50128
16600
33567
22932
46340
48262
2000
33754
52167
15486
56965
53093
53091
11196
52027
51942
54883
29926
437
56988
27740
53765
8404
42765
30492
20483
19390
23804
36701
47703
13519
23012
33673
29398
40237
28741
33949
48678
50201
18688
18311
59142
4778
1240
4496
21049
1205
33362
39009
17297
17376
15427
15371
15588
3373
16177
50811
36954
22798
30722
16788
34525
20043
35604
18496
33448
32475
57871
46779
58055
35888
57236
5251
2964
32646
55357
13392
3751
1686
22046
15266
18486
10639
45860
42022
43614
53713
37479
3918
8277
15321
58465
28841
32690
44167
56996
20240
971
47773
20421
48462
29234
5912
51719
9212
52367
21556
46571
14622
39883
38375
58023
43334
41535
54103
40659
59192
18827
1311
2954
12107
38775
24240
48133
51507
8417
27964
51710
20210
11435
13795
9295
30745
47911
58403
40869
54253
47620
33818
51544
56039
21621
16701
35147
49594
7566
32787
536
29684
3258
36668
8499
48490
38828
26811
36687
52638
34318
37177
22826
24704
49774
37038
20071
39585
3666
44792
26301
21295
29623
38324
22164
52629
42121
34764
14479
25385
39661
55285
22214
46639
56944
34213
22235
57264
13669
16306
1562
25195
35853
8818
46027
40400
39750
32489
1258
42954
55863
33758
30767
35025
54125
33875
20301
23241
2908
44050
48306
15398
12141
5
7699
24432
4894
34430
40297
39735
12183
42274
4066
138
6945
18789
2744
41518
58396
5924
6897
25642
31393
36889
18257
22994
44801
17944
26926
21474
7374
48367
4264
17423
53948
22179
523
18227
3633
21294
36935
37807
732
2829
50023
26510
35101
4740
28514
11765
51067
5142
53685
46967
3279
20261
57195
27397
53746
5061
50159
13630
14529
44907
10322
58865
47059
37533
39751
20279
17446
14061
34002
14284
19772
16364
34359
7163
4726
24025
28901
35167
39956
20103
6581
53204
52455
649
7017
15294
29692
15337
10351
36411
1303
54061
22249
49807
14642
21415
33202
14320
770
26813
58355
35708
11583
33809
9536
7724
43817
7134
27664
36196
50956
48977
35737
29411
17906
39688
1543
54284
47132
38353
44517
29227
55397
22440
32047
56346
58630
33542
817
25657
10286
26339
33131
24950
20195
34360
1383
32266
54974
52258
30814
41716
25874
47292
37469
43797
32587
21346
28729
25085
5044
40413
44684
10106
7101
37514
1966
21319
36457
52474
49709
23723
14077
43437
55027
9167
41810
57492
44787
26091
7929
48523
3622
3840
11073
14703
18734
8956
47537
34879
27990
36102
58858
8043
36255
32207
42971
28045
50961
39723
22345
24959
40952
34890
35391
20800
39409
30803
53823
55319
36039
30572
56985
49228
33944
23362
48032
20135
20991
17511
11486
28541
51746
33871
26849
8555
5008
28391
28712
27610
14275
20073
22741
20136
34272
44154
48386
58933
33806
21974
34676
8736
34827
35162
20133
50597
17555
48448
4331
58592
21133
21880
50841
55493
31483
9973
21493
53010
18072
7486
1667
8123
33148
48195
49163
31455
50939
44809
4927
45458
9386
7736
20696
38446
24856
16976
57687
47321
42505
29974
21202
39452
31597
39037
24262
10213
50209
11953
36600
38381
55561
50801
2037
38417
46357
21016
33446
734
57523
170
38372
23131
19766
17499
30110
47362
46733
55789
1812
15006
51616
4728
15887
42853
19329
55874
34517
20995
361
5598
59099
5068
1747
16405
29423
35106
25530
38462
5756
742
31592
17181
55690
19108
32124
51870
3115
38558
34631
23581
6446
6335
29695
29197
21457
51550
54490
47644
35217
30643
1432
49395
4298
31777
55266
9194
7658
274
4965
7300
1018
25485
22759
44377
53794
10265
22347
49189
19069
17395
46188
57733
333
3418
29554
27949
51111
54406
134
48992
32911
48424
1535
4437
52350
55537
20736
53698
44784
12003
44854
8871
35196
52199
719
16471
13058
34037
43985
6743
50000
40316
36506
1139
2990
7402
41029
29114
31554
35933
11529
1727
6287
58521
37586
4625
23689
17262
50026
30257
2914
3935
44494
4412
24252
56817
44037
19618
34892
4956
1459
15802
30977
31533
44070
52973
26899
11715
7960
16609
52438
58848
84
30735
7646
34672
32477
32880
30406
42093
55672
18699
32435
36470
57149
29681
5644
32375
29035
30796
10883
25599
52530
52304
41457
174
38765
6001
9149
42934
34492
46431
58489
24050
3363
46395
1346
48440
37770
44661
14239
56491
20026
6984
20754
54889
24732
30553
49390
37199
4918
45029
30619
43124
52782
24701
39774
44584
16006
22320
9176
3479
32202
56754
581
1818
45874
27043
40615
5685
59077
5410
1714
44588
50246
45596
9561
18538
45461
34969
43151
4004
11265
24595
55803
44623
21731
25515
40299
23892
6742
54086
11462
21863
53103
33303
44811
18723
18085
32546
57501
55816
12096
51817
59137
54426
54062
13029
27577
27340
51506
53256
37466
47964
2528
56266
35109
25444
8066
7710
26115
24224
26469
13809
20803
37408
38794
10167
47481
58836
6249
38727
18840
39572
14796
43753
46005
21677
5327
27339
32241
46510
21440
8697
12507
20597
728
35463
41000
32060
56549
44939
37620
46583
38343
26074
31687
54659
17968
32698
44972
47863
26810
37584
34117
36200
22380
45064
8323
7732
30522
21665
38190
39145
28131
50796
44538
37223
341
51799
48246
42342
36000
36188
35757
5312
40006
540
50240
20500
11022
17938
34080
50145
32437
12936
32231
51520
38632
49990
26922
30678
32415
9841
35337
49866
56292
20345
44521
12917
51604
58095
33047
42353
58987
54590
43738
25360
14785
6386
9586
9116
44278
53479
20747
37420
32046
43076
11006
58777
21389
5516
44753
54221
53188
16626
38445
49218
24155
20471
25922
55320
15771
27721
40436
14355
17591
23817
55642
12128
42065
12357
16547
12589
18826
43350
22661
7830
37405
4426
25000
50402
44282
48843
44413
6650
54540
26512
13728
56941
33667
52758
39360
50043
4295
51773
22319
9500
2760
47073
11167
21350
11227
5043
56810
26362
37571
50776
12144
19918
53252
39633
52184
47099
40876
47075
29715
37072
34378
13145
5382
14269
44449
2361
4868
52448
32446
30671
25907
51808
50178
18470
20010
39814
23666
37359
30467
29070
28641
39373
46900
46098
49366
28054
14817
12338
1997
14123
31561
10672
58803
41867
23378
29001
45595
55456
8461
36260
41533
20197
52486
11372
7505
22236
49021
59009
34755
33111
3905
34365
20100
57134
24229
47288
55011
22785
20561
3404
12231
14815
4534
44701
4068
18579
37000
5109
4138
55612
36961
7399
9880
5568
43268
28489
13284
39485
25854
20286
37782
40540
36743
29841
46799
13870
32642
9993
46475
55964
44024
13175
21021
32732
6816
46579
39173
7183
37834
20880
35893
9233
59259
18624
46367
35352
36424
47843
17144
44537
29964
9231
2170
39003
26814
58738
10828
19823
58850
23910
27678
10724
42339
5529
43257
29891
16455
58570
34786
56857
41909
24814
9419
49745
9726
34988
18775
16596
40324
43567
39248
35172
17578
55542
58009
10903
54980
42299
47413
37346
35955
34716
53094
22413
4257
19936
52416
42031
57325
55604
46943
50328
27706
14188
2801
28907
8272
38368
9704
3416
25592
2902
15217
19834
13759
53050
32334
19646
44119
5342
23123
25730
52897
30860
48968
19449
20008
45728
55107
3060
21380
16299
48821
16885
45472
59106
31376
25420
41520
14868
44598
13940
1204
7556
18327
19520
11078
10666
38331
26739
22383
45376
6304
28499
49566
10647
7792
2704
57292
31020
30180
16537
3539
52425
55406
37302
53213
21090
11297
8934
37274
7113
29023
3459
6978
45966
442
15521
19422
6922
31894
6242
3409
46010
46909
14372
15476
26494
26927
32458
480
3160
47837
37967
49060
49092
15153
29802
52693
34140
22261
1745
57793
58177
1823
17663
29589
39179
16660
19578
4495
1248
7812
19913
23035
18602
55721
46935
50465
27803
9938
58591
12099
11
40308
2121
37717
34135
32682
22761
36158
3822
16853
17091
8836
6819
21977
52702
4316
13915
33611
53550
41854
38911
27523
19090
3645
21999
1004
648
32965
1326
519
16594
15168
27683
43646
36814
5418
36565
49412
13600
43803
46420
54996
45894
54685
2324
549
38456
56769
8338
33521
37129
13903
27552
29805
40581
57692
43924
19380
38304
1411
45923
14627
1515
36762
26332
30450
43112
14216
1015
44361
29470
5575
11331
55817
58471
5532
47610
50624
4274
35694
32540
30743
30705
19631
7002
48704
6601
39658
46398
1199
37819
32332
30101
26254
32143
21082
2250
36778
3889
25716
28026
51537
54626
5510
10318
47036
37283
48548
13299
13919
755
21178
54907
25893
9669
20600
52669
14590
47319
28743
38808
18505
39896
40916
4707
23080
36038
41082
50073
47513
45310
137
1136
43118
55169
40094
21680
42483
9020
42474
2909
22835
34685
44244
27100
19771
43987
47192
44269
40232
50382
46824
7950
29052
37791
5099
39697
30161
57467
16003
5898
18011
49184
34198
41713
32107
11218
12669
22529
23707
45791
53542
4404
452
7269
51925
9096
35232
56795
33976
55443
30593
1182
3460
42217
21978
48481
42946
53377
34613
38127
50229
56903
32623
21251
10086
414
30934
43650
22021
45521
46829
45982
45237
574
2647
12926
49724
47645
58397
11060
51308
51711
17003
7279
28378
19131
2371
10069
24206
44577
29108
9633
26316
49763
52864
51751
36708
44289
42406
31739
27652
28508
30933
47605
29734
43144
36741
34832
3838
19596
16457
12193
11325
45161
8840
35295
48556
51976
19291
28436
41999
37487
5535
5704
40145
37248
36641
32142
41994
44905
36408
2918
49255
32120
24745
30166
55189
31992
49071
55209
10438
36832
55938
51690
1527
15554
54798
53900
23600
46153
11124
26200
54207
3314
572
25904
15387
900
22814
9886
45590
604
26670
27371
1499
31952
31111
42237
35688
31546
39653
12641
994
12450
46244
15618
36651
7475
42534
22403
40198
54781
27824
7052
51300
20467
18394
53173
18919
9134
31271
7920
964
24032
48720
31567
55205
26406
41928
38480
25210
3809
21802
46940
35497
29624
58953
4520
44062
52991
10180
16523
30457
4925
33222
55608
35176
23627
20119
18515
17218
22853
11921
25382
44360
26457
47000
47754
820
46794
354
33275
43338
19346
47828
22922
48395
13297
5502
9406
20622
8582
56219
3062
19537
6999
44123
48658
22997
9797
12813
10970
48322
23979
40594
43692
39199
32950
27883
39879
42682
36898
22111
19694
46597
55831
49464
17665
12302
47607
28423
3451
19676
29832
44419
34828
29866
52882
44314
428
7419
47153
28117
58402
54870
31389
28254
47086
53082
4034
31451
22883
3702
34958
9740
32259
3687
16902
26225
46846
39435
41231
58951
39380
26264
32867
35189
34377
33532
28519
31043
706
11158
46861
22308
17840
18307
28987
17984
57901
31773
9004
34133
30907
1007
15703
55728
44301
22863
33911
52760
44004
662
632
8330
56596
22757
51156
57618
51332
1732
27049
1985
49235
21188
15204
20127
15600
20499
34679
19944
57267
32321
17795
47405
3517
39507
24148
31505
23
27557
24812
49101
6881
56061
40075
20934
38486
26583
16255
5527
46234
20928
26777
58574
40073
6471
43088
39700
43907
47140
59141
30734
32340
49624
9365
33512
21404
29961
32183
58112
7372
3596
19481
1026
32766
45556
40372
21333
53141
12539
5511
30700
2726
13964
38089
19286
47392
16663
22876
8403
13162
6316
26873
34084
29210
25232
12901
23819
4151
43561
1779
35809
7822
24402
45126
8367
17206
31886
6228
59200
39880
48851
40005
16041
10057
50904
3151
43935
35682
16542
55767
37008
31853
37882
43786
25363
30543
36688
34251
23049
37267
14344
39336
38642
7455
40873
54632
41413
44290
56914
26368
20739
53226
21781
6957
52214
29638
31957
37013
49833
58438
45034
21695
30710
21809
45829
44163
49239
26118
17449
54678
15231
26590
49713
34095
15745
42522
33107
56849
12230
19854
449
16722
58217
32559
47388
18896
43885
6009
37206
34322
49460
39648
56354
26655
40485
39321
39510
37496
34795
50058
55851
24231
20897
10759
31955
20414
32310
5240
55166
20805
1834
49191
21394
2749
56241
28189
35247
49645
46238
16505
1784
22221
33328
24955
48982
39712
8925
52880
6150
2085
38011
28512
10000
42166
38351
5772
7771
10526
25262
41015
20405
9249
45574
10161
34556
20258
1939
34355
2542
19580
22852
10100
4538
37373
41446
5241
53846
8337
42449
48417
29553
44298
40613
7999
35209
43142
18286
53507
35263
52528
23526
38408
16781
8459
31210
46458
52900
44627
56290
19602
17381
49098
22274
56121
6405
38251
31525
45832
26169
9878
5918
51135
51916
52173
56755
21401
2090
31577
2141
40721
11258
28587
36871
128
5012
1211
30477
26905
4455
5549
31201
22073
49300
24935
29637
55643
50658
3961
40088
36301
57215
21807
55436
3660
55949
30048
8796
32742
49251
50655
22869
48256
54434
49164
1230
27520
10249
41421
4543
33346
40259
52622
32012
54856
32106
23670
51435
55291
57044
24974
18220
56366
19745
2137
4860
17483
38485
32381
3627
27947
43984
40992
2923
34688
38655
1711
39541
48566
55602
37144
35193
35563
35077
26287
30747
39757
22967
3125
39971
15918
57370
35705
43244
16612
49335
52577
45133
47407
24084
22547
33827
2748
14494
25101
45450
46362
16072
31018
48517
39632
54693
52559
3874
27886
1612
24267
58616
14679
43887
47342
14350
56706
27227
22352
5980
23264
30721
56130
30861
44620
11582
23674
39056
19697
14410
37192
27450
38188
22682
27395
4536
49644
6261
12588
6125
44427
17546
57022
33243
19004
16583
45481
30846
43740
47286
34017
34674
23155
49346
21548
3631
1186
8026
24006
12426
18004
32617
37830
31169
48085
44160
6067
33842
36642
2930
27327
521
22389
51723
32095
6118
30708
35987
48255
11274
12287
6355
42063
33981
47314
1000
8265
40481
34660
13133
58178
5762
32243
16472
38328
14422
4202
49865
38662
17332
24623
20869
11966
35732
17391
53564
26601
49160
10301
58336
19244
38809
24884
52601
1053
7488
18055
59146
13124
20896
17975
12918
34208
16090
49179
23383
54235
37380
4253
51440
54395
32811
6112
44407
49223
30810
40195
16530
8084
45464
35285
31699
44729
1344
47897
30155
56054
55779
28629
42446
28474
102
35788
25950
3709
18748
2836
18483
54270
45231
46137
11740
1249
30087
9107
43886
45124
8342
54307
38298
45328
10596
57539
33643
45978
14412
41172
46118
46435
6518
25427
34979
35642
20023
53386
16011
11858
53519
7204
16205
7381
56854
56746
10890
4913
3938
51938
34720
58086
508
1255
43254
38076
9643
37193
7207
16548
9099
16307
8506
32262
15995
38928
55954
775
23297
25715
34177
14532
12556
49229
58918
15524
1084
747
47464
49980
44708
19369
42158
46523
13906
56756
52838
9094
12186
25488
49656
48074
49074
32970
2578
37031
58705
1044
6213
18985
25848
11152
15964
23468
47272
18283
38410
46924
4962
46938
40315
17248
28251
56890
38477
56065
23764
19492
44762
27959
30452
44250
25552
34395
40809
31302
5805
20182
50895
57739
53244
36490
6154
13966
23996
18463
198
49587
22202
24817
35265
54259
18301
188
12398
24956
32197
19739
9853
58145
22808
2947
17433
29628
20828
44906
22237
27655
23507
17358
50672
39025
21796
364
50341
38346
49505
10071
36720
53641
47559
52969
53265
40825
20908
49901
12280
54839
19833
44186
55984
7855
11183
37471
38169
4874
34235
43543
25647
37504
20743
17936
44686
7105
16181
25122
22530
42913
3612
16862
21235
7690
41553
8945
3693
106
8918
43102
37444
43384
48464
18815
58934
12196
38361
13005
56310
56090
4705
6790
2917
15098
43557
49796
32770
39378
47542
5769
1324
19000
22947
5903
47554
20187
21416
34025
40622
57725
22196
6218
3892
7060
23992
24830
13040
1776
31194
53183
7892
57997
11430
39459
32902
57048
15592
23976
32429
44323
43594
8828
37127
4921
18559
34570
13894
36734
10603
59089
17232
54185
42171
38055
2515
46123
36263
26271
49035
16408
4276
12262
51192
13706
503
18860
24378
24988
53889
49342
51765
22115
20118
17972
8376
17565
14301
1278
50152
4218
24517
44339
9558
17981
46170
9179
6655
2397
37117
51075
52369
36681
10233
42576
31397
26439
48822
46096
28022
30638
48040
54346
2049
24467
51443
51698
49281
51220
56803
57711
220
57316
9592
44987
14573
42988
32000
39033
55363
48677
16500
54116
27889
44760
9861
47788
48113
38460
251
37732
8923
21852
51610
38316
17866
33255
15211
13372
28078
54053
47203
33691
36659
6780
26440
38473
49559
744
33064
50205
3616
28900
2392
2982
44310
47163
36881
25250
38306
28316
26229
18254
5811
4246
36008
30817
474
12208
47208
43813
9902
19345
15523
37004
7018
56036
19741
22859
44058
50988
39665
21033
24759
25228
14351
10123
49806
47251
48150
48147
51057
28655
13356
46864
30645
24494
49626
45773
44421
25718
28517
49497
42106
42074
55337
30792
52036
36351
25570
44122
44734
21822
33739
23008
32832
1430
28427
29646
23756
44412
31383
39999
33332
18304
8872
37175
14656
30394
53497
50547
31140
16197
3944
58239
6050
718
43213
17969
31079
4030
15161
58648
54463
3136
18499
32295
58011
36916
20993
11608
298
19705
25914
58796
50552
13694
21231
29641
52201
1208
53940
9552
24022
2183
11434
32022
20224
5449
20178
36318
12478
20231
30784
21239
30870
17757
20456
2518
12826
40381
18110
15744
7563
18017
1306
4517
12113
19605
26319
16995
149
47196
16026
17221
6685
13956
45240
6275
48981
2210
56298
47928
29061
55463
14967
11910
19579
16357
14293
55339
31470
6705
27941
36563
37623
21085
56320
41611
26530
35981
35914
1625
10320
3681
49069
51083
15586
16774
39422
58077
33220
57278
59124
1986
31335
36323
54297
37873
47695
6319
35376
15613
36557
35230
46378
48084
55491
53861
31124
58060
48317
27792
31874
22827
18039
11766
16746
15234
32230
25517
50712
46585
21008
54311
49705
18146
19317
25806
24637
27580
30094
1633
40779
54991
19561
50871
54178
39950
28354
21168
54711
5663
9806
20655
44247
38574
39495
53509
53223
27106
15932
32835
10115
27506
26570
1672
14009
32539
47591
45130
15457
16433
12048
4942
35931
51715
5583
46121
7668
13507
42639
35150
7730
58205
54549
48223
55697
11042
25023
37673
56038
55644
13634
56460
39396
50232
40575
34277
12119
48942
17456
55664
25426
31005
5366
12565
10726
23818
56798
31013
33505
58692
50261
28640
33052
37300
10910
55581
273
21315
53904
5526
29050
57439
23085
29007
3535
49814
24505
16562
22508
47230
53789
47884
48939
1079
47031
18175
36670
26010
40677
25285
50985
54457
51181
45432
40118
24374
2024
53047
52660
50319
34622
3336
1297
10151
48547
5578
9594
21101
7606
20812
20706
46295
23095
22720
6691
28210
37253
4616
50187
13109
44675
22378
27126
32691
15574
31088
1742
52043
4837
53105
1056
42998
3393
9702
41556
37165
32180
40251
45589
2395
19082
47450
11894
41436
11634
11180
20936
9995
29020
31160
33023
53855
18293
40720
44067
57705
38841
38348
24848
50469
40734
32468
57365
23970
46726
47657
40336
2489
16392
25245
43889
18767
44929
57089
37191
26299
58146
11012
7809
38383
11956
51936
41076
21001
17344
50059
44991
38997
18790
8032
22644
15309
19324
9667
50858
23385
16490
48709
44802
27486
42678
18423
50916
21323
34064
55548
58719
12036
6220
40256
36648
35936
46264
22272
20255
51281
54545
6383
18369
51709
51261
36538
29686
44919
31464
23757
7156
25192
46102
30489
26804
21152
16406
48090
32360
59133
42148
1959
55826
24649
22244
40806
38675
41531
47729
43620
11900
48515
24128
41588
14317
10185
9055
752
50809
6357
15517
13136
1707
3604
7418
54114
19536
18574
11221
19350
25213
5378
8146
40287
14654
47238
52042
49544
50902
11112
49575
18144
15936
38101
26774
20427
47873
58587
13107
35341
2620
18957
56294
36644
17562
31516
59103
2770
40371
40933
49120
37838
3445
36622
23445
40867
38717
29751
55111
53709
6212
15329
3623
51662
53918
23856
39554
56897
18473
48638
52308
3638
5233
45563
27984
46090
55812
26106
1729
48436
6409
575
26401
52418
37040
29296
15415
1282
47006
6312
37353
5398
20274
28559
19674
54413
41821
35978
28019
46482
37410
30738
27107
41776
25276
21862
10025
5907
40651
7417
9872
42058
36362
50676
29705
869
40562
44752
21123
42265
43596
33187
2935
30838
53655
11282
32248
39702
20169
51003
48655
38420
20046
29128
2989
49737
13479
57104
36119
16670
13262
24333
55678
55265
54035
34526
45451
20429
38543
21038
8137
25666
20349
1290
45092
5536
11687
8217
40595
53330
21355
29647
16933
30542
4170
52845
41841
30350
30684
26447
23447
908
30680
12819
4968
53775
50221
36630
58280
37027
11433
39362
33124
37669
45653
18905
38829
2973
12100
31076
4727
54378
10860
55791
18645
57749
57017
19371
29154
7712
19952
49326
23671
13113
42527
51629
30022
44652
8774
14398
9532
51390
13363
28631
46465
55549
10600
45156
6347
40914
22498
28307
42975
43584
48324
50495
1981
35141
15741
13604
52869
18918
10703
40875
49206
54294
1069
24627
23822
15083
44562
40750
48470
10132
55579
16281
58765
33787
51705
9572
42698
24480
11903
6204
36504
7510
7139
34457
39263
46396
51313
16130
29351
54410
54429
41901
13421
1122
9462
36919
1321
46019
46180
47973
9685
41073
15178
14572
18622
30968
45873
9441
37262
51519
10674
21067
4113
20128
18003
39770
5454
201
26164
31243
50238
45710
39167
39355
50537
55233
48997
8673
34241
16727
9475
34063
48795
21084
26152
25012
1216
21003
7343
19688
40347
54960
28443
27092
55079
57683
2782
27000
28961
17052
14303
51197
12614
11534
41491
38051
515
20548
46326
58142
50310
46233
24622
4985
53661
46433
46561
9783
37361
46107
46066
29713
47304
57127
21967
53170
35979
13499
48623
4699
1827
5788
12969
22789
58908
55958
40296
22312
1743
30921
2976
41463
53549
46150
19248
46355
40089
37126
46097
38698
49458
46466
11906
24908
20167
26744
38722
14207
548
8904
46152
14827
26461
16734
5273
4067
20729
52859
43657
28339
18591
57694
13324
33975
6682
15855
57263
21039
22243
51818
41433
38929
46922
27771
3362
34048
34787
55212
8426
32714
24246
124
56390
29538
39890
42399
27153
2019
6473
35710
15556
42193
23132
10201
58144
31989
16518
4858
51533
21468
49739
38845
18126
56735
32001
11215
50948
53034
51393
906
15246
32436
2390
43697
33364
37229
59084
19383
30892
1353
26536
18149
26295
46038
56151
45624
3325
30264
55557
40573
58641
18946
36729
51458
48311
42898
1365
41001
22238
16815
48408
13034
46037
40120
49700
34830
1133
47226
26018
53246
30912
48445
39458
13520
47679
19623
29318
45665
17001
30821
7858
57273
55597
28955
5798
5614
34273
57536
4604
51408
30411
13702
32856
22165
322
28458
15119
54447
22624
31040
41965
6016
12618
19685
43348
9931
10415
37537
23462
40699
20684
21145
15183
18029
50082
1298
2004
9156
39841
49773
22199
53426
38933
587
11502
24661
46832
21727
50346
45541
18048
10186
6658
55594
37749
37225
29498
18203
16163
18697
8770
16384
41823
53720
51568
40173
20159
24512
2168
20913
535
50102
24508
33295
4459
58915
32613
32049
26025
39366
859
6862
46996
38369
57653
55944
6504
45392
50021
48628
5498
44843
6247
55850
59017
5250
2367
36809
13335
41552
56497
21020
30295
4792
46400
4284
38705
28300
41992
57477
31418
5284
50625
40298
1067
39755
27088
54353
214
25867
52513
34050
43909
38732
6348
44264
48798
54744
55694
53824
49396
30303
15865
16515
42107
6493
9838
42810
6143
54143
17564
13595
52459
57902
34829
18408
15052
12431
40550
44765
17802
299
4708
33523
674
10179
13638
979
1659
50982
35252
39477
4125
31840
54957
40958
17044
5291
10418
2219
24088
17176
3575
57014
29863
48352
6467
43969
46936
20522
51400
55438
26794
49843
26108
16265
19721
5999
20408
36709
53862
57154
55776
25178
32297
34575
30459
9642
54122
5886
18541
30908
3009
25082
52185
30656
19953
39980
16075
1871
45575
32578
42067
20285
54412
31553
38384
23139
49121
25984
11361
47446
26847
16897
33407
20792
35211
40612
20642
35587
39081
26790
8894
19421
49030
20821
3228
34745
39590
1944
27658
45766
39628
903
13508
49422
30076
56009
30033
30182
54585
426
1709
38465
16010
15652
9484
18725
9928
55609
16328
22102
41987
52346
24534
7568
34634
42043
3578
266
22705
178
42535
267
9679
393
21616
15604
56091
2424
17346
20691
2955
54533
12385
19655
17479
39506
32471
18780
57032
58713
48400
40172
39718
47633
51314
29361
50
25061
31419
20203
20108
17099
12207
43305
43484
10270
13705
10722
54595
57343
28564
29419
19439
53474
39671
8060
7042
39756
48475
16603
47364
2679
30677
31441
55811
25527
22052
46488
46008
55943
19242
27249
12045
25483
32775
34621
14855
35454
40604
2905
5584
12349
46473
40547
39242
37279
20795
42377
12257
169
15680
1789
55016
16450
10113
5921
5293
16015
44268
14742
16021
54409
16184
14147
19100
26741
39394
18649
42528
50025
36302
43808
356
43219
15515
53860
28228
13758
57254
28480
40856
59189
15110
5520
52525
19409
21334
21959
44267
5558
20705
46728
4774
33807
23069
12490
46620
43571
54492
11055
20262
24849
54658
2564
41648
27750
24064
51462
37982
35350
47223
55639
54330
58513
168
47294
1777
16693
31647
21306
40385
47872
27047
20361
43923
46154
37939
35693
8515
46201
45776
21342
9952
42559
25708
27413
1725
17356
28473
54213
1741
10417
23926
44825
20404
32931
45200
15237
17444
5267
55921
29465
6478
37672
6762
31396
58435
39082
11497
26690
28422
8834
52565
23841
58066
51612
18033
48671
4263
11677
43624
1861
58606
22009
5501
23871
3611
56280
18086
4452
33117
10713
9203
56489
12691
26800
31864
38112
26462
1595
1257
40822
5406
49875
33278
26324
18275
44483
7768
46978
58778
46813
38764
48328
46716
20865
22786
54502
32977
29252
17404
6042
20213
34346
6119
16336
10353
56761
18706
14673
10229
804
47865
50989
52207
6408
46349
49882
15043
48711
10428
49934
50121
19924
54865
35315
6674
33040
58518
53281
53682
1274
45628
53161
27917
22341
56296
21326
12805
10219
34258
34279
9956
9551
3338
1794
47010
26285
23300
37570
55730
22161
36866
55583
45476
35739
32661
16363
24221
36401
37650
51368
11306
26304
7238
28377
46599
20030
41056
48973
9983
49446
35960
21227
47661
43605
4733
50923
38041
13895
15723
8521
41091
50081
4136
13841
5476
51932
37814
52716
55394
53708
57057
52608
41062
331
37414
48380
14127
12605
9188
54995
14854
57967
2083
12389
52128
21444
36206
44213
50109
43768
48275
49504
55060
37332
26329
8814
45919
25649
51340
44207
30917
1806
26787
44964
35997
199
50251
2774
44039
20015
10134
43667
2661
19810
42696
8554
56319
55264
55945
57314
40194
21406
18722
1698
18443
32058
49032
2389
4173
3595
31128
40650
57770
20829
45915
41702
6913
56705
9917
14169
176
27144
49457
48327
51895
47916
42504
27120
46261
24337
15091
28176
41849
54729
1548
9077
54869
24461
22208
35664
5933
47025
4852
33130
32558
58046
17550
36022
17953
11202
829
22220
6276
46881
46269
991
44532
32704
301
8050
37616
6156
54702
15639
29400
14294
27903
48075
15279
27060
47359
26637
17610
11249
35954
19091
12525
16745
10168
28928
25366
48176
21247
46974
48030
54975
36105
986
22928
8802
3914
32431
31638
58434
39027
42278
17537
46309
56518
54978
37135
56245
29062
25453
41954
37843
48616
15886
36822
48038
47649
30509
44455
27529
33314
41415
16004
37436
12794
5313
44501
4441
16822
784
44925
29450
18629
27033
19755
27418
31428
14699
37837
47638
17080
10669
39807
38548
28432
13333
10408
20431
22057
45385
26527
43201
21873
25622
1829
596
18115
23678
55750
32203
55531
42587
31280
9560
58193
57120
329
13897
40112
1389
29967
21329
19656
3223
34791
50551
17611
20276
15271
48410
44869
53806
38709
53811
48320
15513
4408
20129
31977
27217
43941
38419
7635
45307
55066
23191
4258
45571
27808
10292
48170
6726
16254
55726
18434
41781
50442
10900
26677
20126
36474
34872
2486
11746
50819
15681
43735
25641
29439
16057
42110
20972
28825
53061
42064
31447
3670
34944
51141
24715
59002
51641
54547
49904
4327
44384
42319
23325
33851
33579
32593
10578
58002
36068
28644
3140
20942
33296
54204
15209
27379
23622
45545
24784
11001
38484
55981
33858
39704
30695
29723
14270
52384
34055
19534
34682
38720
14698
5540
11632
26964
14858
39919
46737
32741
43004
31193
40070
9961
45143
26820
36570
53526
34304
40714
39809
50873
49826
51010
25860
47532
46828
39830
44790
45971
18104
25600
21349
38499
1492
18386
2499
35151
56896
943
12053
40733
56080
51687
50424
17758
21567
24198
25990
21885
2233
43258
6474
27353
33336
45211
50314
5971
8932
42500
40337
50892
13468
40392
14164
55710
47258
53504
7973
44823
35357
7696
13171
27441
32616
37196
11777
37869
28879
10015
32793
20583
22909
28334
46893
11840
46171
57218
23357
46514
54445
56166
43554
49894
25514
26238
26836
38187
9362
46687
48013
19985
1127
53808
56917
53139
55390
14890
22466
29943
56640
46135
13850
56763
13288
7817
10385
38140
30241
48266
53649
22534
2584
30448
39636
41233
48139
57311
37404
35279
48767
56341
48568
13364
3668
27007
50824
30849
33811
38373
55645
33519
5464
38422
5646
2765
29155
1424
51051
24217
23453
10218
38497
25982
18599
5095
30617
6255
46033
54499
1316
49799
42212
22007
1471
38195
41240
21379
9709
54496
12293
23363
16393
13082
36627
21160
55598
36023
42619
18291
5816
4569
9615
11751
49804
46918
15944
34846
30194
15421
16305
13138
21891
19765
53008
35205
11441
52420
18025
702
15382
14367
50868
19114
55145
23682
6165
9126
24230
33252
27270
18050
20479
55773
5041
47261
17278
32706
24785
49947
3774
38358
44799
31134
3654
17791
34553
11000
336
15915
33632
26761
6884
53895
16038
46507
35901
3777
12122
1294
51655
54384
52172
13286
47950
22544
32447
10477
1901
49613
35794
8266
22944
20775
16919
2045
17575
2172
55855
21386
11223
54917
37131
54152
51804
45926
20117
17486
15731
7536
34431
6765
45491
48452
36247
45480
11500
41100
34522
12432
59159
27764
38504
44772
4812
19929
39156
2406
44771
36338
54219
26715
51597
1235
623
38472
39568
4039
46588
10019
50910
52351
32710
19636
20740
44868
48110
36646
11273
8548
37160
47051
42419
37284
46616
50994
49259
27651
11289
7567
13323
35617
7250
7704
42048
37997
54238
58090
36488
51225
56071
17054
53700
17436
9003
22407
58769
50122
42673
31122
47349
36639
27630
23323
8243
10133
17333
11473
22845
43971
40024
52817
32730
7467
28855
55503
15447
46078
44834
58005
2911
8586
13840
32759
54561
28067
226
37178
46653
51894
56504
25668
46908
31141
41931
652
13563
12
49792
45974
56987
15470
766
9927
52878
29204
21074
34648
25971
196
53812
53874
1314
43564
35140
28368
4002
54610
4070
31770
24420
8763
31364
39421
18187
29650
57380
45279
34557
51780
56016
28097
38551
53517
9033
38575
38943
31036
21984
27828
17811
53804
7217
15269
7445
46866
58805
13021
4157
29273
36122
24778
55952
39733
59043
22730
21717
48269
45294
35257
40719
47213
47129
46897
56111
31819
22366
13936
23512
21464
5553
50777
6124
34762
43763
8636
9687
41445
5210
44102
52465
56118
42097
11467
50024
17203
33494
38469
35194
13344
7986
29258
2788
2174
54928
49499
13120
27760
1767
6044
21879
12725
21184
31047
36727
26070
2272
40865
57756
45843
38696
55398
9262
16977
31008
15187
39155
45457
37392
18412
52626
24007
5134
49310
48206
6033
48750
8815
18024
24194
38036
17301
19659
53162
53120
15567
5983
15624
50105
52680
24877
51236
44166
35628
33881
27524
49073
11812
9656
25876
46516
25932
44836
48003
8655
22449
51897
18232
46177
34772
6686
15326
21154
29229
10975
19416
21522
27821
46634
40807
35892
44353
39910
48225
32330
10293
28780
21223
17330
1749
26817
37803
23425
29737
39078
36847
44101
10991
42952
54612
54882
47049
58018
47665
39990
2055
967
19590
13658
42294
40169
18226
36713
22082
54030
18341
24223
726
51764
43704
28975
48120
3088
49897
58704
20798
46958
41012
22412
13889
24040
50075
36085
36878
53488
35798
19234
4275
12039
45021
12832
2717
48605
33062
20485
27545
27145
48057
30435
42984
998
12974
7132
42356
59067
8047
4005
42904
7627
40491
47589
7286
42579
28418
56630
9492
25332
59001
51134
29305
20176
50862
9071
8206
24266
710
78
12394
13108
20418
21305
53729
22086
47322
58813
47352
22028
15429
39288
46489
42775
46408
54687
996
19786
5343
5988
18935
25875
46195
453
56667
6749
24901
50601
52919
53209
1773
9479
44293
10277
43950
32801
27066
1269
49822
18239
45846
796
8876
47103
12836
30473
36895
44162
48121
53430
8187
49646
40030
33452
55620
7138
1775
3607
27778
24986
45415
29186
52170
12333
28454
34323
50432
5154
11345
39250
30100
708
8721
47584
48173
3478
15991
3501
56696
30356
53925
24484
57953
35036
15000
7013
8707
21286
50363
15591
23679
19258
21287
27082
32449
32406
53085
17526
23669
36243
46602
12090
15293
44912
24329
32097
21850
6606
29130
28165
9388
34796
15287
40332
5561
29360
49388
6958
3450
30189
10361
32399
34159
910
55127
36883
17125
59157
17150
28387
42259
46207
22548
39136
55449
46755
55124
58786
46776
20207
55978
20442
55010
43814
33715
46119
3285
21812
56303
40860
38261
40691
18514
41319
37343
42720
2490
23807
18334
28148
40300
53884
15324
7197
58872
48247
8441
18364
52477
32720
55806
45961
52417
37517
7078
48503
1062
2441
53742
39725
9300
6314
52613
5506
58960
45612
8325
57070
34738
23350
19115
41771
10350
6521
53848
14038
15874
56287
40949
44553
4755
22991
48679
2590
42806
4525
43586
53779
55942
41746
29654
9730
5751
55834
41473
20402
39337
52987
8875
297
36092
40874
54208
52633
17365
49225
33984
40942
17249
27280
23973
50193
16324
39706
33371
15397
11347
217
47267
12900
2105
56281
54767
41266
24564
10143
18352
20412
14052
396
20370
42482
27158
36990
40532
40448
51221
21096
18627
26632
25908
40673
20409
46079
35116
4947
37505
30649
35051
48979
35040
51162
27003
36613
33229
16077
19604
57768
48363
54930
53260
57055
18587
8678
54240
15159
241
58727
20310
54233
26157
47817
17929
49825
25829
44706
25635
32455
35580
6808
8816
24898
36876
36456
12797
56743
13885
53219
48539
46054
4144
17780
1245
20824
25053
8109
24112
21693
26783
43826
1774
23743
49197
18419
31024
54405
53730
32566
29932
55165
25617
12503
51736
23156
39006
53037
42881
19726
22867
35272
8999
38565
8144
48757
48666
14165
58153
46679
22945
9359
52062
2806
33225
1045
7578
26928
7074
57747
45967
40153
47254
39854
34692
34105
27096
29348
21527
37149
17174
1647
41013
31558
6400
15406
49964
46452
49668
36943
47833
54846
21871
19420
55407
44473
47237
13370
920
8253
2826
37768
13044
55596
29507
37509
57635
55692
46443
58644
33037
53897
15080
31999
19622
3574
39979
245
825
3001
36655
22645
53963
44781
54453
19322
26349
22474
34236
58164
46447
2723
23665
23044
46506
49076
47748
53767
36238
16638
14682
29515
21134
56981
7415
36348
46369
51606
55414
42029
54731
52071
2624
526
36393
20257
44020
54421
44358
56718
50802
47955
11540
6744
12324
20572
49196
54505
40349
5431
12569
57761
50172
43512
11063
36673
42821
57546
19526
12082
22085
41102
46952
47577
29254
1252
52344
20415
40474
39931
28346
50484
52248
47169
150
629
34861
4784
44649
500
7885
37064
26014
44757
25897
6817
52469
8668
808
22275
29486
20209
12612
12479
23741
50404
29671
28601
28380
51634
30816
16092
51320
42985
18436
54095
1292
43314
16435
7021
49038
55752
55445
51412
46011
10673
37322
26995
20413
13071
9934
47260
47007
1224
1544
40578
8530
29369
50564
19619
56575
4429
28388
40544
12894
19254
22255
30428
29792
33421
37162
52977
39801
793
11822
46126
17403
61
58996
18542
58652
43313
37337
34044
54110
44399
27950
1260
35917
25957
38300
21513
27662
1728
24961
56291
55555
35796
22331
43929
55567
24628
36942
24141
6476
24960
32534
36320
41489
18454
34263
36693
52607
57545
705
58463
26591
7735
30756
46328
36959
6301
38867
41587
29297
2756
17992
13061
51091
31866
6912
30713
20631
38297
12495
45925
33603
47013
54158
54510
23059
22986
55861
51114
23745
20830
41604
3351
54177
13151
8888
25710
34255
3776
3599
56986
4268
26220
19219
36535
7518
8282
6649
27094
6754
19436
189
29453
47718
1151
18299
35200
866
25970
44600
47818
2886
36088
33121
58443
41542
31028
24978
44798
25749
33690
45196
38799
30903
45802
37785
42708
21330
52581
55795
40920
31446
42095
20524
53234
27298
23991
32830
7706
1071
48414
32283
29574
24506
47396
42809
18243
6734
56904
50345
4910
34038
38715
14619
56477
21162
26110
11859
40894
44292
36874
10300
11114
12170
39563
13429
49928
45985
53833
33762
34225
58983
9100
46075
4019
54475
11315
44053
20984
5392
41749
48342
12649
51797
24344
14222
54446
5807
55794
12461
58562
50872
5972
44774
24358
56109
39676
20123
20851
20806
21208
262
44476
55689
16375
50279
12704
34739
17171
14598
27474
16615
49429
25032
19442
19061
16765
11971
49725
52786
9234
10657
55979
14289
12545
29157
51899
48519
4512
55242
55638
37786
21597
34559
41244
54381
24079
28359
35726
22555
33622
19921
22983
1457
51933
22887
56008
47970
23255
7795
52972
35558
17620
38621
18945
29379
70
28740
43470
48993
49123
21675
56332
13857
28036
47503
57743
14384
9377
12388
56120
21671
17401
17548
55617
39140
43209
33500
21857
47406
46791
42161
9490
7574
18117
14362
22298
53957
33115
3046
4540
44990
47903
23388
49428
2439
1899
48513
26544
48208
53487
7632
104
18766
1796
30112
56037
44280
13256
46753
1632
36315
58814
28249
47195
11633
28498
15806
34244
15386
13380
16800
32956
39333
12296
47595
45339
13939
20960
28840
18902
56994
34287
21514
33406
27578
6258
24766
51596
21060
51727
43544
51778
2061
9157
31919
44718
46549
29019
57568
44571
46455
97
55951
20780
58373
41046
37413
30446
28070
27987
19354
45565
44354
19337
1214
18934
37100
37212
34072
12781
12615
55003
3293
15589
14966
13593
59093
53136
38726
26059
44528
56318
15138
18305
40924
34550
29039
46700
27692
51919
819
19089
38693
24298
13854
22806
15938
52023
28462
17923
44556
1820
26758
44242
26343
58554
40729
58499
3964
7358
25928
17388
36115
58910
599
58911
22813
43031
11591
24162
47455
36110
835
41427
22641
21324
29151
39177
35282
2621
54972
114
56136
54350
19494
50656
36629
14535
46441
3506
1854
15759
24971
54908
46389
19125
6580
59032
40236
21448
4550
14763
36952
44581
50243
12738
18335
44389
57075
50670
44663
59000
42083
48577
23982
44241
35844
12543
11947
55037
18043
19201
54100
26829
25671
22917
37281
54456
11053
48752
17321
1634
35008
28656
10325
44208
5968
22377
38749
55362
51977
24000
12592
5786
4242
22430
36875
21372
43368
11038
30750
27399
186
10252
1662
54102
49231
18231
48321
743
40536
45750
39372
38814
32028
41755
37845
43256
3126
25036
20899
58993
2871
2832
10127
13794
56398
40149
51043
28790
43456
6542
37303
36800
41846
20726
8133
29578
4816
46219
58835
92
36029
52922
54471
5249
17340
59024
30786
1422
1330
19800
17240
28550
14287
41077
22198
26683
26556
22467
57334
8025
13968
45964
59148
32355
1061
12782
29989
1064
37032
47579
44667
39622
51208
25208
1717
20269
1886
29474
27617
33630
6980
36783
18585
8800
153
30665
39104
53060
4155
33431
11027
48838
44621
5523
26016
13629
25663
11520
10238
22270
16340
14066
36768
54552
38850
12518
6431
7575
24131
11018
15552
30113
14137
20712
1215
38481
57623
32229
34493
32901
6568
37246
24853
35612
56637
34033
52937
39660
10918
37522
26004
54470
20589
50203
15181
2400
29170
25405
21273
16888
39573
58922
55720
38338
29505
50803
46578
51457
47244
53881
39714
51395
4017
12582
10929
18678
58292
10232
17177
48770
54338
2693
2113
29272
46484
43045
16345
34348
35100
20742
25346
23051
40058
20486
15720
56503
14393
26353
9021
53100
29074
38647
25197
10932
34223
37025
35370
49671
7451
7366
53164
19988
50778
12924
52542
31326
44777
38362
32236
31702
48660
47337
7153
47159
37091
11802
2703
42776
2369
47473
12295
7749
23801
21089
37452
55159
37532
4028
13503
4464
50544
40837
4121
7248
54641
30425
44190
1835
37047
18338
25899
49941
38571
25751
31251
55341
28704
26369
2201
28658
7675
10515
53033
23546
31400
23974
14259
5143
19141
47066
52553
13620
17168
53401
52443
47313
43421
9576
55586
38371
43750
50461
36714
31019
21388
56041
54287
56444
55748
34391
47011
18795
53819
50549
19835
14015
512
28924
16753
41803
41350
43489
15636
42243
10712
7441
58980
56757
32800
10020
4021
26207
10662
1974
26064
50608
45405
11484
32296
31442
9557
32792
31127
52889
41493
44466
42518
934
52497
20714
54345
30766
7972
33481
24576
15862
44988
28220
14424
36986
46795
6738
43638
35320
56899
34234
54419
704
38483
36696
29573
54272
2699
49215
22091
30642
33347
36383
45120
11230
15645
55941
235
21106
1355
43511
52489
16653
28385
28222
8752
12763
55838
40941
53987
40701
42330
38489
7818
17465
4820
45993
35416
52539
53609
7435
9871
47995
11946
1287
36464
5426
3926
790
38587
12897
3597
2994
19754
14635
42909
7777
14579
34757
35261
57484
18830
43639
18701
18879
32181
21558
46067
11065
52252
1575
166
54465
38590
38950
3860
10403
54931
26354
39608
47408
46047
55976
1733
36026
23760
39166
20047
25171
38581
47426
5169
46981
13278
30349
56864
18520
36562
29320
20407
57814
21855
53278
15571
47293
57487
26709
12378
51174
46540
122
56040
34626
12598
3099
45026
47883
43904
42858
20416
13729
9624
35966
22026
16420
31354
353
29617
18267
13770
44516
43587
5408
36376
30380
39641
29381
39475
6990
30631
1189
5039
401
26378
14709
53769
44769
4848
19497
21491
35301
34256
39036
46928
19933
51868
47188
25372
34505
36649
1219
55375
17272
55763
27816
56110
15235
37123
2800
30965
20074
11563
14248
40376
58795
6654
26058
30666
3545
6718
57822
51794
57287
37472
40681
12466
11558
33213
56611
23566
26112
35641
27421
39000
28255
24734
15605
20987
30595
31659
56193
55735
9962
1116
23072
49291
33591
46541
26500
24644
5396
30409
41942
41057
27228
36059
42839
35175
20839
34758
9304
24387
23900
11208
41434
23382
15420
27444
19314
42957
40610
243
37478
31465
18964
31929
52625
34247
47039
33361
36176
14345
39232
29401
48282
15502
52611
1844
44047
58845
52715
6365
8619
27240
31004
31738
51278
26939
49520
50065
28409
37079
39655
46146
53954
50268
51126
53259
39708
27823
56723
55533
4006
8054
27493
55560
46615
653
49399
30737
19305
54231
40868
18438
25025
1226
51605
2742
46467
17058
20765
13890
55178
5290
19793
11007
1247
26740
22891
9315
23971
4661
30733
22838
31545
24275
1225
36993
1670
24383
38427
58337
8731
56012
4009
34099
37218
16063
9091
58602
3256
2443
49
45834
12835
12380
12812
9684
35420
22258
45446
26007
43666
26511
25461
43980
26102
43253
36680
41955
19650
5460
36818
33752
21104
38756
47469
36598
39872
6810
46073
3306
27438
43869
46977
38654
19403
32289
46064
730
23831
41166
31238
7059
16927
36178
43545
30902
27569
43281
30716
46231
15308
49565
55281
46165
33475
32843
4285
6385
1329
2599
28461
39349
54049
53117
33506
54827
48633
9
42530
52879
22739
6370
6645
33801
41205
17460
43207
15929
46108
26614
17608
24920
55675
36325
38447
46196
38802
15109
49459
14423
47365
16323
12304
19172
59003
13680
29012
5193
12292
20308
40366
32082
37243
29839
55570
50854
30164
47904
30197
34916
46662
4474
385
39146
2088
1210
25005
17556
23779
50303
56321
57138
24427
32719
44081
14221
25560
25813
20616
36989
27303
41930
56622
21832
34141
3760
44560
17126
38825
10567
44411
54924
5514
49159
7802
57352
48060
55948
1019
320
12943
28633
24539
37360
12602
24671
37969
47285
38659
14956
51964
1242
21836
47836
5323
25214
51256
21363
49937
22879
3922
51381
13225
1167
40486
46314
39689
41816
51059
46944
7133
41132
20218
4127
11402
42177
12273
50213
43815
47353
2558
43939
9754
44619
50092
53634
4834
28478
10356
29972
57951
50216
2991
39460
54577
16202
41
15230
53758
43103
52642
21073
51038
8121
53716
10641
51359
5196
58842
30811
31408
13360
35980
3614
543
5492
27072
29990
53349
54976
15079
24531
53036
22147
20251
47478
36787
10231
31881
53544
9884
33780
11207
25408
956
18898
7357
5765
16550
41949
5470
14053
2683
52063
36549
34494
41693
53354
54296
23977
13328
42697
11339
1782
41629
55714
22472
54691
13736
6005
24411
34664
16412
21752
5931
52452
7376
50911
48588
44013
30757
36061
55569
29939
47001
18659
17402
44032
9392
55411
26868
54749
29740
36491
11360
53690
28157
24436
46890
26528
53945
15736
1233
54118
52872
52370
68
52673
11120
22492
52667
57176
4378
55580
8454
18665
51344
21094
5509
55997
40133
25581
28319
21431
47553
2538
20918
45434
29689
52645
56056
29925
10036
50214
28421
33607
25987
144
4014
36347
9567
34401
25282
2551
38299
17760
17781
53673
14213
16413
47053
22393
30005
39675
22153
44700
9829
44548
28207
57133
49654
21107
55782
36392
20944
29159
54078
49492
561
45265
33247
37606
43934
46850
8966
43434
46889
1682
41478
7483
50381
136
36228
48999
1675
22929
14227
5335
31436
38421
56315
39686
40529
52421
33399
54746
59053
3452
20004
15520
42503
13548
35606
27216
13216
49409
26549
7181
23620
42305
21481
54801
47521
44236
11399
565
53757
31783
809
40591
1922
50439
11981
17397
24187
22551
27745
9810
44011
23654
54415
463
51743
23896
51501
50235
37724
15649
52475
18744
44259
49944
50548
9412
49860
9734
29256
2789
5428
18875
40892
56307
54337
55360
18953
55498
44340
14825
45280
57949
31239
1078
2266
49348
20122
40125
44344
19356
15145
26032
41727
53760
18948
56633
54203
7713
5461
13642
49393
4747
41958
19199
43849
303
51398
14125
54657
22803
17342
45615
31625
31432
26022
52925
46422
37352
38391
59039
53525
20607
45801
1960
26423
7523
24235
46147
40608
51494
7339
11957
20115
53552
21540
40301
47346
43480
39028
25659
26081
6515
48450
1384
57738
17823
51748
48998
13700
36503
15814
58511
6338
8304
41794
22014
4325
33095
21459
23130
2936
30527
16351
50977
52033
1263
24553
56027
46368
37339
3863
6907
18606
46920
54060
20081
29922
3606
46015
33727
52526
20874
22455
30463
39625
48840
43406
5986
54437
30050
13602
25866
43891
52194
32199
47382
39533
32959
31649
1239
12853
14487
38423
962
51472
4486
7332
44510
31583
4743
45
26307
40377
10254
35849
53854
20724
53210
35269
18960
7683
58838
56811
49490
27765
43623
40970
8435
55673
45916
7941
11033
35055
12165
12110
27311
764
7211
12097
37107
42086
24258
8466
1369
3646
27263
50308
19531
10556
54048
44679
12818
39007
51350
30468
39175
35178
20139
20988
22503
1363
31603
45020
35712
16018
56053
29680
9485
13205
52218
33205
671
11767
49633
36550
9738
4482
25901
22763
22349
38056
2034
12211
16894
25865
33953
5349
5462
19651
42797
57132
44829
38301
36063
32824
7121
20035
38088
29634
46007
47092
27618
327
44491
26474
45071
7390
29666
44915
46629
13025
58192
30675
2430
49193
47672
8568
9306
3146
35553
46684
35904
14258
15482
51999
20157
13512
15274
6325
24915
27879
20923
3678
15144
52856
20378
18015
31966
44737
3940
34618
14998
1438
58802
33168
33886
41908
28325
53922
11700
14829
37244
33713
43727
19560
39847
26348
11950
36017
2759
2282
26039
25028
39351
21303
44860
10080
47541
23519
49247
47889
19576
1963
18119
23784
627
46346
58707
38308
17624
50890
26208
35417
18747
9109
35767
12005
35082
44181
8021
54915
57707
54697
24367
19548
58662
32211
44917
8212
56202
29028
18487
39505
34675
44090
33232
48432
40264
1877
46626
45179
53030
30769
2894
14891
55915
7745
46750
24047
287
35190
40694
32937
18398
54614
12558
16742
31812
5703
45758
3439
7600
33950
52058
45701
51372
22433
42794
49250
18381
18188
13369
2569
17415
18040
17264
14417
21603
44049
7320
11564
38506
8129
18805
1699
13140
14342
25402
7032
42499
9614
2874
43274
51406
32233
43649
12651
24696
51785
51830
47383
53717
11789
30421
19585
34947
26065
31917
5548
26822
8057
9610
1213
51234
3656
14364
47052
48217
34275
25823
36721
24152
4753
40338
54153
30462
10861
14669
4145
22830
51
3331
3197
18345
19896
1912
23185
51750
18949
13343
48387
43009
27857
15577
55352
16854
26477
18103
5455
45004
55106
47487
21299
6361
40352
14468
12801
30940
4535
47859
21955
53196
32178
18976
35268
29292
54488
51660
25870
12929
58712
15105
57362
26808
54581
19443
11736
56297
56649
18837
51691
40911
41940
34090
20029
6139
35536
21470
19318
34982
20144
8545
49150
5471
16847
9645
52491
41162
11108
4929
27532
9199
37468
31312
18813
14607
18776
54714
2071
4176
10398
59112
36540
31332
44797
58588
33423
42437
762
4134
21124
37564
54573
23029
24109
46683
21883
31252
43831
44426
25626
48172
7231
18708
24249
937
44347
42457
9042
57602
22942
53977
28058
51071
27173
15977
58512
55558
36480
53633
11366
46942
29004
4001
48406
12705
35778
5651
42348
22316
39408
51095
9575
58924
14375
10146
23341
40139
18886
55387
52498
31041
3401
37298
55965
9683
10747
34998
6533
57849
26104
53375
37857
5463
941
21905
48545
46138
56631
50228
21733
19467
51946
43746
17366
18709
49560
52545
56108
32111
968
11575
40269
56620
30359
51759
41207
46242
37067
18059
56888
57349
6340
51864
51534
17629
55606
14174
33805
41256
26759
57345
43486
55393
59196
20979
9316
12547
29243
46113
46675
13977
38466
49147
43682
43651
31371
47466
1930
7262
55240
50119
25230
731
25177
27012
52828
39878
15568
14877
24527
165
3097
39070
6152
2393
19829
37693
18261
17234
36951
13858
6293
5754
23440
14592
1669
12069
45101
2870
40046
46490
11612
50607
4120
1013
57818
1695
51882
47712
13217
22841
45757
6230
29375
46635
40969
48611
35475
12498
39341
54322
26909
30759
30142
33954
22404
51500
53239
48480
5763
15776
14525
33360
54451
47118
51405
42595
32164
49222
56227
6778
47979
17085
49280
47751
36949
46905
8401
43846
2773
22081
49330
3121
18575
50903
16908
44888
27203
20867
48648
27075
24081
54401
46503
52893
2487
33079
15928
41726
23320
49127
7088
58936
40899
48205
38805
38355
5341
51258
40127
9990
25251
9133
25752
58839
46724
15167
58740
5478
36495
2029
51196
21874
47551
36179
43158
51061
45651
19361
39107
21715
11856
43080
43501
43579
53989
21166
12915
44947
56644
33363
13122
24657
8382
44470
53802
36677
32205
44552
28557
55267
11912
3565
46003
35110
44471
31117
50227
5749
40545
56010
10269
40242
29625
47215
8369
11875
29075
54903
50454
9840
5419
29791
30606
53229
23698
32294
51460
36826
2895
35847
26069
52926
4448
25683
15318
21213
58078
35443
54629
27206
57026
2125
38106
37011
43345
3098
47977
31257
10074
50953
36129
43521
25868
19874
48705
32404
56741
17737
35170
18528
54868
3265
31778
55940
52544
1826
19165
3163
25027
57488
15702
25558
3954
32656
55118
2327
40096
33284
54548
29907
1109
3619
38130
41485
31154
32463
37796
47067
3214
15535
208
57379
5187
21433
3311
10755
52453
7
44543
7341
22488
26445
45380
46053
25916
20094
38944
33803
4158
6918
38493
31835
25784
31409
58000
34153
41474
3648
52266
50486
38386
20420
25903
33207
1999
54906
39518
34240
27841
54530
20070
35669
18214
2780
47299
36437
29970
30254
49945
52773
15845
6253
32798
11147
13566
5836
39098
12863
19714
21193
30289
49198
51649
52044
2110
36920
22302
29587
47297
38524
9971
49394
54455
20546
28439
21669
41194
25430
19748
26216
51609
51168
18492
4163
36014
26895
47336
39301
43819
20193
48506
40847
679
25373
53792
39650
35204
12106
4135
15488
30962
4201
35803
24982
51734
7504
31934
51073
53873
46082
4944
16958
34065
37291
38585
46869
50433
57013
54971
27198
51045
46610
51257
54773
43560
37930
55552
5847
12537
37590
1416
11896
4676
43261
12150
1083
28605
31423
38759
21887
41812
18804
51642
47256
47986
42254
15254
29223
44664
32376
56629
28401
52947
18988
54077
54725
21400
44390
58690
49571
22868
46176
38618
2933
10901
15794
10950
3785
3610
1678
44504
21224
17475
11281
35687
21092
54408
5564
45796
55987
16692
21086
16398
13235
40106
27063
18519
51343
57326
18586
8577
32726
242
35970
22351
54497
53798
27535
45435
40012
38564
34051
3329
28113
30613
55247
45540
8907
7927
6681
18583
58671
41948
42756
46046
40122
8476
3185
13609
53653
3327
39646
14931
44026
54675
54448
1702
41559
55847
43280
27620
13209
27896
26476
4878
56070
43157
38415
2636
50538
42357
55918
1025
8998
51654
20180
28501
32208
50826
19012
22017
44810
29276
27078
3705
22807
26092
40062
51776
696
7342
55031
32569
691
31341
21161
24708
11076
44312
22029
44107
44468
27852
9327
3528
38482
36984
54407
19934
29294
54986
32190
54757
11409
36914
41660
50256
37730
35697
42075
25418
34233
6427
207
18065
55589
40555
3530
48250
57342
42476
40906
36096
16624
25532
12806
49437
26572
22159
26776
2919
27540
44467
41512
4337
21338
51042
26643
30362
4506
47334
42165
36838
32170
4567
34475
25779
27076
38202
26441
53696
40451
29024
39726
7009
16665
28692
57189
45335
6162
6854
50919
27168
12546
28374
9887
44821
5380
30314
20422
15587
42688
12259
51227
30807
26567
30288
6000
24520
49059
42001
52436
24486
50980
34022
46499
34217
11743
1414
2576
56127
55108
13174
34981
46087
50183
3149
43479
16469
20981
11861
22939
6559
10640
48134
44657
16381
36716
55263
40401
39395
31910
38430
47414
13246
29530
39209
30020
43057
46789
44291
54367
57293
42079
57152
35528
205
8989
30390
44520
4190
15694
7325
3356
26044
5735
11901
2818
24518
57945
56758
55701
40872
41636
55760
37614
18240
12217
39548
57773
1301
20040
2926
53189
55700
54739
28089
37416
4111
47483
46814
48427
21028
42801
25531
9602
6577
30992
13650
55999
56851
22364
19574
11466
19294
25128
22504
10370
9117
30853
12131
2882
17318
33070
49658
58916
30764
31737
50579
46114
6499
39992
46515
46822
10588
53739
40277
50867
34388
47344
6491
8437
18429
46051
31050
35838
31030
13053
10965
44493
47018
8099
18796
18091
35155
33948
34792
6121
46151
20980
22050
7947
15481
40123
30009
11159
1677
25785
24183
44185
54104
44451
14312
33642
58867
45473
44703
28592
51670
35234
5552
35777
2853
21451
269
145
59212
21622
5597
22621
34274
53074
56791
26522
38066
44258
56936
44597
35222
48027
36343
3332
56170
11313
34710
11899
53607
55590
20376
53285
23439
22402
22970
49194
15374
30906
7742
7027
32651
43800
51549
35396
58241
35945
253
24315
58147
32373
9755
907
37689
47034
39041
41113
14515
17092
14027
40977
30307
3188
49969
30466
20738
7926
58244
42208
38811
36455
47811
43691
41222
57101
7786
14013
22231
2078
32173
43643
55632
49483
8038
25636
39013
54474
20239
39556
49667
15226
57046
46680
17704
42105
58859
14741
9443
45775
7347
7529
4915
10940
6171
17073
20076
8659
30205
7336
3665
52343
58446
43991
11848
18506
56870
56752
38704
1803
48397
17987
48850
11572
39345
29524
11295
42627
32849
42055
4282
34601
24203
29081
9303
49568
51930
31913
10847
43059
38536
768
20017
30753
38830
34770
48279
20774
16099
34172
38458
11776
42617
9785
2517
50497
48522
8845
20116
32628
39578
40156
12587
