26689
51076
50032
17658
9921
22043
26859
11519
56282
24537
15504
11166
17856
25497
46063
3463
56671
44464
15458
26221
5997
25425
21981
19749
54422
53801
12804
54740
18425
52129
37326
47643
47305
7482
16073
27183
25918
46463
36295
28670
47899
40033
23908
47268
1307
28513
3951
2779
1310
37602
4811
21835
23927
17015
43206
20919
47913
37488
54544
21385
35878
34337
35298
56719
25662
26906
9949
41538
17619
24793
16905
25935
1259
27921
15503
27200
17547
10571
10833
8747
47296
28954
33560
46479
18755
45421
21764
17071
5038
25543
2642
46538
33987
585
27330
27909
46322
50752
27870
34871
29206
17308
55013
55469
58691
5425
19137
24426
35260
49415
24108
11220
28880
16532
22001
16802
34312
14310
1327
16570
20810
1472
39005
17836
10110
10547
18282
676
24929
18409
29056
28586
36890
42280
11557
35426
55059
26559
36454
14647
9858
20924
55340
44454
24794
27641
37664
55284
15872
42915
7386
53908
20883
55727
25351
39974
52041
26066
34347
16954
54564
4961
48494
23239
48756
10118
5604
55311
7235
36245
46412
33865
39799
27207
15617
56436
55232
40131
100
54214
16480
8585
47891
893
39023
55917
28731
1144
44533
45867
1375
42912
55151
55014
44203
45554
27985
5748
26924
21700
54131
44910
20022
11205
22388
56807
4723
33618
19864
55769
23692
31867
51958
29214
24096
639
19096
3554
5491
46172
53747
15847
28621
6381
9577
27083
15627
24999
4978
1680
53714
34293
39637
16654
56305
10416
5005
25455
20892
1261
46429
17810
16533
44442
44460
20769
58246
48050
23736
15876
20834
55892
24208
21419
4953
59143
17414
25941
13709
54438
53774
54080
51580
43850
36806
13331
33789
25301
20930
53988
54695
54087
21867
31496
47161
10394
53224
21990
29838
38728
6029
35288
38245
58746
38959
8972
17195
52555
45455
4256
16926
26356
47094
4453
32712
17145
39989
34705
15214
39144
42575
32317
36405
21512
53741
18966
20021
36760
26020
4458
25305
56265
1315
609
16961
48602
3620
21266
17628
53222
27906
28179
55415
28209
55525
14898
37565
20675
5357
40676
38924
1212
39283
16427
24538
52100
49406
19746
12595
25673
11846
35457
19723
3002
52294
44061
21786
1339
27440
23515
11622
40245
54841
39953
43265
37780
35180
8706
9531
18971
38394
25654
10467
2478
54823
3650
43570
46699
21439
18384
20360
5896
46364
21262
17193
19950
20482
58532
5545
40816
5853
46425
19842
57117
28813
56744
4037
46528
47040
43172
16939
41761
39369
42997
53272
47060
36509
27704
58143
5992
21098
26083
38549
36545
54383
49753
3263
46156
21132
27101
51747
25069
47598
49841
35472
34307
18402
22950
20994
20767
24403
11973
16561
3592
18027
25487
17000
53764
19687
44277
51052
54667
15434
44115
7837
14067
16843
28553
52971
54607
15411
17284
5025
36823
37351
2960
55764
4523
43588
57723
3496
55985
6605
52695
55040
50390
42100
26925
54036
8575
46132
560
1624
37363
28997
28524
39334
50627
27952
58071
8793
21770
8622
38868
5497
46340
15486
53093
11196
52027
56988
27740
8404
30492
19390
23804
40237
48678
1240
21049
1205
39009
16177
36954
20043
46779
57236
2964
55357
1686
22046
15266
42022
53713
971
48462
29234
5912
9212
52367
46571
58023
54103
40659
1311
2954
8417
20210
13795
47620
33818
56039
16701
3258
34318
24704
26301
22164
42121
34764
25385
55285
34213
16306
35853
1258
33875
23241
2908
44050
48306
40297
39735
18789
25642
36889
22994
26926
4264
53948
21294
36935
732
2829
35101
28514
53746
13630
47059
14284
19772
16364
7163
28901
35167
649
7017
15294
10351
36411
1303
22249
49807
58355
27664
50956
35737
39688
54284
44517
29227
33542
26339
33131
20195
32266
43797
25085
40413
44684
21319
36457
43437
41810
57492
26091
3840
18734
8956
47537
27990
36102
36255
50961
22345
24959
20800
53823
56985
23362
28541
5008
28712
34272
44154
48386
34676
35162
50597
21880
55493
18072
8123
31455
50939
4927
7736
20696
24856
16976
42505
21202
39452
24262
10213
36600
57523
23131
30110
55789
15887
19329
5756
17181
19108
3115
23581
29197
51550
4298
55266
1018
25485
10265
49189
27949
134
48424
4437
55537
44854
35196
13058
29114
50026
2914
3935
44494
44037
34892
4956
15802
44070
16609
30406
42093
57149
29681
29035
174
46395
1346
48440
56491
20754
24732
4918
43124
24701
56754
27043
5685
59077
1714
9561
43151
25515
40299
11462
54426
27577
27340
25444
26115
20803
37408
47481
46510
21440
8697
20597
37620
38343
26074
26810
37584
36200
39145
50796
36188
540
38632
26922
56292
20345
44521
54590
25360
6386
9586
9116
37420
44753
53188
49218
23817
42065
43350
22661
7830
37405
50402
44282
44413
54540
39360
4295
22319
2760
47073
11167
11227
5043
26362
37571
50776
39633
52184
40876
47075
37072
34378
5382
4868
52448
50178
39373
46098
14123
45595
36260
55011
20561
4534
36961
9880
25854
36743
39173
36424
26814
10828
19823
23910
10724
5529
43257
41909
40324
43567
39248
35172
47413
35955
34716
53094
2902
15217
32334
23123
48968
20008
45728
21380
16299
45472
25420
44598
19520
11078
10666
45376
10647
7113
45966
26927
37967
22261
57793
17663
39179
16660
19578
1248
37717
34135
21977
52702
53550
41854
3645
21999
32965
1326
16594
43646
36814
5418
54685
56769
33521
27552
19380
26332
1015
11331
5532
47610
50624
32540
6601
26254
36778
25716
47036
48548
21178
20600
41082
43118
19771
40232
41713
32107
11218
23707
4404
56795
55443
42217
21978
56903
45521
12926
47645
17003
28378
19131
10069
44577
26316
44289
42406
27652
16457
12193
19291
28436
49255
24745
55189
55209
36832
55938
26200
15387
22814
45590
27371
42237
35688
994
12450
7052
53173
964
24032
55205
26406
38480
35497
10180
4925
47754
19346
5502
3062
19537
48658
22997
23979
36898
46597
17665
47607
34828
54870
28254
26225
39435
39380
26264
35189
34377
33532
28519
11158
17840
18307
28987
15703
44301
33911
52760
44004
662
632
51156
27049
21188
20499
34679
19944
17795
47405
39507
27557
6881
56061
40075
5527
20928
43088
39700
3596
45556
53141
5511
16663
26873
23819
4151
35809
45126
8367
17206
6228
40005
16041
16542
55767
37008
37882
25363
34251
37267
14344
39336
41413
26368
20739
21695
21809
26118
54678
15745
16722
34322
34795
50058
55851
24231
20897
10759
55166
21394
28189
35247
46238
38351
10526
41015
45574
34556
20258
53846
42449
7999
35209
43142
52900
44627
38251
26169
9878
5918
56755
21401
28587
36871
5012
30477
26905
22073
24935
29637
50658
40088
36301
21807
8796
32742
50655
54434
1230
27520
41421
54856
55291
57044
56366
27947
2923
39541
48566
35563
26287
39971
57370
43244
49335
52577
25101
48517
39632
27886
58616
43887
27227
56130
27450
27395
6125
44427
17546
16583
47286
24006
12426
2930
27327
51723
30708
48255
42063
33981
47314
1000
32243
17332
20869
11966
35732
49160
10301
7488
20896
34208
40195
35285
31699
44729
1344
28629
28474
18748
54270
1249
9107
54307
57539
41172
25427
35642
16011
1255
16548
16307
55954
25715
1084
19369
46523
48074
58705
6213
18985
11152
15964
23468
4962
28251
27959
34395
23996
22202
24817
54259
19739
58145
2947
29628
22237
27655
17358
50672
50341
53265
19833
44186
25647
7105
16181
25122
16862
3693
13005
1324
19000
5903
57725
22196
7060
23992
57997
4921
13894
17232
54185
38055
26271
16408
24988
22115
17565
14301
1278
24517
44339
46170
37117
36681
31397
48040
24467
9592
39033
16500
27889
48113
13372
54053
2982
36881
28316
26229
37004
19741
44058
50988
39665
21033
44421
28517
49497
42106
42074
55337
52036
36351
32832
14656
50547
16197
15161
58648
11608
13694
52201
1208
53940
36318
17757
20456
1306
12113
19605
26319
16026
17221
2210
56298
19579
16357
55339
35981
16774
39422
36323
54297
47695
35376
15613
35230
46378
48084
48317
11766
16746
15234
25517
50712
46585
19317
25806
39950
21168
54711
20655
53509
53223
15932
27506
15457
16433
12048
4942
13507
35150
54549
55697
25023
39396
34277
17456
55664
25426
31005
12565
10726
23818
33505
21315
53904
29050
24505
16562
1079
47031
26010
40677
25285
50985
40118
24374
1297
10151
21101
46295
28210
22378
52043
45589
11894
41436
53855
18293
44067
38348
47657
57089
26299
21001
50059
18790
23385
48709
44802
34064
6220
40256
46264
20255
51281
54545
30489
32360
59133
42148
55826
24649
22244
24128
41588
14317
13136
3604
54114
11221
19350
25213
40287
52042
11112
49575
15936
20427
58587
2620
56294
37838
23445
38717
55111
53709
23856
39554
45563
26106
48436
6409
575
26401
37040
1282
47006
28559
41821
35978
27107
41776
25276
21862
50676
42265
2935
20169
51003
2989
57104
55265
54035
20429
25666
20349
1290
53330
16933
4170
30350
26447
23447
908
12819
4968
53775
39362
45653
2973
54378
10860
55791
57749
19371
29154
51390
46465
10703
23822
48470
16281
42698
24480
36504
46396
54410
13421
1122
9462
36919
14572
45873
21067
39770
26164
50238
39167
39355
50537
55233
34241
16727
26152
25012
1216
19688
54960
55079
2782
27000
28961
17052
11534
38051
46326
58142
24622
4985
46561
47304
21967
35979
13499
5788
12969
40296
22312
1743
2976
53549
19248
40089
20167
26744
26461
16734
4067
20729
52859
28339
13324
33975
21039
38929
34787
124
56390
15556
42193
10201
58144
16518
18126
11215
50948
59084
1353
26295
55557
36729
48311
42898
1365
22238
48408
26018
45665
28955
5798
34273
28458
54447
43348
9931
21145
1298
50346
45541
18203
16384
51568
4459
26025
39366
6862
46996
5498
36809
13335
56497
21020
46400
5284
40298
27088
54353
214
6348
42107
6143
13595
57902
34829
18408
15052
4708
674
1659
50982
35252
54957
26108
19721
53862
57154
25178
54122
5886
52185
19953
16075
45575
54412
26847
16897
35211
20642
35587
20821
27658
39628
903
49422
55609
16328
22102
42043
56091
2424
2955
19655
18780
57032
47633
51314
25061
20203
20108
17099
12207
54595
28564
39671
31441
55811
22052
27249
25483
35454
12257
15680
14742
26741
39394
36302
15515
28228
40856
59189
19409
46620
54492
20262
54658
35350
1777
16693
27047
37939
8515
25708
27413
54213
10417
44825
20404
45200
15237
55921
39082
23841
5501
23871
33117
10713
9203
1595
1257
40822
33278
26324
46716
20865
20213
56761
14673
49934
50121
19924
35315
27917
22341
34279
9551
47010
26285
36866
45476
32661
16363
36401
51368
26304
20030
21227
15723
41091
5476
53708
12605
57967
36206
48275
26329
25649
51340
1806
26787
199
2774
20015
10134
19810
8554
55264
55945
57314
21406
18722
57770
20829
41702
42504
27120
28176
54729
54869
24461
22208
35664
47025
4852
17550
36022
11202
991
37616
6156
15639
27903
27060
26637
17610
11249
10168
28928
25366
21247
54975
8802
3914
58434
39027
17537
54978
25453
36822
47649
30509
44455
27529
41415
37436
44501
4441
16822
784
27033
27418
37837
17080
10669
13333
21873
596
32203
40112
1389
34791
50551
17611
20276
15271
15513
27217
55066
48170
18434
36474
25641
16057
28825
42064
34944
59002
54547
58002
28644
20942
54204
27379
23622
40070
9961
53526
34304
49826
21349
18386
25990
13468
14164
47258
35357
27441
20583
28334
11840
23357
26836
46687
55390
46135
13850
10385
30241
39636
41233
37404
13364
27007
50824
5646
1424
23453
10218
25982
1316
42212
1471
38195
23363
36023
42619
18291
9615
15421
16305
21891
19765
18025
15382
55145
6165
9126
27270
18050
20479
5041
24785
15915
26761
16038
3777
1294
54384
10477
1901
35794
16919
17575
11223
54917
37131
54152
15731
34431
12432
39156
2406
36338
26715
1235
39568
42419
50994
27651
42048
53700
17436
23323
22845
15447
32759
54561
25668
652
49792
15470
766
52878
29204
53812
1314
43564
35140
54610
24420
39421
18187
57380
21984
17811
7217
4157
39733
45294
47213
56111
22366
23512
34762
8636
17203
35194
7986
29258
49499
6044
12725
21184
36727
26070
18412
48750
19659
5983
15624
52680
24877
35628
46516
34772
48225
1749
26817
36847
47049
22082
54030
3088
41012
22412
36878
12039
2717
27545
27145
47589
20176
13108
20418
21305
53729
47322
22028
39288
42775
46408
5988
25875
56667
6749
50601
53209
27066
796
8876
30473
36895
8187
55620
34323
8721
15991
53925
24484
21286
23679
27082
53085
15293
28165
34796
49388
6958
910
36883
17125
59157
17150
42259
46776
20207
3285
38261
28148
40300
53884
15324
8441
18364
32720
45961
52417
37517
48503
53742
5506
34738
10350
53848
15874
56287
39337
297
49225
17249
33371
47267
2105
41266
24564
10143
14052
36990
21096
40673
4947
51162
27003
33229
54930
15159
20310
47817
25635
36876
48539
4144
1245
25053
8109
24112
55165
12503
42881
19726
22867
35272
8999
8144
9359
52062
26928
45967
47254
34692
27096
46452
49668
36943
47833
21871
19420
47237
920
13044
29507
19622
3001
26349
34236
46447
53767
16638
46369
42029
54731
52071
36393
56718
12569
50172
57546
22085
41102
46952
1252
20415
34861
500
7885
26014
20209
12612
23741
29671
28601
16092
54095
1292
26995
1224
40578
8530
50564
19254
17403
1260
35917
56291
35796
22331
55567
36942
34263
57545
58463
36959
45925
47013
54510
55861
51114
23745
41604
25710
3776
26220
6649
44600
47818
24978
37785
40920
27298
1071
48414
42809
4910
21162
26110
40894
44292
36874
13429
34225
9100
46075
54475
44053
12649
24344
24358
56109
16375
50279
12704
34739
14598
27474
16615
25032
11971
52786
10657
55979
14289
29157
4512
55242
41244
54381
33622
22983
56008
17620
18945
28740
28036
47503
56120
17401
21857
47406
22298
53957
3046
53487
18766
36315
11633
15806
15386
39333
47595
45339
20960
34287
24766
21060
51727
46549
29019
58373
37413
27987
37100
12781
12615
3293
59093
26059
44528
18305
29039
46700
819
24298
52023
28462
1820
26758
26343
3964
17388
36115
599
43031
11591
39177
35282
54972
54350
50656
54908
19125
44581
50243
57075
42083
55037
25671
11053
35008
51977
5786
4242
36875
27399
186
54102
39372
2832
13794
56398
40149
36800
41846
58835
17340
1422
1330
17240
45964
12782
37032
47579
1717
27617
33630
36783
11027
5523
26016
25663
10238
16340
36768
54552
24131
1215
32229
26004
54470
2400
25405
16888
39573
50803
51457
39714
4017
18678
10232
48770
29272
16345
25346
23051
15720
56503
26353
34223
7366
53164
19988
37091
42776
37452
50544
4121
7248
54641
37047
18338
49941
55341
26369
28658
23546
19141
47066
55586
50461
47011
53819
50549
19835
16753
10712
10020
26207
10662
26064
32296
52889
41493
44466
42518
30766
7972
24576
15862
36986
35320
34234
54272
36383
11230
235
21106
1355
28222
12763
53987
7818
1287
3926
790
12897
2994
42909
34757
38950
10403
54931
26354
39608
39166
25171
57814
47293
26709
46540
56040
34626
3099
35966
31354
13770
44516
39475
5039
26378
21491
34256
39036
25372
1219
55375
55763
56110
15235
37123
26058
6718
57287
37472
40681
11558
26112
35641
27421
28255
24734
56193
1116
49291
24644
5396
36059
34758
24387
23900
11208
23382
19314
34247
47039
48282
44047
26939
49520
28409
37079
46146
53954
27823
55533
27493
49399
19305
54231
46467
55178
19793
1247
26740
22891
4661
1225
36993
1670
8731
22258
45446
26007
26511
25461
26102
36818
21104
3306
19403
32289
46064
23831
41166
16927
36178
43545
27569
49565
55281
1329
28461
54049
33506
52879
26614
17608
12304
59003
29012
40366
32082
1210
25005
44081
25813
36989
27303
34141
17126
54924
5514
28633
24539
12602
37969
51964
1242
39689
41132
4127
12273
50092
53634
2991
54577
41
53758
43103
21073
51038
10641
51359
13360
35980
543
27072
54976
53544
11207
25408
7357
5765
5470
52063
34494
23977
54691
34664
36061
44032
26868
54749
53690
24436
15736
54118
52872
52370
22492
21431
20918
28421
36347
38299
47053
28207
21107
54078
37606
8966
1682
50381
48999
15520
27216
42305
54801
53757
809
40591
50439
9810
44011
54415
37724
18875
45280
44344
19356
15145
26032
56633
7713
5461
51398
14125
45615
26022
52925
24235
46147
40301
39028
25659
17823
13700
15814
50977
52033
1263
56027
46368
6907
54060
46015
52526
20874
5986
54437
52194
39533
31649
1239
7332
4743
26307
35849
53854
11033
35055
27311
764
42086
3646
27263
54048
39007
16018
9485
52218
33205
671
11767
4482
38056
16894
19651
42797
57132
20035
38088
27618
44915
3146
14258
15482
51999
13512
15274
27879
3678
31966
14998
1438
33168
33886
26348
26039
39351
47889
46346
26208
54915
57707
54697
39505
34675
40264
1877
53030
2894
55915
40694
18398
7600
52058
18188
13369
21603
44049
7320
25402
42499
32233
53717
11789
30421
19585
26065
5548
26822
9610
47052
34275
54153
10861
4145
18345
19896
13343
55106
47487
12801
53196
29292
25870
26808
54581
11736
56297
56649
41940
35536
34982
20144
16847
11108
4929
9199
18776
54714
2071
37564
54573
44426
24249
937
42457
51071
15977
12705
39408
55965
34998
26104
50228
51946
18709
52545
37067
17629
26759
55393
59196
24527
165
3097
2393
19829
17234
5754
40046
46490
1013
57818
51882
13217
46635
48611
39341
30759
51500
53239
36949
2773
3121
16908
27203
20867
48648
27075
41726
23320
7088
5341
46724
15167
36179
19361
39107
43501
12915
44947
24657
55267
40242
47215
11875
9840
53229
32294
36826
2895
35847
26069
15318
21213
58078
35443
27206
37011
31257
50953
36129
25868
32404
56741
54868
52544
15702
25558
55118
40096
54548
47067
208
57379
3311
46053
41474
54906
34240
27841
54530
36437
52773
15845
11147
39098
49198
52044
36920
20546
41194
25430
19748
26216
4163
36014
26895
679
53792
35204
15488
4201
35803
4944
27198
54773
1083
28605
31423
47256
42254
15254
18988
54725
58690
15794
3785
17475
16398
27063
27535
55247
6681
41948
39646
54675
54448
50538
28501
32208
27078
3705
26092
55031
21161
24708
11076
44107
36984
19934
29294
54757
36914
37730
35697
42075
25418
34233
18065
3530
48250
36096
16624
49437
26776
2919
27540
44467
41512
4337
36838
27076
38202
53696
39726
28692
27168
28374
44821
12259
26567
6000
24520
42001
24486
50980
46499
34217
56127
10640
40401
39395
39209
46789
54367
57293
42079
57152
35528
8989
30390
4190
15694
26044
24518
56758
55701
41636
1301
2926
55700
54739
46814
21028
13650
55999
56851
22364
11466
25128
12131
2882
33070
58916
50579
46515
53739
40277
47018
34792
6121
15481
40123
30009
54104
44451
45473
28592
35234
5597
34274
56791
38066
56936
35222
20376
22970
35945
58147
37689
47034
39041
14027
40977
30466
7926
58244
42208
47811
57101
25636
57046
46680
42105
4915
17073
7336
11848
11572
39345
11295
42627
42055
51930
43059
34770
2517
39578
