55742
23088
19366
37872
21738
9045
12475
49967
10815
22567
4423
56660
17155
40386
12786
22659
47109
58846
55891
28958
8379
48497
11731
46640
14720
3167
4269
24044
55441
14500
24160
10652
58431
11259
10433
7432
55796
55329
13303
21327
11655
12906
4382
55038
48692
20532
7533
47602
2138
7024
45131
42147
13561
42361
56088
32511
57341
18561
48212
18449
44140
29030
47047
3400
57108
30538
33849
1970
53081
34754
31430
5771
20089
30652
58756
3598
40216
7229
10312
27019
31797
11288
48381
3682
54196
54295
25955
44865
12484
53842
29247
19208
10902
51419
2375
40489
11645
51608
55457
39528
14914
30698
2278
3117
31255
50107
48841
6376
55989
6423
33569
22935
24180
31382
55809
36481
50020
58544
17983
44063
32599
21579
37450
55937
27907
46622
37250
39535
363
29727
56595
38616
781
43937
38539
37805
31254
49205
13500
6833
9450
950
48388
46094
43522
40410
16680
1082
22594
31920
32653
44400
31914
31521
594
1795
15622
957
31215
613
26523
3122
21140
20436
7301
59019
43055
54292
11300
32246
22069
46225
49037
34163
20237
43070
48326
4564
29621
23593
45469
38818
22753
21182
12127
35422
25619
1033
43706
9918
41006
43910
34209
46941
25734
24283
21337
50195
26218
1119
54037
9717
19928
53997
26150
20018
57141
53134
2331
44308
48627
55835
25767
424
10012
25004
22874
51069
22461
46743
32975
51012
54059
49455
20527
34470
42285
35181
4072
16978
12789
1364
56627
12996
9473
53810
12031
10226
13869
349
52471
24290
48966
39280
55975
21206
24269
46313
46470
2335
51648
11316
38126
18105
49625
45989
34996
40235
30210
12133
24191
23755
43477
34501
34953
8906
18733
651
55743
30636
33939
15985
57736
55699
1351
55947
371
7166
42533
36695
48146
9039
6447
21681
45134
25259
3544
45301
14255
55452
7194
6586
20659
2255
40572
59190
29342
40346
53131
52160
6093
25885
14678
21780
41284
725
52241
22004
58624
51442
47381
26492
34779
31190
22946
52230
20164
17921
54604
1701
21725
12149
38577
52454
51890
37133
5391
2811
56688
24157
28990
34097
33867
3384
26701
12522
26063
55551
32927
40528
16086
38457
5844
38349
29158
14551
29747
1503
25008
6776
39072
38522
55876
7299
55881
4715
37073
33912
54888
6141
530
3921
40745
36035
50844
13724
4592
55096
1428
52992
17989
12181
23628
28386
38641
37604
18109
32145
46112
5544
28417
14748
12437
51133
31410
2350
39205
52409
5500
39574
32102
51330
44813
52868
1305
55968
35197
4701
44831
39818
44479
51176
40817
16147
33071
2165
47861
27965
50283
48370
53890
36739
21571
49323
59083
38559
51055
41539
8823
53623
54768
39918
14211
23433
22411
47567
24711
4706
59180
16100
6496
32618
13289
30493
4010
30202
31845
50113
9272
49015
47171
56834
43952
13172
20996
49600
32996
15614
37648
47448
33495
49549
38554
8432
18044
26415
48738
18621
24503
24841
44335
55717
6585
4969
55434
23714
5459
19071
36300
55626
7212
47242
21572
3686
6514
7729
38816
8684
53893
29475
4997
43916
20545
53898
44294
21093
28507
3457
33149
26122
20158
6311
58076
35681
28465
32284
5054
47310
23652
43572
550
18324
23533
46241
30629
49532
51592
1074
23321
9948
13011
44758
53827
33633
22819
53565
4687
32903
44356
59194
29260
43758
11025
11320
57629
16359
11264
35684
18494
40955
52823
38503
19571
55049
38452
51607
53834
38024
29103
1817
24009
47283
22475
21736
38690
43565
35786
46624
38729
38990
4478
54351
46870
18597
58824
41915
56764
6748
55466
46239
57489
20832
23324
30554
48064
31386
30480
3025
17561
38897
40078
22146
50866
7725
21465
41165
48910
55698
32029
29833
5442
455
983
30342
16531
52552
29422
25046
50210
37170
3880
7970
29466
8971
31788
12164
18883
48826
55828
44387
55062
57740
35557
39640
40303
40957
54520
7744
47956
32286
30065
11318
44035
45136
46211
53456
23079
28889
55864
45808
435
36555
50093
6439
23281
39611
16702
37548
29153
38853
54449
17854
22438
50171
12678
15958
30053
37697
51693
20245
29803
10566
33606
7835
22825
43577
56892
38941
522
21150
20053
3998
32016
33741
21260
24095
8826
29499
54512
25766
38702
13845
54293
14260
32008
6116
52804
17788
42053
34636
55361
7187
41045
33736
57281
14527
23881
34514
9380
30309
46227
38323
33959
46898
44889
1014
46491
47725
57005
2483
19919
30692
47510
41806
30427
48572
6117
14212
18828
53919
23020
12878
39018
9048
8170
40525
26418
39603
26696
49496
11391
56077
37662
32750
39124
10942
37656
10579
8125
3360
37513
38494
37990
51915
21420
54283
31749
54875
34014
22219
22409
15468
2579
29596
2115
32092
53469
372
40196
53791
40512
30105
44336
49609
42371
34823
33708
31746
38424
55115
39010
8439
51721
53845
55960
51243
57302
53688
4795
10740
33337
30654
55593
32483
330
45838
21845
8951
22279
1063
47737
6537
44862
49424
52211
12442
19981
13484
52775
4013
27322
960
38700
46754
5258
46048
51611
37657
9715
11664
49465
17897
15368
44819
28581
51248
53242
31253
20725
6539
39157
9267
44099
1748
29648
55825
37258
22340
25215
12086
55736
42569
16284
37653
41603
47348
20501
10216
46738
18509
6903
57142
18564
55176
43552
7095
23702
32836
58136
35713
40580
37214
39057
17380
41782
18663
20217
49960
47868
24144
20768
55869
44642
44309
28096
7312
48823
55573
5533
49971
49765
49828
17961
15191
5286
13856
51935
12445
19392
40379
20938
55859
58931
49755
48283
21710
35063
43276
20962
51772
35425
54290
12451
28522
31570
37208
48177
47711
33081
24806
43600
16625
25837
43894
28094
56797
35075
39530
37911
9060
11284
4320
9664
37811
40633
6199
44715
38496
27328
25975
23359
29372
16520
49801
36759
29008
26579
51311
18073
1453
46245
11081
33014
3765
44848
797
9697
15730
17031
34115
29038
47379
12639
17482
43597
10728
18326
23988
21683
11456
3343
56654
52730
20978
52571
21069
52986
9047
31599
11059
48812
46080
37099
46057
19067
44815
58103
30777
19943
53929
24268
59257
22683
20243
43040
36062
35131
42303
1157
9569
31298
39461
58444
26562
2213
20592
15081
14223
58958
43598
22574
41718
35294
30445
26427
19505
6849
47664
27772
31452
21272
22049
3684
13874
1009
53155
50234
20552
739
50287
6113
18260
34031
20771
5022
39386
50099
56750
19487
7148
37931
11922
7447
2355
24213
3333
32601
55028
54606
31314
37306
4904
32594
52378
45504
16416
46759
30709
48753
30815
55836
50605
49100
58869
43774
18788
42958
35797
33635
29670
5390
9942
30867
38049
17474
12356
13282
763
46757
21605
43647
49955
25225
23696
24756
28293
52605
46988
44350
22762
49063
56163
49224
23728
12291
31395
37613
29699
46574
10460
37878
161
31608
58884
33142
14554
18349
2740
56742
36010
52705
4798
52277
30961
1649
58926
58772
58991
41243
7056
4518
18908
35749
1868
13542
38812
48332
55099
44775
34010
32153
36214
49256
815
53664
20102
25939
7287
9982
21704
27406
22200
3361
22848
48467
1788
36181
43627
50128
16600
33567
22932
48262
2000
33754
52167
56965
53091
51942
54883
29926
437
53765
42765
20483
36701
47703
13519
23012
33673
29398
28741
33949
50201
18688
18311
59142
4778
4496
33362
17297
17376
15427
15371
15588
3373
50811
22798
30722
16788
34525
35604
18496
33448
32475
57871
58055
35888
5251
32646
13392
3751
18486
10639
45860
43614
37479
3918
8277
15321
58465
28841
32690
44167
56996
20240
47773
20421
51719
21556
14622
39883
38375
43334
41535
59192
18827
12107
38775
24240
48133
51507
27964
51710
11435
9295
30745
47911
58403
40869
54253
51544
21621
35147
49594
7566
32787
536
29684
36668
8499
48490
38828
36687
52638
37177
22826
49774
37038
20071
39585
3666
44792
21295
29623
38324
52629
14479
39661
22214
46639
56944
22235
57264
13669
1562
25195
8818
46027
40400
39750
32489
42954
55863
33758
30767
35025
54125
20301
15398
12141
5
7699
24432
4894
34430
12183
42274
4066
138
6945
2744
41518
58396
5924
6897
31393
18257
44801
17944
21474
7374
48367
17423
22179
523
18227
3633
37807
50023
26510
4740
11765
51067
5142
53685
46967
3279
20261
57195
27397
5061
50159
14529
44907
10322
58865
37533
39751
20279
17446
14061
34002
34359
4726
24025
39956
20103
6581
53204
52455
29692
15337
54061
14642
21415
33202
14320
770
26813
35708
11583
33809
9536
7724
43817
7134
36196
48977
29411
17906
1543
47132
38353
55397
22440
32047
56346
58630
817
25657
10286
24950
34360
1383
54974
52258
30814
41716
25874
47292
37469
32587
21346
28729
5044
10106
7101
37514
1966
52474
49709
23723
14077
55027
9167
44787
7929
48523
3622
11073
14703
34879
58858
8043
32207
42971
28045
40952
34890
35391
39409
30803
55319
36039
30572
49228
33944
48032
20135
20991
17511
11486
51746
33871
26849
8555
28391
27610
14275
20073
22741
20136
58933
33806
21974
8736
34827
20133
17555
48448
4331
58592
21133
50841
31483
9973
21493
53010
7486
1667
33148
48195
49163
44809
45458
9386
38446
57687
47321
29974
31597
39037
50209
11953
38381
55561
50801
2037
38417
46357
21016
33446
734
170
38372
19766
17499
47362
46733
1812
15006
51616
4728
42853
55874
34517
20995
361
5598
59099
5068
1747
16405
29423
35106
25530
38462
742
31592
55690
32124
51870
38558
34631
6446
6335
29695
21457
54490
47644
35217
30643
1432
49395
31777
9194
7658
274
4965
7300
22759
44377
53794
22347
19069
17395
46188
57733
333
3418
29554
51111
54406
48992
32911
1535
52350
20736
53698
44784
12003
8871
52199
719
16471
34037
43985
6743
50000
40316
36506
1139
2990
7402
41029
31554
35933
11529
1727
6287
58521
37586
4625
23689
17262
30257
4412
24252
56817
19618
1459
30977
31533
52973
26899
11715
7960
52438
58848
84
30735
7646
34672
32477
32880
55672
18699
32435
36470
5644
32375
30796
10883
25599
52530
52304
41457
38765
6001
9149
42934
34492
46431
58489
24050
3363
37770
44661
14239
20026
6984
54889
30553
49390
37199
30619
52782
39774
44584
16006
22320
9176
3479
32202
581
1818
45874
40615
5410
44588
50246
45596
18538
45461
34969
4004
11265
24595
55803
44623
21731
23892
6742
54086
21863
53103
33303
44811
18723
18085
32546
57501
55816
12096
51817
59137
54062
13029
51506
53256
37466
47964
2528
56266
35109
8066
7710
24224
26469
13809
38794
10167
58836
6249
38727
18840
39572
14796
43753
46005
21677
5327
27339
32241
12507
728
35463
41000
32060
56549
44939
46583
31687
54659
17968
32698
44972
47863
34117
22380
45064
8323
7732
30522
21665
38190
28131
44538
37223
341
51799
48246
42342
36000
35757
5312
40006
50240
20500
11022
17938
34080
50145
32437
12936
32231
51520
49990
30678
32415
9841
35337
49866
12917
51604
58095
33047
42353
58987
43738
14785
44278
53479
20747
32046
43076
11006
58777
21389
5516
54221
16626
38445
24155
20471
25922
55320
15771
27721
40436
14355
17591
55642
12128
12357
16547
12589
18826
4426
25000
48843
6650
26512
13728
56941
33667
52758
50043
51773
9500
21350
56810
12144
19918
53252
47099
29715
13145
14269
44449
2361
32446
30671
25907
51808
18470
20010
39814
23666
37359
30467
29070
28641
46900
49366
28054
14817
12338
1997
31561
10672
58803
41867
23378
29001
55456
8461
41533
20197
52486
11372
7505
22236
49021
59009
34755
33111
3905
34365
20100
57134
24229
47288
22785
3404
12231
14815
44701
4068
18579
37000
5109
4138
55612
7399
5568
43268
28489
13284
39485
20286
37782
40540
29841
46799
13870
32642
9993
46475
55964
44024
13175
21021
32732
6816
46579
7183
37834
20880
35893
9233
59259
18624
46367
35352
47843
17144
44537
29964
9231
2170
39003
58738
58850
27678
42339
29891
16455
58570
34786
56857
24814
9419
49745
9726
34988
18775
16596
17578
55542
58009
10903
54980
42299
37346
22413
4257
19936
52416
42031
57325
55604
46943
50328
27706
14188
2801
28907
8272
38368
9704
3416
25592
19834
13759
53050
19646
44119
5342
25730
52897
30860
19449
55107
3060
48821
16885
59106
31376
41520
14868
13940
1204
7556
18327
38331
26739
22383
6304
28499
49566
7792
2704
57292
31020
30180
16537
3539
52425
55406
37302
53213
21090
11297
8934
37274
29023
3459
6978
442
15521
19422
6922
31894
6242
3409
46010
46909
14372
15476
26494
32458
480
3160
47837
49060
49092
15153
29802
52693
34140
1745
58177
1823
29589
4495
7812
19913
23035
18602
55721
46935
50465
27803
9938
58591
12099
11
40308
2121
32682
22761
36158
3822
16853
17091
8836
6819
4316
13915
33611
38911
27523
19090
1004
648
519
15168
27683
36565
49412
13600
43803
46420
54996
45894
2324
549
38456
8338
37129
13903
29805
40581
57692
43924
38304
1411
45923
14627
1515
36762
30450
43112
14216
44361
29470
5575
55817
58471
4274
35694
30743
30705
19631
7002
48704
46398
1199
37819
32332
30101
32143
21082
2250
3889
28026
51537
54626
5510
10318
37283
13299
13919
755
54907
25893
9669
52669
14590
47319
28743
38808
18505
39896
40916
4707
23080
36038
50073
47513
45310
137
1136
55169
40094
21680
42483
9020
42474
2909
22835
34685
44244
27100
43987
47192
44269
50382
46824
7950
29052
37791
5099
39697
30161
57467
16003
5898
18011
49184
12669
22529
45791
53542
452
7269
51925
9096
35232
33976
30593
1182
3460
48481
42946
53377
38127
50229
32623
21251
10086
414
30934
43650
22021
46829
45982
45237
574
2647
49724
58397
11060
51308
51711
7279
2371
24206
29108
9633
49763
52864
51751
36708
31739
28508
30933
47605
29734
43144
36741
34832
3838
19596
11325
45161
8840
35295
48556
51976
41999
37487
5535
5704
40145
37248
36641
32142
41994
44905
36408
2918
32120
30166
31992
49071
10438
51690
1527
15554
54798
53900
23600
46153
11124
54207
3314
572
25904
900
9886
604
26670
1499
31952
31111
31546
39653
12641
46244
15618
36651
7475
42534
22403
40198
54781
27824
51300
20467
18394
18919
9134
31271
7920
48720
31567
41928
25210
3809
21802
46940
29624
58953
4520
44062
52991
16523
30457
33222
55608
35176
23627
20119
18515
17218
22853
11921
25382
44360
26457
47000
820
46794
354
33275
43338
47828
22922
48395
13297
9406
20622
8582
56219
6999
44123
9797
12813
10970
48322
40594
43692
39199
32950
27883
39879
42682
22111
19694
55831
49464
12302
28423
3451
19676
29832
44419
29866
52882
44314
428
7419
47153
28117
58402
31389
47086
53082
4034
31451
22883
3702
34958
9740
32259
3687
16902
46846
41231
58951
32867
31043
706
46861
22308
17984
57901
31773
9004
34133
30907
1007
55728
22863
8330
56596
22757
57618
51332
1732
1985
49235
15204
20127
15600
57267
32321
3517
24148
31505
23
24812
49101
20934
38486
26583
16255
46234
26777
58574
40073
6471
43907
47140
59141
30734
32340
49624
9365
33512
21404
29961
32183
58112
7372
19481
1026
32766
40372
21333
12539
30700
2726
13964
38089
19286
47392
22876
8403
13162
6316
34084
29210
25232
12901
43561
1779
7822
24402
31886
59200
39880
48851
10057
50904
3151
43935
35682
31853
43786
30543
36688
23049
38642
7455
40873
54632
44290
56914
53226
21781
6957
52214
29638
31957
37013
49833
58438
45034
30710
45829
44163
49239
17449
15231
26590
49713
34095
42522
33107
56849
12230
19854
449
58217
32559
47388
18896
43885
6009
37206
49460
39648
56354
26655
40485
39321
39510
37496
31955
20414
32310
5240
20805
1834
49191
2749
56241
49645
16505
1784
22221
33328
24955
48982
39712
8925
52880
6150
2085
38011
28512
10000
42166
5772
7771
25262
20405
9249
10161
1939
34355
2542
19580
22852
10100
4538
37373
41446
5241
8337
48417
29553
44298
40613
18286
53507
35263
52528
23526
38408
16781
8459
31210
46458
56290
19602
17381
49098
22274
56121
6405
31525
45832
51135
51916
52173
31577
2141
40721
11258
128
1211
4455
5549
31201
49300
55643
3961
57215
55436
3660
55949
30048
49251
22869
48256
49164
10249
4543
33346
40259
52622
32012
32106
23670
51435
24974
18220
19745
2137
4860
17483
38485
32381
3627
43984
40992
34688
38655
1711
55602
37144
35193
35077
30747
22967
3125
15918
35705
16612
45133
47407
24084
22547
33827
2748
14494
45450
46362
16072
31018
54693
52559
3874
1612
24267
14679
47342
14350
56706
22352
5980
23264
30721
30861
44620
11582
23674
39056
19697
14410
37192
38188
22682
4536
49644
6261
12588
57022
33243
19004
45481
30846
43740
34017
34674
23155
49346
21548
3631
1186
8026
18004
32617
37830
31169
48085
44160
6067
33842
36642
521
22389
32095
6118
35987
11274
12287
6355
8265
40481
34660
13133
58178
5762
16472
38328
14422
4202
49865
38662
24623
17391
53564
26601
58336
19244
38809
24884
52601
1053
18055
59146
13124
17975
12918
16090
49179
23383
54235
37380
4253
51440
54395
32811
6112
44407
49223
30810
16530
8084
45464
47897
30155
56054
55779
42446
102
35788
25950
3709
2836
18483
45231
46137
11740
30087
43886
45124
8342
38298
45328
10596
33643
45978
14412
46118
46435
6518
34979
20023
53386
11858
53519
7204
16205
7381
56854
56746
10890
4913
3938
51938
34720
58086
508
43254
38076
9643
37193
7207
9099
8506
32262
15995
38928
775
23297
34177
14532
12556
49229
58918
15524
747
47464
49980
44708
42158
13906
56756
52838
9094
12186
25488
49656
49074
32970
2578
37031
1044
25848
47272
18283
38410
46924
46938
40315
17248
56890
38477
56065
23764
19492
44762
30452
44250
25552
40809
31302
5805
20182
50895
57739
53244
36490
6154
13966
18463
198
49587
35265
18301
188
12398
24956
32197
9853
22808
17433
20828
44906
23507
39025
21796
364
38346
49505
10071
36720
53641
47559
52969
40825
20908
49901
12280
54839
55984
7855
11183
37471
38169
4874
34235
43543
37504
20743
17936
44686
22530
42913
3612
21235
7690
41553
8945
106
8918
43102
37444
43384
48464
18815
58934
12196
38361
56310
56090
4705
6790
2917
15098
43557
49796
32770
39378
47542
5769
22947
47554
20187
21416
34025
40622
6218
3892
24830
13040
1776
31194
53183
7892
11430
39459
32902
57048
15592
23976
32429
44323
43594
8828
37127
18559
34570
36734
10603
59089
42171
2515
46123
36263
49035
4276
12262
51192
13706
503
18860
24378
53889
49342
51765
20118
17972
8376
50152
4218
9558
17981
9179
6655
2397
51075
52369
10233
42576
26439
48822
46096
28022
30638
54346
2049
51443
51698
49281
51220
56803
57711
220
57316
44987
14573
42988
32000
55363
48677
54116
44760
9861
47788
38460
251
37732
8923
21852
51610
38316
17866
33255
15211
28078
47203
33691
36659
6780
26440
38473
49559
744
33064
50205
3616
28900
2392
44310
47163
25250
38306
18254
5811
4246
36008
30817
474
12208
47208
43813
9902
19345
15523
7018
56036
22859
24759
25228
14351
10123
49806
47251
48150
48147
51057
28655
13356
46864
30645
24494
49626
45773
25718
30792
25570
44122
44734
21822
33739
23008
1430
28427
29646
23756
44412
31383
39999
33332
18304
8872
37175
30394
53497
31140
3944
58239
6050
718
43213
17969
31079
4030
54463
3136
18499
32295
58011
36916
20993
298
19705
25914
58796
50552
21231
29641
9552
24022
2183
11434
32022
20224
5449
20178
12478
20231
30784
21239
30870
2518
12826
40381
18110
15744
7563
18017
4517
16995
149
47196
6685
13956
45240
6275
48981
47928
29061
55463
14967
11910
14293
31470
6705
27941
36563
37623
21085
56320
41611
26530
35914
1625
10320
3681
49069
51083
15586
58077
33220
57278
59124
1986
31335
37873
6319
36557
55491
53861
31124
58060
27792
31874
22827
18039
32230
21008
54311
49705
18146
24637
27580
30094
1633
40779
54991
19561
50871
54178
28354
5663
9806
44247
38574
39495
27106
32835
10115
26570
1672
14009
32539
47591
45130
35931
51715
5583
46121
7668
42639
7730
58205
48223
11042
37673
56038
55644
13634
56460
50232
40575
12119
48942
5366
56798
31013
58692
50261
28640
33052
37300
10910
55581
273
5526
57439
23085
29007
3535
49814
22508
47230
53789
47884
48939
18175
36670
54457
51181
45432
2024
53047
52660
50319
34622
3336
48547
5578
9594
7606
20812
20706
23095
22720
6691
37253
4616
50187
13109
44675
27126
32691
15574
31088
1742
4837
53105
1056
42998
3393
9702
41556
37165
32180
40251
2395
19082
47450
11634
11180
20936
9995
29020
31160
33023
40720
57705
38841
24848
50469
40734
32468
57365
23970
46726
40336
2489
16392
25245
43889
18767
44929
37191
58146
11012
7809
38383
11956
51936
41076
17344
44991
38997
8032
22644
15309
19324
9667
50858
16490
27486
42678
18423
50916
21323
55548
58719
12036
36648
35936
22272
6383
18369
51709
51261
36538
29686
44919
31464
23757
7156
25192
46102
26804
21152
16406
48090
1959
40806
38675
41531
47729
43620
11900
48515
10185
9055
752
50809
6357
15517
1707
7418
19536
18574
5378
8146
14654
47238
49544
50902
18144
38101
26774
47873
13107
35341
18957
36644
17562
31516
59103
2770
40371
40933
49120
3445
36622
40867
29751
6212
15329
3623
51662
53918
56897
18473
48638
52308
3638
5233
27984
46090
55812
1729
52418
29296
15415
6312
37353
5398
20274
19674
54413
28019
46482
37410
30738
10025
5907
40651
7417
9872
42058
36362
29705
869
40562
44752
21123
43596
33187
30838
53655
11282
32248
48655
38420
20046
29128
49737
13479
36119
16670
13262
24333
55678
34526
45451
38543
21038
8137
45092
5536
11687
8217
40595
21355
29647
30542
52845
41841
30684
30680
50221
36630
58280
37027
11433
33124
37669
18905
38829
12100
31076
4727
18645
57017
7712
19952
49326
23671
13113
42527
51629
30022
44652
8774
14398
9532
13363
28631
55549
10600
45156
6347
40914
22498
28307
42975
43584
48324
50495
1981
35141
15741
13604
52869
18918
40875
49206
54294
1069
24627
15083
44562
40750
10132
55579
58765
33787
51705
9572
11903
6204
7510
7139
34457
39263
51313
16130
29351
54429
41901
1321
46019
46180
47973
9685
41073
15178
18622
30968
9441
37262
51519
10674
4113
20128
18003
5454
201
31243
45710
48997
8673
9475
34063
48795
21084
21003
7343
40347
28443
27092
57683
14303
51197
12614
41491
515
20548
50310
46233
53661
46433
9783
37361
46107
46066
29713
57127
53170
48623
4699
1827
22789
58908
55958
30921
41463
46150
46355
37126
46097
38698
49458
46466
11906
24908
38722
14207
548
8904
46152
14827
5273
43657
18591
57694
6682
15855
57263
22243
51818
41433
46922
27771
3362
34048
55212
8426
32714
24246
29538
39890
42399
27153
2019
6473
35710
23132
31989
4858
51533
21468
49739
38845
56735
32001
53034
51393
906
15246
32436
2390
43697
33364
37229
19383
30892
26536
18149
46038
56151
45624
3325
30264
40573
58641
18946
51458
41001
16815
13034
46037
40120
49700
34830
1133
47226
53246
30912
48445
39458
13520
47679
19623
29318
17001
30821
7858
57273
55597
5614
57536
4604
51408
30411
13702
32856
22165
322
15119
22624
31040
41965
6016
12618
19685
10415
37537
23462
40699
20684
15183
18029
50082
2004
9156
39841
49773
22199
53426
38933
587
11502
24661
46832
21727
18048
10186
6658
55594
37749
37225
29498
16163
18697
8770
41823
53720
40173
20159
24512
2168
20913
535
50102
24508
33295
58915
32613
32049
859
38369
57653
55944
6504
45392
50021
48628
44843
6247
55850
59017
5250
2367
41552
30295
4792
4284
38705
28300
41992
57477
31418
50625
1067
25867
52513
34050
43909
38732
44264
48798
54744
55694
53824
49396
30303
15865
16515
6493
9838
42810
54143
17564
52459
12431
40550
44765
17802
299
33523
10179
13638
979
39477
4125
31840
40958
17044
5291
10418
2219
24088
17176
3575
57014
29863
48352
6467
43969
46936
20522
51400
55438
26794
49843
16265
5999
20408
36709
55776
32297
34575
30459
9642
18541
30908
3009
25082
30656
39980
1871
32578
42067
20285
31553
38384
23139
49121
25984
11361
47446
33407
20792
40612
39081
26790
8894
19421
49030
3228
34745
39590
1944
45766
13508
30076
56009
30033
30182
54585
426
1709
38465
16010
15652
9484
18725
9928
41987
52346
24534
7568
34634
3578
266
22705
178
42535
267
9679
393
21616
15604
17346
20691
54533
12385
17479
39506
32471
58713
48400
40172
29361
50
31419
43305
43484
10270
13705
10722
57343
29419
19439
53474
8060
7042
39756
48475
16603
47364
2679
30677
25527
46488
46008
55943
19242
12045
32775
34621
14855
40604
2905
5584
12349
46473
40547
39242
37279
20795
42377
169
1789
55016
16450
10113
5921
5293
16015
44268
16021
54409
16184
14147
19100
18649
42528
50025
43808
356
43219
53860
13758
57254
28480
15110
5520
52525
21334
21959
44267
5558
20705
46728
4774
33807
23069
12490
43571
11055
24849
2564
41648
27750
24064
51462
37982
47223
55639
54330
58513
168
47294
31647
21306
40385
47872
20361
43923
46154
35693
46201
45776
21342
9952
42559
1725
17356
28473
1741
23926
32931
17444
5267
29465
6478
37672
6762
31396
58435
11497
26690
28422
8834
52565
58066
51612
18033
48671
4263
11677
43624
1861
58606
22009
3611
56280
18086
4452
56489
12691
26800
31864
38112
26462
5406
49875
18275
44483
7768
46978
58778
46813
38764
48328
22786
54502
32977
29252
17404
6042
34346
6119
16336
10353
18706
10229
804
47865
50989
52207
6408
46349
49882
15043
48711
10428
54865
6674
33040
58518
53281
53682
1274
45628
53161
56296
21326
12805
10219
34258
9956
3338
1794
23300
37570
55730
22161
55583
35739
24221
37650
11306
7238
28377
46599
41056
48973
9983
49446
35960
47661
43605
4733
50923
38041
13895
8521
50081
4136
13841
51932
37814
52716
55394
57057
52608
41062
331
37414
48380
14127
9188
54995
14854
2083
12389
52128
21444
44213
50109
43768
49504
55060
37332
8814
45919
44207
30917
44964
35997
50251
44039
43667
2661
42696
56319
40194
1698
18443
32058
49032
2389
4173
3595
31128
40650
45915
6913
56705
9917
14169
176
27144
49457
48327
51895
47916
46261
24337
15091
41849
1548
9077
5933
33130
32558
58046
17953
829
22220
6276
46881
46269
44532
32704
301
8050
54702
29400
14294
48075
15279
47359
35954
19091
12525
16745
48176
46974
48030
36105
986
22928
32431
31638
42278
46309
56518
37135
56245
29062
41954
37843
48616
15886
48038
33314
16004
12794
5313
44925
29450
18629
19755
31428
14699
47638
39807
38548
28432
10408
20431
22057
45385
26527
43201
25622
1829
18115
23678
55750
55531
42587
31280
9560
58193
57120
329
13897
29967
21329
19656
3223
48410
44869
53806
38709
53811
48320
4408
20129
31977
43941
38419
7635
45307
23191
4258
45571
27808
10292
6726
16254
55726
41781
50442
10900
26677
20126
34872
2486
11746
50819
15681
43735
29439
42110
20972
53061
31447
51141
24715
51641
49904
4327
44384
42319
23325
33851
33579
32593
10578
36068
3140
33296
15209
45545
24784
11001
38484
55981
33858
39704
30695
29723
14270
52384
34055
19534
34682
38720
14698
5540
11632
26964
14858
39919
46737
32741
43004
31193
45143
26820
36570
40714
39809
50873
51010
25860
47532
46828
39830
44790
45971
18104
25600
38499
1492
2499
35151
56896
943
12053
40733
56080
51687
50424
17758
21567
24198
21885
2233
43258
6474
27353
33336
45211
50314
5971
8932
42500
40337
50892
40392
55710
53504
7973
44823
7696
13171
32616
37196
11777
37869
28879
10015
32793
22909
46893
46171
57218
46514
54445
56166
43554
49894
25514
26238
38187
9362
48013
19985
1127
53808
56917
53139
14890
22466
56640
56763
13288
7817
38140
48266
53649
22534
2584
30448
48139
57311
35279
48767
56341
48568
3668
30849
33811
38373
55645
33519
5464
38422
2765
29155
51051
24217
38497
18599
5095
30617
6255
46033
54499
49799
22007
41240
21379
9709
54496
12293
16393
13082
36627
21160
55598
5816
4569
11751
49804
46918
15944
34846
30194
13138
53008
35205
11441
52420
702
14367
50868
19114
23682
24230
33252
55773
47261
17278
32706
49947
3774
38358
44799
31134
3654
17791
34553
11000
336
33632
6884
53895
46507
35901
12122
51655
52172
13286
47950
22544
32447
49613
8266
22944
20775
2045
2172
55855
21386
51804
45926
20117
17486
7536
6765
45491
48452
36247
45480
11500
41100
34522
59159
27764
38504
44772
4812
19929
44771
54219
51597
623
38472
4039
46588
10019
50910
52351
32710
19636
20740
44868
48110
36646
11273
8548
37160
47051
37284
46616
49259
11289
7567
13323
35617
7250
7704
37997
54238
58090
36488
51225
56071
17054
9003
22407
58769
50122
42673
31122
47349
36639
27630
8243
10133
17333
11473
43971
40024
52817
32730
7467
28855
55503
46078
44834
58005
2911
8586
13840
28067
226
37178
46653
51894
56504
46908
31141
41931
13563
12
45974
56987
9927
21074
34648
25971
196
53874
28368
4002
4070
31770
8763
31364
29650
45279
34557
51780
56016
28097
38551
53517
9033
38575
38943
31036
27828
53804
15269
7445
46866
58805
13021
29273
36122
24778
55952
59043
22730
21717
48269
35257
40719
47129
46897
31819
13936
21464
5553
50777
6124
43763
9687
41445
5210
44102
52465
56118
42097
11467
50024
33494
38469
13344
2788
2174
54928
13120
27760
1767
21879
31047
40865
57756
45843
38696
55398
9262
16977
31008
15187
39155
45457
37392
52626
24007
5134
49310
48206
6033
8815
18024
24194
38036
17301
53162
53120
15567
50105
51236
44166
33881
27524
49073
11812
9656
25876
25932
44836
48003
8655
22449
51897
18232
46177
6686
15326
21154
29229
10975
19416
21522
27821
46634
40807
35892
44353
39910
32330
10293
28780
21223
17330
37803
23425
29737
39078
44101
10991
42952
54612
54882
58018
47665
39990
2055
967
19590
13658
42294
40169
18226
36713
18341
24223
726
51764
43704
28975
48120
49897
58704
20798
46958
13889
24040
50075
36085
53488
35798
19234
4275
45021
12832
48605
33062
20485
48057
30435
42984
998
12974
7132
42356
59067
8047
4005
42904
7627
40491
7286
42579
28418
56630
9492
25332
59001
51134
29305
50862
9071
8206
24266
710
78
12394
22086
58813
47352
15429
46489
54687
996
19786
5343
18935
46195
453
24901
52919
1773
9479
44293
10277
43950
32801
1269
49822
18239
45846
47103
12836
44162
48121
53430
49646
40030
33452
7138
1775
3607
27778
24986
45415
29186
52170
12333
28454
50432
5154
11345
39250
30100
708
47584
48173
3478
3501
56696
30356
57953
35036
15000
7013
8707
50363
15591
19258
21287
32449
32406
17526
23669
36243
46602
12090
44912
24329
32097
21850
6606
29130
9388
15287
40332
5561
29360
3450
30189
10361
32399
34159
55127
28387
46207
22548
39136
55449
46755
55124
58786
55978
20442
55010
43814
33715
46119
21812
56303
40860
40691
18514
41319
37343
42720
2490
23807
18334
7197
58872
48247
52477
55806
7078
1062
2441
9300
6314
52613
58960
45612
8325
57070
23350
19115
41771
6521
14038
40949
44553
4755
22991
48679
2590
42806
4525
43586
53779
55942
41746
29654
9730
5751
55834
41473
20402
52987
8875
36092
40874
54208
52633
17365
33984
40942
27280
23973
50193
16324
39706
15397
11347
217
12900
56281
54767
18352
20412
396
20370
42482
27158
40532
40448
51221
18627
26632
25908
20409
46079
35116
37505
30649
35051
48979
35040
36613
16077
19604
57768
48363
53260
57055
18587
8678
54240
241
58727
54233
26157
17929
49825
25829
44706
32455
35580
6808
8816
24898
36456
12797
56743
13885
53219
46054
17780
20824
21693
26783
43826
1774
23743
49197
18419
31024
54405
53730
32566
29932
25617
51736
23156
39006
53037
38565
48757
48666
14165
58153
46679
22945
2806
33225
1045
7578
7074
57747
40153
39854
34105
29348
21527
37149
17174
1647
41013
31558
6400
15406
49964
54846
55407
44473
13370
8253
2826
37768
55596
37509
57635
55692
46443
58644
33037
53897
15080
31999
3574
39979
245
825
36655
22645
53963
44781
54453
19322
22474
58164
2723
23665
23044
46506
49076
47748
36238
14682
29515
21134
56981
7415
36348
51606
55414
2624
526
20257
44020
54421
44358
50802
47955
11540
6744
12324
20572
49196
54505
40349
5431
57761
43512
11063
36673
42821
19526
12082
47577
29254
52344
40474
39931
28346
50484
52248
47169
150
629
4784
44649
37064
44757
25897
6817
52469
8668
808
22275
29486
12479
50404
28380
51634
30816
51320
42985
18436
43314
16435
7021
49038
55752
55445
51412
46011
10673
37322
20413
13071
9934
47260
47007
1544
29369
19619
56575
4429
28388
40544
12894
22255
30428
29792
33421
37162
52977
39801
793
11822
46126
61
58996
18542
58652
43313
37337
34044
54110
44399
27950
25957
38300
21513
27662
1728
24961
55555
43929
24628
24141
6476
24960
32534
36320
41489
18454
36693
52607
705
26591
7735
30756
46328
6301
38867
41587
29297
2756
17992
13061
51091
31866
6912
30713
20631
38297
12495
33603
54158
23059
22986
20830
3351
54177
13151
8888
34255
3599
56986
4268
19219
36535
7518
8282
27094
6754
19436
189
29453
47718
1151
18299
35200
866
25970
2886
36088
33121
58443
41542
31028
44798
25749
33690
45196
38799
30903
45802
42708
21330
52581
55795
31446
42095
20524
53234
23991
32830
7706
32283
29574
24506
47396
18243
6734
56904
50345
34038
38715
14619
56477
11859
10300
11114
12170
39563
49928
45985
53833
33762
58983
4019
11315
20984
5392
41749
48342
51797
14222
54446
5807
55794
12461
58562
50872
5972
44774
39676
20123
20851
20806
21208
262
44476
55689
17171
49429
19442
19061
16765
49725
9234
12545
51899
48519
55638
37786
21597
34559
24079
28359
35726
22555
19921
1457
51933
22887
47970
23255
7795
52972
35558
38621
29379
70
43470
48993
49123
21675
56332
13857
57743
14384
9377
12388
21671
17548
55617
39140
43209
33500
46791
42161
9490
7574
18117
14362
33115
4540
44990
47903
23388
49428
2439
1899
48513
26544
48208
7632
104
1796
30112
56037
44280
13256
46753
1632
58814
28249
47195
28498
34244
13380
16800
32956
12296
13939
28840
18902
56994
21514
33406
27578
6258
51596
43544
51778
2061
9157
31919
44718
57568
44571
46455
97
55951
20780
41046
30446
28070
19354
45565
44354
19337
1214
18934
37212
34072
55003
15589
14966
13593
53136
38726
56318
15138
40924
34550
27692
51919
19089
38693
13854
22806
15938
17923
44556
44242
58554
40729
58499
7358
25928
58910
58911
22813
24162
47455
36110
835
41427
22641
21324
29151
2621
114
56136
19494
36629
14535
46441
3506
1854
15759
24971
46389
6580
59032
40236
21448
4550
14763
36952
12738
18335
44389
50670
44663
59000
48577
23982
44241
35844
12543
11947
18043
19201
54100
26829
22917
37281
54456
48752
17321
1634
28656
10325
44208
5968
22377
38749
55362
24000
12592
22430
21372
43368
11038
30750
10252
1662
49231
18231
48321
743
40536
45750
38814
32028
41755
37845
43256
3126
25036
20899
58993
2871
10127
51043
28790
43456
6542
37303
20726
8133
29578
4816
46219
36029
52922
54471
5249
59024
30786
19800
28550
14287
41077
22198
26683
26556
22467
57334
8025
13968
59148
32355
1061
29989
1064
44667
39622
51208
25208
20269
1886
29474
6980
18585
8800
153
30665
39104
53060
4155
33431
48838
44621
13629
11520
22270
14066
38850
12518
6431
7575
11018
15552
30113
14137
20712
38481
57623
34493
32901
6568
37246
24853
35612
56637
34033
52937
39660
10918
37522
20589
50203
15181
29170
21273
58922
55720
38338
29505
46578
47244
53881
51395
12582
10929
58292
17177
54338
2693
2113
46484
43045
34348
35100
20742
40058
20486
14393
9021
53100
29074
38647
25197
10932
37025
35370
49671
7451
50778
12924
52542
31326
44777
38362
32236
31702
48660
47337
7153
47159
11802
2703
2369
47473
12295
7749
23801
21089
55159
37532
4028
13503
4464
40837
30425
44190
1835
25899
38571
25751
31251
28704
2201
7675
10515
53033
31400
23974
14259
5143
52553
13620
17168
53401
52443
47313
43421
9576
38371
43750
36714
31019
21388
56041
54287
56444
55748
34391
18795
14015
512
28924
41803
41350
43489
15636
42243
7441
58980
56757
32800
4021
1974
50608
45405
11484
31442
9557
32792
31127
934
52497
20714
54345
33481
44988
28220
14424
46795
6738
43638
56899
54419
704
38483
36696
29573
2699
49215
22091
30642
33347
45120
15645
55941
43511
52489
16653
28385
8752
55838
40941
40701
42330
38489
17465
4820
45993
35416
52539
53609
7435
9871
47995
11946
36464
5426
38587
3597
19754
14635
7777
14579
35261
57484
18830
43639
18701
18879
32181
21558
46067
11065
52252
1575
166
54465
38590
3860
47408
46047
55976
1733
36026
23760
20047
38581
47426
5169
46981
13278
30349
56864
18520
36562
29320
20407
21855
53278
15571
57487
12378
51174
122
12598
45026
47883
43904
42858
20416
13729
9624
22026
16420
353
29617
18267
43587
5408
36376
30380
39641
29381
6990
30631
1189
401
14709
53769
44769
4848
19497
35301
46928
19933
51868
47188
34505
36649
17272
27816
2800
30965
20074
11563
14248
40376
58795
6654
30666
3545
57822
51794
12466
33213
56611
23566
39000
15605
20987
30595
31659
55735
9962
23072
33591
46541
26500
30409
41942
41057
27228
42839
35175
20839
9304
41434
15420
27444
42957
40610
243
37478
31465
18964
31929
52625
33361
36176
14345
39232
29401
15502
52611
1844
58845
52715
6365
8619
27240
31004
31738
51278
50065
39655
50268
51126
53259
39708
56723
4006
8054
55560
46615
653
30737
40868
18438
25025
1226
51605
2742
17058
20765
13890
5290
11007
9315
23971
30733
22838
31545
24275
24383
38427
58337
56012
4009
34099
37218
16063
9091
58602
3256
2443
49
45834
12835
12380
12812
9684
35420
43666
43980
43253
36680
41955
19650
5460
33752
38756
47469
36598
39872
6810
46073
27438
43869
46977
38654
730
31238
7059
30902
43281
30716
46231
15308
46165
33475
32843
4285
6385
2599
53117
54827
48633
9
42530
22739
6370
6645
33801
41205
17460
43207
15929
46108
24920
55675
36325
38447
46196
38802
15109
49459
14423
47365
16323
19172
13680
5193
12292
20308
37243
29839
55570
50854
30164
47904
30197
34916
46662
4474
385
39146
2088
17556
23779
50303
56321
57138
24427
32719
14221
25560
20616
41930
56622
21832
3760
44560
38825
10567
44411
49159
7802
57352
48060
55948
1019
320
12943
37360
24671
47285
38659
14956
21836
47836
5323
25214
51256
21363
49937
22879
3922
51381
13225
1167
40486
46314
41816
51059
46944
7133
20218
11402
42177
50213
43815
47353
2558
43939
9754
44619
4834
28478
10356
29972
57951
50216
39460
16202
15230
52642
8121
53716
5196
58842
30811
31408
3614
5492
29990
53349
15079
24531
53036
22147
20251
47478
36787
10231
31881
9884
33780
956
18898
16550
41949
14053
2683
36549
41693
53354
54296
13328
42697
11339
1782
41629
55714
22472
13736
6005
24411
16412
21752
5931
52452
7376
50911
48588
44013
30757
55569
29939
47001
18659
17402
9392
55411
29740
36491
11360
28157
46890
26528
53945
1233
68
52673
11120
52667
57176
4378
55580
8454
18665
51344
21094
5509
55997
40133
25581
28319
47553
2538
45434
29689
52645
56056
29925
10036
50214
33607
25987
144
4014
9567
34401
25282
2551
17760
17781
53673
14213
16413
22393
30005
39675
22153
44700
9829
44548
57133
49654
55782
36392
20944
29159
49492
561
45265
33247
43934
46850
43434
46889
41478
7483
136
36228
1675
22929
14227
5335
31436
38421
56315
39686
40529
52421
33399
54746
59053
3452
20004
42503
13548
35606
13216
49409
26549
7181
23620
21481
47521
44236
11399
565
31783
1922
11981
17397
24187
22551
27745
23654
463
51743
23896
51501
50235
15649
52475
18744
44259
49944
50548
9412
49860
9734
29256
2789
5428
40892
56307
54337
55360
18953
55498
44340
14825
57949
31239
1078
2266
49348
20122
40125
41727
53760
18948
54203
13642
49393
4747
41958
19199
43849
303
54657
22803
17342
31625
31432
46422
37352
38391
59039
53525
20607
45801
1960
26423
7523
40608
51494
7339
11957
20115
53552
21540
47346
43480
26081
6515
48450
1384
57738
51748
48998
36503
58511
6338
8304
41794
22014
4325
33095
21459
23130
2936
30527
16351
24553
37339
3863
18606
46920
20081
29922
3606
33727
22455
30463
39625
48840
43406
30050
13602
25866
43891
32199
47382
32959
12853
14487
38423
962
51472
4486
44510
31583
45
40377
10254
20724
53210
35269
18960
7683
58838
56811
49490
27765
43623
40970
8435
55673
45916
7941
12165
12110
7211
12097
37107
24258
8466
1369
50308
19531
10556
44679
12818
51350
30468
39175
35178
20139
20988
22503
1363
31603
45020
35712
56053
29680
13205
49633
36550
9738
25901
22763
22349
2034
12211
25865
33953
5349
5462
44829
38301
36063
32824
7121
29634
46007
47092
327
44491
26474
45071
7390
29666
46629
13025
58192
30675
2430
49193
47672
8568
9306
35553
46684
35904
20157
6325
24915
20923
15144
52856
20378
18015
44737
3940
34618
58802
41908
28325
53922
11700
14829
37244
33713
43727
19560
39847
11950
36017
2759
2282
25028
21303
44860
10080
47541
23519
49247
19576
1963
18119
23784
627
58707
38308
17624
50890
35417
18747
35767
12005
35082
44181
8021
24367
19548
58662
32211
44917
8212
56202
29028
18487
44090
33232
48432
46626
45179
30769
14891
7745
46750
24047
287
35190
32937
54614
12558
16742
31812
5703
45758
3439
33950
45701
51372
22433
42794
49250
18381
2569
17415
18040
17264
14417
11564
38506
8129
18805
1699
13140
14342
7032
9614
2874
43274
51406
43649
12651
24696
51785
51830
47383
34947
31917
8057
1213
51234
3656
14364
48217
25823
36721
24152
4753
40338
30462
14669
22830
51
3331
3197
1912
23185
51750
18949
48387
43009
27857
15577
55352
16854
26477
18103
5455
45004
21299
6361
40352
14468
30940
4535
47859
21955
32178
18976
35268
54488
51660
12929
58712
15105
57362
19443
18837
51691
40911
34090
20029
6139
21470
19318
8545
49150
5471
9645
52491
41162
27532
37468
31312
18813
14607
4176
10398
59112
36540
31332
44797
58588
33423
42437
762
4134
21124
23029
24109
46683
21883
31252
43831
25626
48172
7231
18708
44347
9042
57602
22942
53977
28058
27173
58512
55558
36480
53633
11366
46942
29004
4001
48406
35778
5651
42348
22316
51095
9575
58924
14375
10146
23341
40139
18886
55387
52498
31041
3401
37298
9683
10747
6533
57849
53375
37857
5463
941
21905
48545
46138
56631
21733
19467
43746
17366
49560
56108
32111
968
11575
40269
56620
30359
51759
41207
46242
18059
56888
57349
6340
51864
51534
55606
14174
33805
41256
57345
43486
20979
9316
12547
29243
46113
46675
13977
38466
49147
43682
43651
31371
47466
1930
7262
55240
50119
25230
731
25177
27012
52828
39878
15568
14877
39070
6152
37693
18261
36951
13858
6293
23440
14592
1669
12069
45101
2870
11612
50607
4120
1695
47712
22841
45757
6230
29375
40969
35475
12498
54322
26909
30142
33954
22404
48480
5763
15776
14525
33360
54451
47118
51405
42595
32164
49222
56227
6778
47979
17085
49280
47751
46905
8401
43846
22081
49330
18575
50903
44888
24081
54401
46503
52893
2487
33079
15928
49127
58936
40899
48205
38805
38355
51258
40127
9990
25251
9133
25752
58839
58740
5478
36495
2029
51196
21874
47551
43158
51061
45651
21715
11856
43080
43579
53989
21166
56644
33363
13122
8382
44470
53802
36677
32205
44552
28557
11912
3565
46003
35110
44471
31117
50227
5749
40545
56010
10269
29625
8369
29075
54903
50454
5419
29791
30606
23698
51460
52926
4448
25683
54629
57026
2125
38106
43345
3098
47977
10074
43521
19874
48705
17737
35170
18528
3265
31778
55940
1826
19165
3163
25027
57488
3954
32656
33284
29907
1109
38130
41485
31154
32463
37796
3214
15535
5187
21433
10755
52453
7
44543
7341
22488
26445
45380
25916
20094
38944
33803
4158
6918
38493
31835
25784
31409
58000
34153
3648
52266
50486
38386
20420
25903
33207
1999
39518
20070
35669
18214
2780
47299
29970
30254
49945
6253
32798
13566
5836
12863
19714
21193
30289
51649
2110
22302
29587
47297
38524
9971
49394
54455
28439
21669
51609
51168
18492
47336
39301
43819
20193
48506
40847
25373
39650
12106
4135
30962
24982
51734
7504
31934
51073
53873
46082
16958
34065
37291
38585
46869
50433
57013
54971
51045
46610
51257
43560
37930
55552
5847
12537
37590
1416
11896
4676
43261
12150
38759
21887
41812
18804
51642
47986
29223
44664
32376
56629
28401
52947
54077
21400
44390
49571
22868
46176
38618
2933
10901
10950
3610
1678
44504
21224
11281
35687
21092
54408
5564
45796
55987
16692
21086
13235
40106
18519
51343
57326
18586
8577
32726
242
35970
22351
54497
53798
45435
40012
38564
34051
3329
28113
30613
45540
8907
7927
18583
58671
42756
46046
40122
8476
3185
13609
53653
3327
14931
44026
1702
41559
55847
43280
27620
13209
27896
26476
56070
43157
38415
2636
42357
55918
1025
8998
51654
20180
50826
19012
22017
44810
29276
22807
40062
51776
696
7342
32569
691
31341
44312
22029
44468
27852
9327
3528
38482
54407
54986
32190
11409
41660
50256
6427
207
55589
40555
57342
42476
40906
25532
12806
26572
22159
21338
51042
26643
30362
4506
47334
42165
32170
4567
34475
25779
26441
40451
29024
7009
16665
57189
45335
6162
6854
50919
12546
9887
5380
30314
20422
15587
42688
51227
30807
30288
49059
52436
34022
11743
1414
2576
55108
13174
34981
46087
50183
3149
43479
16469
20981
11861
22939
6559
48134
44657
16381
36716
55263
31910
38430
47414
13246
29530
30020
43057
44291
205
44520
7325
3356
5735
11901
2818
57945
40872
55760
37614
18240
12217
39548
57773
20040
53189
28089
37416
4111
47483
48427
42801
25531
9602
6577
30992
19574
19294
22504
10370
9117
30853
17318
49658
30764
31737
46114
6499
39992
46822
10588
50867
34388
47344
6491
8437
18429
46051
31050
35838
31030
13053
10965
44493
8099
18796
18091
35155
33948
46151
20980
22050
7947
11159
1677
25785
44185
14312
33642
58867
44703
51670
5552
35777
2853
21451
269
145
59212
21622
22621
53074
26522
44258
44597
48027
36343
3332
56170
11313
34710
11899
53607
55590
53285
23439
22402
49194
15374
30906
7742
7027
32651
43800
51549
35396
58241
253
24315
32373
9755
907
41113
14515
17092
30307
3188
49969
20738
38811
36455
43691
41222
7786
14013
22231
2078
43643
55632
49483
8038
39013
54474
20239
39556
49667
15226
17704
58859
14741
9443
45775
7347
7529
10940
6171
20076
8659
30205
3665
52343
58446
43991
18506
56870
56752
38704
1803
48397
17987
48850
29524
32849
4282
34601
24203
29081
9303
49568
31913
10847
38536
768
20017
30753
38830
48279
20774
16099
34172
38458
11776
42617
9785
50497
48522
8845
20116
32628
40156
12587
