56114
54399
57270
48626
44227
53001
14104
57471
23474
34635
52979
9334
46627
56930
47439
42922
12300
40219
57906
53594
31563
55199
58171
29399
2698
51477
55114
50457
2596
58298
34104
50567
42625
41419
47518
40900
37718
57702
42822
57363
37917
43536
59195
495
57520
34444
35098
38247
52590
58878
4403
50691
59073
49347
56585
56171
45116
37512
39800
55196
57122
58030
50139
58327
15106
52278
57175
34964
53178
23089
44104
40468
51370
55473
40205
42721
24313
13610
54824
59239
43385
41022
42847
5157
52841
31672
40835
31900
56946
37848
39805
42169
33233
8703
57612
45401
11337
33869
34142
45254
10365
44881
13075
57407
53671
46471
41819
38768
40050
35028
47755
54172
56555
19087
58375
55356
57308
41296
53313
50312
6418
55238
26202
42782
12715
45271
3824
41863
9115
41393
3740
17427
46545
4097
43269
40227
17425
1816
5237
57011
42010
37680
51312
54733
36810
52840
51525
57391
39977
57066
38278
37970
54966
57800
51235
33112
31802
37556
59122
43267
41140
55386
57987
57713
38772
46617
36153
41957
53200
44874
13080
43126
57369
18812
37840
56134
58417
39934
42311
54117
42215
56249
37831
40700
43091
42876
33665
52301
52736
55076
41300
30330
52830
58004
34483
18088
36283
8864
59232
57200
46945
48504
43978
45235
58462
51371
56845
42960
50688
34977
35072
35022
58322
57858
43315
54243
50927
39150
56301
23750
35668
48509
53540
57001
52704
57824
59245
46803
43499
50723
41743
32516
57815
30066
37311
56247
41018
41224
41104
5480
28529
34165
58764
58430
55753
50344
54763
4056
57935
58220
53388
39430
1042
56831
36974
41482
48911
38291
15111
53370
42409
13272
15463
54670
17029
6022
50179
31936
39303
15895
50768
57963
51399
55523
18433
10473
55442
57164
52768
30966
43792
51862
37390
57367
13509
42402
59198
41764
55883
41239
13418
50828
42824
59261
32080
32597
13980
875
20515
46678
39803
40774
43252
57428
42292
13582
45792
45079
45149
13148
39291
53182
26263
41988
55462
27245
50639
53307
53596
58673
58540
53415
44977
46274
50391
37546
44872
46329
17154
49764
54120
50728
59251
51211
28299
12274
58045
35405
4739
42379
14192
46667
55897
26426
45447
23101
49238
19480
56261
8991
39951
41382
39432
23261
15982
7954
45185
2076
59185
48360
41306
18163
49109
40047
38035
42032
3420
58058
33932
42526
29850
35045
2378
42938
2600
47312
37577
42273
23643
282
56708
59271
58029
39094
57864
43961
13236
28826
39897
29845
30925
39088
57580
32734
10704
53571
41632
36619
47410
19053
41879
23226
56823
41190
13998
41967
34975
55935
49007
23978
56546
57062
2573
12156
58123
51615
56406
49614
51416
41624
41347
58569
17904
3365
53485
19117
55499
58187
30318
38835
48289
56560
40863
39325
45175
36145
34900
37767
46677
45825
40884
49779
54269
50585
45015
30326
57284
42271
48578
52457
51232
45551
52910
59243
42633
55125
46519
39957
36310
55056
58497
8428
46851
42427
54255
43532
24175
7509
54576
45445
56906
36134
41678
56839
53323
51630
55155
34144
51957
17418
47224
23039
36894
45463
34357
56532
56698
35361
39968
43419
43145
44229
53771
59263
39384
56793
46273
54891
57514
34951
3103
14107
44867
42203
40975
50615
33686
46650
40342
56827
57859
36852
46284
52728
19084
49082
58324
30780
42663
53562
2075
47331
58125
33602
49732
35402
15369
55044
50816
56586
47046
20519
33835
8448
54273
8909
44948
13391
57993
56132
40571
57955
56148
58179
43767
2466
12073
19458
51136
32588
12075
42411
34113
20505
33790
53543
37757
4447
43796
49637
31859
51486
36218
57386
48214
58696
49485
30222
13995
54247
35139
47120
58188
50557
36083
43072
45337
56156
50515
47520
4
57392
15376
34940
51028
51430
44844
27389
26203
51790
1027
52853
53822
51251
57280
20
57615
50683
34221
48033
45023
3738
38992
19573
43168
14091
24997
49476
5911
57731
47726
29266
47037
53398
50767
42581
56450
48493
56232
56953
14122
52885
45165
37393
38912
38160
58997
42014
53595
39909
32767
41389
48158
58427
53372
3764
43569
55963
45056
59208
51178
58436
50775
53781
43701
54893
51730
25615
44210
8482
38441
3741
56787
8762
41956
43316
29658
35253
42168
12344
45530
4688
40995
38591
54423
55200
30866
52570
58043
57204
56937
41259
14809
14743
40341
50519
53440
35018
3144
57230
38219
54157
41662
47429
45047
34204
29145
8787
49758
57585
50899
13095
42318
58679
40646
44579
47499
20290
6342
47146
29739
56908
48446
36091
47475
55347
38124
53168
5891
54570
48771
52315
59202
40596
58372
41591
43466
45945
45346
39262
41327
58472
43558
25621
45005
57926
39848
46501
57404
51573
19309
18856
32344
39892
15250
37688
56786
20447
9206
55494
19437
35625
39444
56976
43340
11726
33778
58632
58429
57442
54848
41002
54242
41080
34919
26392
26581
31104
39391
9333
45077
55873
30569
55476
40921
13352
57757
42865
40490
35112
24789
55845
47112
54674
27998
30742
24323
43492
36285
52735
56552
37603
41989
41680
48544
34128
38509
50701
55823
5401
30281
41651
9818
42011
45349
53611
41291
2476
55472
52576
3212
37407
49746
34134
41299
16989
12363
37914
50286
10324
39240
57497
51421
49363
41551
30577
41568
30801
46648
57526
41982
42367
57007
43504
36836
58387
41134
35908
42695
24376
40506
7918
56587
53067
46682
37118
57423
45501
58233
38776
41855
45245
42918
39991
36856
47508
40268
51714
30325
43951
57434
50080
52846
56496
56161
30313
56079
45173
52017
44326
218
50668
34970
57677
41158
39329
54227
26165
50142
48971
58390
41169
48923
56192
56592
20386
5708
50095
55109
57678
37661
45934
40848
57402
41811
57056
10462
50697
51293
41355
49376
58249
57232
43471
37552
4677
35078
57778
47480
41274
53643
13527
58864
42122
49319
30999
40415
52566
36602
53395
15146
56017
15050
54326
40907
14440
57581
55002
56125
55653
55488
51411
45040
41123
41990
39442
47234
58686
42815
42028
42244
32636
51339
56772
58208
47857
7110
56862
38017
46659
58259
51931
4182
33164
42793
50297
55077
49048
57052
12841
57277
36139
57921
45098
56014
38256
49630
57372
41247
13505
26585
39233
41133
10595
56030
17623
42452
48304
42854
42852
22522
57457
20512
39901
48500
2434
46023
1881
53599
59022
28416
30728
41097
58502
42134
42861
34938
56569
52074
45819
51620
59160
20517
37598
42466
40603
19780
47205
58300
45247
44941
51681
46434
34997
37824
56957
53749
57237
11517
38224
11992
57517
40836
42413
57429
35071
58384
44920
34136
43288
34121
51756
53063
41847
57543
39759
36967
4966
8611
56530
28326
48502
11344
25398
55842
35010
45145
42612
57709
27229
58781
13986
35011
35854
53455
35439
36147
40181
57919
14059
56337
44631
37887
39691
40018
42705
20267
53387
56638
8131
33110
53351
36277
52874
57661
4330
224
58272
25620
40007
10864
34109
33248
16786
48215
35555
37083
40605
56059
41483
57918
52594
52855
34867
58617
34356
57406
49961
57248
45272
57444
45423
17877
6795
56075
15054
35103
41037
43319
52082
34548
52932
12515
30469
13626
46786
42363
12779
50030
37628
57377
57644
39239
23524
35543
37883
45942
56363
44883
56023
47245
46997
58453
51583
27194
57274
41560
45821
38313
52340
42605
25761
57527
54096
52927
48354
37698
52200
57319
52117
33192
52586
51850
52965
42398
53000
57461
41481
41288
42135
49558
10479
24396
48355
33198
33456
41514
39332
39244
44575
56867
31405
51704
22286
30697
42843
41386
44086
16944
57550
55906
15602
12400
55130
46301
54892
57411
41117
53407
42509
53632
9415
51369
39891
24215
41460
56135
3510
56920
41610
45051
43311
12506
57979
44222
54277
57226
5734
54223
50616
41768
53334
53039
54904
42298
51086
51354
8947
54829
49383
56770
53267
17707
40283
48019
57942
40671
49972
43739
49456
51685
37779
40488
51771
36106
56184
24937
13215
6592
53994
47422
37964
41367
37983
6214
57069
58225
46534
45500
37891
6992
43133
41035
37850
42333
44983
19907
46363
38735
23544
48393
46044
59182
37172
51753
4887
44027
46865
41585
37898
58941
39832
9244
8126
43793
33497
37723
19683
37457
12572
49398
41617
50492
47150
1374
45779
43229
56102
14771
35685
35944
34999
36143
31241
46785
53253
41870
57010
39952
52093
52780
52599
40756
58382
53296
6578
46280
54151
43523
57531
45488
31861
52080
42591
38344
10797
41851
30324
40766
57654
8520
37231
45774
42404
33710
41262
31229
12510
51956
48718
38862
52206
46450
49349
57401
28483
41890
40985
55853
51961
35701
58519
42352
37559
14548
31299
57397
34910
48963
49785
37744
52152
14377
40808
13959
59222
52075
56995
52655
56066
35925
9118
49927
53156
43422
38134
33700
57878
43110
31858
46209
51937
42234
9293
33443
47395
52707
41335
45140
42235
50770
45781
53579
29432
25815
56344
58168
57261
13410
24370
42407
34594
41831
12486
56934
55830
31380
58349
47115
39946
46612
52016
14887
43940
41323
41633
45807
44551
41369
50131
58254
53238
52254
11439
37901
36923
55683
57786
33411
46222
57648
56262
45400
46449
57065
1055
2040
54874
45193
2433
58553
3349
20511
48433
52147
35996
58826
26142
23407
24395
47111
45800
39915
41399
2605
37747
22855
48014
6893
131
59249
30096
57348
45313
55094
35059
39389
44903
58857
2799
52365
48524
35765
10866
47127
40851
34973
50156
3335
36163
50589
57980
14588
50411
35499
32118
45703
42542
58721
31384
55378
38801
35240
40772
51755
42828
16114
37920
47183
35120
36293
57890
43378
11823
40713
1895
18873
42864
42943
37809
26631
43263
42942
56836
28935
35418
52998
32482
46268
51466
29837
46197
46663
29356
40449
53840
25080
16703
55884
34967
53546
29336
45827
42508
46334
43235
31085
9336
57081
14778
42335
56172
41984
27182
38114
34089
52792
50756
53018
41325
32905
36492
38926
52572
44045
35438
23768
51453
14297
36192
18228
35012
56792
46530
41368
58556
49002
56691
58684
2067
42450
56072
44059
41071
56710
41675
37921
44890
47716
51017
23128
40637
38183
20441
18229
38181
24481
46140
40395
46782
12192
47187
50686
42307
57400
1989
38086
43653
53914
37685
4229
38340
38144
40524
56540
53907
53958
55886
46430
57008
56176
46141
57227
19124
39984
57686
9859
43105
277
55658
51579
37030
6023
38865
30414
44124
3685
57162
54669
13823
26177
54132
56703
43982
54652
55802
56923
14782
43426
13312
10878
55867
41658
30298
57582
45157
20509
56815
14455
43398
12667
13785
34363
51487
55454
39796
48396
53367
45532
32268
40000
56816
44863
57447
41136
52275
53612
57381
51476
42387
44200
45396
39949
20340
42109
34
39995
32919
38213
43153
44851
27071
56808
45202
50301
47451
43628
30251
40696
1039
41111
50050
15565
12434
20406
57898
12966
37691
24287
38163
42610
41090
56081
58037
47470
45356
32595
2501
57435
55540
52940
51569
17845
51640
43999
57452
34211
54963
57440
56799
43494
57006
32658
53069
28717
15719
29763
20377
10376
27172
37260
37734
42059
2907
37198
51456
35447
58273
52791
50722
40642
57433
31958
37896
57276
41363
49111
37821
276
57835
45052
40141
58667
40157
35466
31978
57092
46994
9259
2184
46535
58229
26257
51481
38678
35250
41826
41318
34419
49003
36281
12530
58213
36554
57872
50510
56158
38093
58788
40824
53385
10876
51473
57384
34978
56623
52563
44936
58232
48700
37773
38638
40896
51428
26003
32619
3758
48980
49054
58190
4227
41685
35930
36216
3379
58456
53199
41183
41725
41579
57510
46892
41185
52331
42999
56032
42400
32150
31175
4806
36321
53555
32572
37753
6138
38253
57246
36370
34410
46348
43330
38534
57982
43397
50773
51190
34164
23127
39184
48312
58152
45762
41215
52010
10650
41848
52962
44959
25504
55663
36586
16766
12112
41808
40660
56498
54052
42703
53563
32560
46192
35509
41477
30231
50034
53503
54673
57135
46509
41620
25068
59152
57819
44398
37985
52899
41400
43424
45078
41264
48563
57163
51127
44904
41358
40008
53072
47852
44633
37388
42537
42401
41778
45650
55516
49491
28799
56145
20395
39304
38110
42375
35014
12578
56954
50516
29045
32133
37599
48383
56181
30084
45793
56846
57524
16850
32894
54881
36264
57961
49749
41830
2056
37692
54498
58079
36244
53576
39299
43527
79
39443
55052
38567
40218
53473
54645
34578
48880
35768
46511
38143
1272
48675
31221
52700
34800
41330
40980
23631
35630
42949
5505
52053
42157
57940
56433
52110
28503
22680
54500
47531
57870
43197
33432
57087
50629
37645
53096
45360
42729
54550
54622
37905
46522
53303
37263
44693
43575
59275
3543
41466
58119
35493
56104
53839
38609
55218
53276
55425
5890
42532
41896
49593
39513
56541
21361
47808
29183
41148
33812
59172
57203
5443
34156
52187
58883
31766
53381
46474
50011
49023
51637
52803
36108
34186
58033
14945
45299
53187
56285
1811
48216
40902
50632
55354
46259
57297
51633
40653
53939
50378
53211
29363
51397
41868
49651
49473
54079
58230
56947
38751
39867
35067
56955
3849
45195
41817
42316
40739
20387
36019
57717
41818
46661
45006
57748
54914
13186
59204
46189
46299
46298
38121
56243
40738
41292
57879
57476
37798
55206
24871
54368
3832
40841
24265
43283
34976
40412
49025
13678
56814
49438
41924
34974
56979
34794
45108
20397
45258
42878
25689
57724
42144
37566
57145
45152
736
36197
34119
41008
12056
12251
11533
51413
20497
41646
16249
58330
37852
59186
45334
32674
43855
31066
36213
35066
44950
54020
59179
32806
57821
56074
33254
56142
32055
50386
36138
45121
58329
41179
36423
58158
51448
54254
6637
45016
42403
14404
43295
42875
40295
48833
58162
17495
18020
29750
54414
35046
56327
59020
37641
33929
53383
41333
38634
57553
26937
7228
25318
391
45414
40850
57846
53452
16431
55480
23577
43754
41331
32884
52045
58791
51137
20518
51024
19643
34961
40845
58876
58183
45324
52428
41852
42648
38161
51471
37583
42415
40557
11964
45167
58067
54021
45397
50377
55070
42638
52694
49389
53752
43517
50540
42570
13314
35462
5782
33658
40853
47594
35035
45002
58203
18751
56974
2052
35076
49790
29834
53617
55020
42020
46830
37166
33217
53191
58312
51108
57512
6148
41412
1125
34785
38173
40551
44030
29846
52866
42838
32579
45326
36660
41267
58685
41614
42471
44202
34314
45075
48618
12624
39944
57183
43488
39410
48762
11604
40919
37856
37922
34491
36796
53215
57631
56685
47558
58325
23441
35715
40339
20641
50503
58132
39359
57884
59138
4347
42255
19524
53302
43013
25512
13478
47877
46556
44909
39679
36965
57789
38589
43272
45138
26163
53064
42145
45462
20366
57416
49328
23763
51318
52662
58134
57869
57233
11594
52113
38789
57371
38123
40217
27819
4869
13993
42596
37929
28151
50496
59184
24837
56699
38651
57443
57094
43445
45302
59206
58184
10798
51658
35343
48407
30320
39885
53032
44922
38628
54194
44900
8847
57560
14264
41840
59227
34542
41387
13997
38262
56565
14105
42771
56242
40467
54676
46670
20379
2952
41786
46730
54082
57412
41859
20513
11148
42124
10153
41929
50932
42831
35431
47495
56168
24259
53194
32059
58340
41970
54631
42932
38584
9273
3903
53438
28811
34214
40737
37334
17053
40643
40224
19342
49781
14034
53572
35894
54681
32117
57076
38380
58426
26047
17412
52750
51151
54318
39960
46788
47202
41093
33256
44902
30085
45411
38122
58074
58017
50794
56722
41260
58270
47430
55181
35079
49847
43220
35048
32650
50930
16126
54487
33683
49061
51744
20374
49839
40981
41110
57415
38162
58758
37012
48021
47137
44379
53184
46277
37041
56788
43006
49320
42823
57828
7407
45347
53598
56103
45115
14908
51034
51403
395
20375
37636
2058
41492
41598
40284
14947
57085
42463
55071
38620
41581
37886
57830
42009
45686
28528
55146
46823
56877
50063
54300
20380
41684
41699
56201
28878
43450
40636
55636
57746
46275
1197
46998
55495
27398
42451
42933
35776
42702
22528
40071
54461
36141
53508
41666
55055
22175
18
19479
58365
19959
58563
43138
57586
55770
53013
57346
42835
44403
46873
41444
54188
55900
46806
34627
41202
30862
41640
32215
44951
53325
45227
49441
57031
41334
47874
57785
55682
36361
53326
57361
40228
51138
51669
35984
49734
39908
41513
43277
9513
44894
48428
49058
40069
35636
45000
44974
38774
46265
43026
14518
38363
45177
46947
14512
40081
53185
31094
52936
41659
42410
53159
43260
20367
42392
49590
45139
40158
53054
36209
36131
49477
35845
37425
40812
18675
53926
51927
45119
58166
11686
52999
5677
41139
41180
23331
54205
57809
57575
14553
33241
44568
42902
53557
43357
16754
56060
47815
36288
36151
45113
59270
43049
57577
21
4815
32611
35380
46333
25713
56887
40905
36157
43173
50740
53172
47232
47931
58537
40686
38988
41332
41365
41178
7272
48830
48412
23504
46526
39001
41635
44958
39257
40020
13807
29468
35728
31970
5810
59096
42827
24343
8257
58677
44949
14068
42887
35073
28100
48105
48985
35378
32067
51328
58251
46633
58274
50745
50654
46297
51632
25153
57453
40722
58317
39180
52066
46655
51245
45330
51631
7634
36624
42653
34640
55401
3733
52847
51152
41839
47437
49770
43995
7439
41371
49850
28310
15894
54633
36040
49867
45164
42481
51782
40361
58347
14501
33422
18958
45963
22012
54715
37667
4794
55959
39245
37455
41206
41385
19965
30134
53374
44730
58326
48482
57994
34909
55453
45412
23348
29509
39130
53950
5042
2448
57450
56679
53642
42979
40542
34212
19290
51564
59016
13337
23106
35254
45682
36526
46050
41569
36569
45249
4504
53864
57422
57889
39905
50744
11201
43032
49262
4197
46358
57271
43507
29454
51324
42786
37226
45184
5873
59237
37784
15677
41404
38681
41322
57816
53110
20372
39955
58121
49414
43795
17
38399
42017
49027
49158
46688
5718
48333
30905
53065
48443
33823
52983
40382
42670
48365
48913
52632
49602
35107
57868
56848
54522
53391
17982
23820
53068
58361
51488
40304
22465
47172
30843
44592
9235
39900
46554
2092
33385
36067
55444
14176
17695
41602
50509
57583
44547
35276
57073
38118
40793
58906
45340
42892
36652
15981
58794
54320
12409
54280
36309
50558
2087
55790
43707
34408
46260
57425
41631
14005
36154
57359
43132
57441
52518
9817
40310
29435
30528
53275
54468
25735
50913
13796
40804
40695
58130
39996
52381
34152
36155
17997
55419
18686
9528
36955
45409
19808
41869
24504
49216
51167
2623
40609
36962
45938
24458
52310
44133
43155
43333
55641
4919
40461
45388
6343
45287
41218
41677
39599
56574
17951
53743
44225
45025
57207
51795
13158
43321
55813
45410
13839
57268
39151
29269
58113
18792
39850
27621
3978
51652
36013
23835
52136
45264
52711
44955
37626
47948
53192
13991
44174
49952
37184
10962
35339
48419
46932
41315
7720
15197
37699
9263
56527
43423
33444
58289
41048
16458
56597
58243
36910
52124
9623
20031
57430
13574
53535
55175
13643
36957
50726
56215
31639
31391
54336
34073
45550
41682
35353
51566
5867
40656
49265
34537
20954
50529
38843
42565
55081
57912
43164
19173
41103
22805
19333
34114
37269
34920
45895
42443
34485
57984
55380
47835
54387
55745
57009
55659
48541
56879
48782
40821
45232
50136
32135
48610
38544
38819
48510
19562
55464
57570
34991
14044
49202
48754
6582
20514
14878
9621
37234
58302
44880
48362
39791
41971
45813
42421
34019
18459
47580
34158
40950
25548
37865
57991
41566
35476
50754
43015
48339
40038
56554
48622
25796
38265
48945
56234
6341
56675
37923
50634
37374
22524
46282
57405
54810
41293
51431
52913
52691
56655
54646
47214
47640
9335
41922
41439
56847
39827
9498
12949
58450
6908
56895
11029
33587
51058
50450
56568
51268
4881
39967
52505
29801
40717
46415
50835
50436
37145
47116
42007
37617
52954
14134
20506
41715
54333
23342
46537
27351
48733
25966
39656
5889
47074
51869
37094
49036
56664
45935
45057
53606
57576
46970
51677
37252
39290
55627
52794
59209
40435
57999
24078
58054
38292
13676
26153
34100
46594
36975
51172
57956
3742
57695
55376
47515
45262
36011
4192
41426
52072
57598
40362
17599
38040
27403
39226
39775
41622
45218
41668
38999
39886
39324
37908
54324
36900
3493
25960
36484
42684
50505
11211
47193
25688
42091
40635
43382
54022
19099
50679
7508
53380
15755
46812
49561
41933
56689
14435
1821
48601
43290
42948
37942
46603
41510
51857
57909
55084
41338
48238
44876
20516
42577
51355
53015
36963
50693
44142
41064
51663
48952
9340
18479
45230
45375
53145
49384
39315
15221
30996
9732
57556
36287
43162
31270
35502
42279
41627
46592
54140
41099
50556
58503
4329
43050
49648
5725
29451
32823
34111
47177
34147
48392
57357
23878
37385
29749
57228
36560
23285
49884
25842
58197
21216
2408
52535
51724
41021
41630
57670
35489
37132
29733
43871
12147
58905
47017
54065
46625
49642
46392
57368
32917
56085
39753
10548
40432
42405
22779
25687
43493
57385
54331
51305
45208
50925
42172
52106
33887
22506
13336
47846
44406
58423
40305
47918
38255
57234
57493
4208
55167
50713
34740
13941
40707
10885
38201
50851
43483
57983
39331
34103
46736
37058
57803
57376
42164
38234
47733
35434
34572
56094
45737
56650
53201
2152
42416
4833
39994
37515
56653
38442
12760
57105
43300
34883
45178
42180
11667
5797
19289
42743
54627
45426
42308
56924
30752
42326
50376
50765
40901
58723
51349
52931
41257
28918
38604
53644
18259
55272
16165
47497
33375
47442
41210
47947
36512
17710
49750
57616
15737
57505
41580
46288
36297
39387
52221
57565
44545
47583
40313
40740
45183
41173
57817
40402
39272
38633
58039
37033
42547
15522
41112
43506
41061
45818
42558
53659
55153
50089
57059
36577
40785
53175
4091
25493
50675
52146
52114
35186
52984
53499
33543
51819
2867
27629
56339
34131
42170
36899
59170
24318
41606
30343
45768
57408
25135
30301
46915
48345
41252
58352
48653
47494
11432
45811
41010
57933
40826
11682
56029
45043
34171
27999
50731
41893
45199
34326
57109
53271
20454
39792
41516
49387
51437
45105
45374
57861
36908
27232
56926
52157
45371
46582
29148
42672
46304
41337
56959
33666
34949
44978
51007
43432
33440
33271
5887
32888
38532
56646
13744
42937
40703
48441
41843
51011
55858
44887
9268
36016
34596
31765
41144
45852
49199
23604
41283
46134
4092
23798
9248
42162
23162
45352
42138
54741
38866
34427
52085
42976
82
37832
36160
46886
54085
49786
47476
36379
50064
40626
55119
42026
58683
56726
50842
36048
42573
42077
57111
40056
43500
46658
59255
36072
45940
38495
19728
47225
54979
36028
39861
35656
3302
28649
40011
56753
43389
5796
6633
11554
41664
39231
18002
38914
50079
53787
40574
18466
14462
5884
30534
19057
13711
36831
41665
6485
57981
36113
51262
41858
44172
40019
42722
57590
47968
45939
14715
46294
43737
46512
51037
36124
54736
38159
33748
56259
47212
56905
56991
44717
46645
12182
1909
2463
50751
52118
42733
46139
53357
33703
46951
51645
41366
14555
39313
5822
45225
54618
40664
17871
5877
56843
52582
18071
58180
6417
31368
41033
45950
40731
56824
36579
48191
57418
34641
53538
33258
53062
50806
55820
43232
35440
35061
47496
58021
46248
46382
50846
58181
1021
45408
35551
1693
26743
58504
38389
37290
9426
53095
38211
48298
26574
52411
36130
59050
38360
40971
57431
50477
41529
43857
8754
36164
41361
18969
39981
30670
56813
57675
38771
56225
53154
57210
58385
56919
39327
45244
16517
35069
53434
41577
37545
34893
52619
6487
48703
57465
58974
14197
58376
43822
46483
24731
54055
1415
42488
47181
55471
40912
59164
38531
52807
12276
41282
16949
54902
36983
36346
22938
44755
40348
53056
4424
47489
50485
37640
46291
31468
50368
39112
22634
52379
53304
35450
31204
40450
58269
37315
40829
36156
280
47689
49112
26094
40725
42562
2230
53366
56850
35446
40767
42286
10842
37866
40744
35363
40631
56186
47005
33634
41952
34912
23853
52574
44824
41575
27723
51688
34541
24801
37152
22695
48165
56177
44928
45848
36869
46555
32556
35031
41016
59153
40627
40434
55197
48036
57798
10646
10355
2665
41671
44332
46460
2202
52588
44609
38018
31879
56545
55479
42837
5036
50087
58223
40607
59246
47427
35332
58235
31438
6565
57726
38527
55622
20510
46792
57779
14880
50033
58236
43603
50633
57121
56907
8468
42382
48430
59058
48439
3749
35750
38240
36742
43243
42540
36118
20188
58743
42947
51056
46494
43652
44275
10738
58682
18169
52894
45361
41508
42907
35032
9639
34918
8090
41468
3242
47425
42310
48516
41254
41175
34943
44103
50795
40526
9213
58092
28838
40537
9681
38679
49364
16159
46417
41157
35021
34945
52939
48444
56871
28205
40658
1645
51777
12608
41505
36845
31016
53002
9675
53327
33253
25003
28342
48458
46811
49917
58299
34898
24477
51621
41573
57883
26861
49134
57802
43404
51985
29010
23700
30729
58565
42873
41324
40074
58660
40021
17941
58343
23238
30686
52424
44976
34577
12312
43284
58131
49304
53119
43664
56049
38204
40036
58451
57976
41328
46961
41309
53208
23065
57466
50555
49890
49553
42618
2039
30432
45969
49838
42076
38288
44369
39986
45677
57091
42549
39186
36998
57424
