54949
16956
14477
2127
34811
58886
39684
23917
59064
40199
44139
30501
55504
41130
34941
37953
12399
42181
57272
50017
56100
47335
54784
20325
17544
45096
57944
35403
52449
57161
25936
29995
57619
41917
55821
14484
57698
42867
6483
48868
52640
45453
33663
21825
45104
26540
6545
6975
1395
46842
39939
44830
19868
10372
36968
57681
54936
11987
46457
52249
32006
13379
16998
16223
39873
19900
37140
23664
38039
35027
30263
22822
54782
31459
50784
56626
55539
40208
59217
48957
57495
50554
53102
46285
35360
54069
47593
45889
7940
57403
49920
20381
33962
37881
41880
55147
45153
57651
51242
22543
2436
17359
52238
36585
48066
56535
17932
58862
4471
16623
5029
52153
14089
35718
32152
10685
54111
51587
14728
48978
18460
40285
54137
46949
11750
26918
50758
15252
53955
34285
41878
41740
47419
29811
44073
37839
11485
34411
7022
40039
37913
36985
31754
55972
13871
52514
41182
56449
33290
31624
13184
36407
22282
32514
31643
18510
47561
37401
36372
33832
24405
13585
38610
55885
16253
49470
41316
37745
42561
51738
49233
45959
39580
45948
55235
8715
50359
49950
10963
36536
13973
41519
11246
55844
18200
11179
40365
36970
25249
59241
7184
52483
19478
42130
38111
49331
58386
19241
857
38221
39448
23641
57295
43998
14779
19476
52433
37367
56909
58356
35121
55201
33575
40092
46591
42267
26950
41842
34729
50738
53450
19393
31077
40166
55120
24499
57722
11977
50001
34106
49043
43175
58026
57186
38719
54001
44404
29326
53635
18001
45549
17913
50174
11933
52026
33878
12807
56932
35521
34466
38208
32606
54830
41911
40763
7446
20307
57213
48706
47682
36442
38790
37777
22875
53467
45863
16439
1584
7066
53284
40518
36956
41408
57219
44363
6564
40193
52130
33873
42588
18869
34011
51838
46804
57393
8570
40138
36813
17529
11536
44008
52556
41813
40706
11624
41381
9227
43868
48853
32472
24851
49173
54485
51140
4936
36817
35311
7873
57251
57480
32324
1169
42554
46312
49868
45998
321
14792
3833
28851
11400
53462
25152
38630
40103
34546
54885
14298
36044
27699
32461
50553
37063
56731
32648
59012
48514
5499
48358
52948
55718
36719
8445
54579
13130
18967
53322
35468
42469
42143
31975
30578
19477
19095
50258
42606
17937
15998
55640
130
17523
30741
23214
29787
34125
41352
38682
45059
14133
24335
42154
34704
56160
18811
31968
18806
53996
2373
37138
48525
33313
55116
28606
5868
43149
54560
58812
36730
26336
14160
18941
32361
34558
44870
37714
36725
53616
22968
46577
17064
37555
21369
25962
37046
58194
19802
49663
50593
40013
13485
43360
7038
49018
46323
20385
31412
57315
58198
36116
45805
49823
21740
54090
57148
22156
52038
16554
30715
20444
45359
53532
53814
42155
40375
11049
51388
32305
32048
10211
12454
47708
38139
3787
689
34644
33951
7232
11982
34654
16502
24351
41163
57666
48549
30644
57496
43945
44857
46034
52554
5266
17454
1372
30160
51155
32112
48314
53701
54758
49258
40459
48652
43942
37971
52061
10739
35763
41024
33302
36950
56031
36229
41763
22125
48402
7672
15501
39516
41208
28119
52285
15286
34773
36042
36494
31742
37808
44355
3064
4043
43745
38697
38598
34563
28804
57208
37915
56162
12948
10033
50252
48315
35691
37207
43744
58012
43414
6998
35118
57660
34767
38079
54327
18134
56278
32992
50456
41397
43938
9534
11271
57673
37862
42800
53483
42807
38874
2557
48103
9649
45166
27571
36718
50631
55485
10613
25586
55429
44820
33056
56464
38684
24879
4521
45932
35616
38337
9250
10951
51515
51436
43619
14754
15133
47937
41670
29730
32666
53613
57845
7637
20342
1759
40416
35386
36827
45300
39895
34834
26095
45836
36855
22375
37935
17267
8140
40197
34612
59176
14033
6552
44270
9044
34016
49143
54317
29051
11095
19720
57239
56524
44198
35950
58491
15071
57454
56681
37328
43852
50587
9910
9460
34663
48471
38283
7255
37918
36111
57090
45417
40093
57587
57833
16189
34901
57330
52743
9339
55225
49175
55536
30206
51969
38084
29588
29649
15837
41343
23672
18743
42553
29992
47709
27508
24941
34442
48892
52092
8210
48612
42478
40567
27751
42723
47555
34807
48603
54218
36712
42087
42044
46508
27290
13930
28765
30626
48484
39767
56475
34343
37362
46246
6730
49741
14506
39265
35775
28699
36305
57875
12482
49607
45877
28037
52621
28551
28214
39356
13645
47048
35903
32544
23393
50900
13917
51414
11448
34602
5688
30512
54033
37746
56781
57187
33566
39490
35013
58748
26179
50917
55518
45257
44966
34569
38249
15861
31923
22856
46665
58729
35128
9694
34566
34088
51571
57684
34930
34586
54138
15212
23463
34340
10465
33263
19850
49087
3994
46713
45027
42857
6725
52726
32104
42104
29436
39997
49214
3856
41772
35876
40454
53718
53578
56348
22647
45439
57354
38263
16744
46249
1787
19894
38082
5407
38864
48759
32149
57174
21143
14589
48196
52324
30616
4768
31240
26551
18513
23939
41114
37403
45135
37597
19026
13654
33676
52009
40037
34397
16049
45572
28661
2014
53518
50098
46954
31475
55684
47717
51570
35448
22788
44375
33054
20827
45518
19707
11565
29809
48684
53179
32508
36840
17645
2179
7243
57655
32802
10927
50060
45377
25384
30431
46000
7997
53580
36803
7902
47155
31472
50215
37111
18054
48
51524
35535
8553
41835
31070
57595
27489
56167
2194
43251
29576
57317
58460
25584
54373
28073
46797
30574
21851
37928
25469
57509
34814
51338
2934
16930
51326
39540
44147
24575
52689
37307
58414
48816
37663
44472
16410
19635
44159
31203
44580
40726
41380
44555
19427
47457
41211
35554
38857
33996
57347
50302
50991
31237
42655
45902
13165
48814
58339
54186
6587
45910
39392
49207
10475
13250
10777
56715
34524
24447
32419
53703
57679
36781
54109
55015
36508
53693
44714
55902
40192
48438
52005
29472
6395
50674
33657
3407
23837
51602
44283
52672
15446
54127
34902
41156
12453
27502
26389
3617
39508
23322
58149
1746
53949
55007
30605
41663
35369
57249
37955
34148
57708
22801
55126
41227
34220
49691
11738
37028
1712
40586
15059
16820
15135
58057
56570
39300
40994
33588
45671
38978
54855
50427
52647
58913
49695
30819
32796
57173
30855
20399
54459
43171
31880
7585
58091
36932
42137
11474
18411
48918
45586
56273
55231
35488
16264
39154
59276
56204
58319
38783
47766
34402
31714
46891
42315
39619
29659
43431
31315
42531
54527
43508
45955
52338
15062
1065
56028
55973
23885
23152
34226
43741
39595
469
26413
6888
11739
37437
51696
42651
18853
48647
57622
46800
41109
32695
29202
25407
43964
34748
13414
53331
44239
27380
37947
42245
34245
34238
26613
42460
52506
28337
53583
31930
32462
37876
2893
20668
43165
5473
31273
34582
7937
47573
7003
47400
54160
45003
12420
16244
38930
55036
17361
27735
49375
50180
35481
27404
38280
44557
46262
17420
56020
32644
30887
3759
40463
54431
5512
43391
40433
56311
29643
55404
34424
41586
35207
57973
58890
33323
49297
17158
54819
47770
19120
39802
39253
20438
41464
46104
50918
36703
48477
53937
14049
27451
38281
14985
40483
58364
7989
5138
50217
54684
40499
46979
44826
43208
46142
53953
41098
31779
35224
52068
40104
32933
55824
7864
49467
33091
48845
19382
50704
49979
46243
54750
42188
52950
32589
7069
22539
44985
54872
46017
41374
32505
30417
27259
18347
3564
42529
43387
51169
16329
39773
21913
57844
26000
53694
37725
49922
54864
36829
58206
20914
29382
45260
39310
31905
57275
46565
43809
22304
22037
40663
2187
12247
6832
36472
58407
42355
37727
59252
34597
2027
39158
34608
6460
49445
26974
29501
37003
35322
33610
51555
12272
37021
30725
34368
44908
9192
33705
34513
43428
16212
53909
1976
51237
17072
41068
52400
8237
43249
7340
57508
936
34231
17613
13210
44197
46863
37790
44171
49592
56822
56972
32370
27294
54559
21639
12360
2587
12419
40293
13383
49177
37423
22018
37059
53087
40175
47206
40388
34552
2197
30339
48865
7670
42037
8322
51157
52143
26244
39247
38710
51429
2915
20292
53258
31727
51303
43358
4266
48423
47138
39752
34963
15708
29321
10851
24320
34462
34325
28005
54291
18141
52854
7252
34725
16759
34803
42552
46818
36193
28195
45062
32752
54144
1978
52083
44961
41106
51941
44606
9217
1613
57426
16840
27235
54583
47655
15154
2885
44722
27795
32493
37289
41154
39694
47658
36958
55332
32320
13306
54732
1600
7480
32728
57474
7741
35897
23613
35152
5446
18233
20343
16058
47452
48265
28526
27246
58064
24029
13725
7726
56093
5670
34587
39821
39161
9325
44440
55565
53090
42742
51106
50533
27081
17445
17501
42194
38685
41704
9466
53232
56692
7564
24438
18849
53581
32316
47139
11876
31904
2447
39674
40378
50348
17684
30701
39414
44778
45155
52904
42268
35675
40183
34833
54039
55783
27368
54788
53856
45754
19011
8809
12955
51770
22053
26414
29565
19031
3775
10478
51016
34591
38293
42230
57599
45087
54742
42699
10003
59061
30490
26735
58400
49965
49452
53022
45511
8159
45386
48302
39587
47853
55686
45931
40154
37228
51990
4499
22770
20459
6302
31373
39264
51297
47677
13465
54107
38006
26318
55483
30640
47416
37081
10248
44216
51455
3635
27988
55624
54180
38909
1501
52543
47347
19812
16256
31216
57499
10054
52190
34603
7590
62
28079
22370
30984
41562
45028
48435
13934
53312
28820
30687
28714
42834
45891
17711
26649
25979
54241
52508
5317
3828
8136
46168
10295
50397
27422
51246
43005
14885
1029
32407
47143
50212
38074
53704
26350
37842
20302
45626
35522
37150
8606
5660
31285
11797
37771
18462
56840
43669
46327
49914
29978
59242
20553
31724
10919
44193
17821
10328
14739
4333
19003
48824
44005
37370
11648
8526
42140
55409
3035
57607
40119
58031
48747
13683
13398
47106
51014
33554
54558
32757
32705
12726
16779
50535
37443
45875
57159
38519
30788
18626
50068
51250
59258
54947
54950
57490
53405
35916
36482
30104
47527
52048
50586
35756
43655
48334
1034
24381
48681
54952
24571
36877
37944
56531
29078
49893
37377
12714
3683
30529
12472
3405
17647
41425
17648
58368
22677
53722
10128
54899
37069
35304
6917
33565
35549
18535
13778
58634
48112
49095
15533
18387
38270
18711
37761
55416
47341
31343
32976
35621
56385
49252
38734
6389
44564
26493
51031
38218
44935
41476
10463
1467
41783
39969
44217
54805
31851
44992
38149
456
29333
29162
10928
22453
43002
28921
35995
55804
23117
6864
25934
47453
48079
36445
45884
14844
42598
57040
10077
40202
5801
26784
26243
37854
51656
56083
46343
20999
43017
44846
52877
49836
51752
26711
35837
18852
38046
11963
37762
5416
45929
22658
15544
2257
41681
59031
48159
35277
57211
48827
51784
50262
53390
29816
35242
58250
57752
19671
26930
56338
9959
44689
48745
40064
46991
41780
21332
56662
36165
44456
50783
38228
46255
31443
46240
4123
47123
34399
7116
53707
13545
28634
7781
23030
44170
37550
48593
51323
24309
58501
42634
8709
30315
36865
38769
25031
25603
30224
37137
45953
19384
56188
45341
17348
33526
46771
56283
13844
58256
46668
52197
52307
50837
34844
46405
31275
46596
22630
57265
55032
35097
51535
12658
36242
49142
13377
14209
36784
48591
52790
47898
46029
58253
24212
39197
40373
34315
22036
496
51889
43496
1900
53852
55214
39768
42384
42439
36186
10617
41379
36543
52771
45284
58380
51849
48806
49351
56210
34567
50091
50542
49181
42359
51877
39141
14433
45253
43372
42362
4225
23578
57498
12331
38736
30997
34771
35942
56501
33906
53447
29455
43095
42006
38777
37095
40625
27690
56686
54514
31261
50591
11363
36792
28217
50901
54321
51706
18833
54521
22348
48409
35994
2480
34822
41722
49628
18797
17502
20674
53574
22059
48453
44084
11917
15232
39825
57119
50530
25355
52938
7193
8354
38842
51217
37036
45947
40164
20549
51173
52135
55481
32280
57072
49641
49136
32337
44884
36576
36322
40960
1512
12252
58175
37720
4689
3131
49582
54483
6083
7783
43963
9057
11127
26376
32729
41149
23981
56885
41349
9659
19160
31491
56589
57351
56931
11961
40327
39149
46631
7517
31435
17597
10227
22500
47514
6904
32667
32941
41654
15496
39340
20681
13624
40593
27579
56505
47784
31387
29094
46387
39370
26644
45927
53650
31891
54747
35635
47622
55534
36342
56916
8804
15229
54876
57716
53316
52134
49494
48082
18913
50413
42221
13367
52356
43092
27301
12846
33353
32073
43016
1476
14154
5761
32132
18084
50409
51554
31282
7281
42200
18693
44078
19424
42458
38737
18871
40408
56481
19736
57300
18816
32267
39174
41779
57837
39318
11930
31434
30504
57862
37015
54303
1601
52193
46963
53295
8767
44388
36252
44603
36434
45345
34986
26173
41993
8756
8224
57445
48974
50453
19759
36368
46181
43176
41452
51087
38206
17590
18573
43416
47816
17585
34364
24951
41739
525
28563
54803
47727
56105
41258
34508
20328
45524
28986
9330
26706
36066
57448
36650
45413
41255
49756
37655
51967
22636
50750
58358
35144
46386
12508
48542
53981
43086
38233
6956
36333
34897
39705
29504
40095
13922
33731
25495
21763
58135
8310
54286
32413
24093
8234
33671
32610
46237
58025
4958
38643
52800
11764
36162
26452
54174
42936
40623
49411
41688
56421
48431
26764
53289
35174
16344
45032
9929
21102
3230
57812
34687
14951
24888
13896
43514
1614
22301
8059
50769
25760
44157
10606
29220
53376
20873
22516
59131
36447
52476
51121
12403
57554
38687
34438
38227
54797
34668
52958
45050
48791
417
50981
24153
50623
45705
51295
30456
9260
41934
57826
38197
46303
38048
5023
44036
33971
41785
45957
56260
39163
34437
6874
42210
48476
48357
25538
15655
10793
39727
40022
54668
54112
7502
46278
43777
58735
11998
31046
3429
48557
20731
39271
44077
51812
13208
34463
30017
42556
37976
53315
47218
54051
56231
48183
9009
52127
40855
9770
45073
52325
50590
33722
48098
49106
45815
8341
47840
48316
33866
10530
34655
3713
12629
48420
53935
40475
51325
53910
6717
30519
43433
7186
15884
46619
20401
50839
36711
58391
46376
46605
56410
58475
19801
51986
31120
6544
30029
36357
30471
48067
41583
45289
51695
24590
44993
58080
41895
29815
41691
33351
54896
53237
31515
20677
7589
6660
35859
33529
850
53533
47810
55282
25494
41455
58494
33940
31362
53869
8893
55527
49993
33114
39216
11666
32318
43526
30624
33974
8094
40126
52964
5892
48437
45899
36410
15164
59144
39169
50853
54898
40035
53891
58822
25414
12358
25951
35823
21756
56782
692
47683
3456
49704
39693
35171
22708
57390
53520
30485
31850
3848
51531
40128
41204
35514
48715
54776
42119
49556
43776
139
50968
50137
12910
33283
9519
52968
24720
50525
28366
7882
18171
53516
30597
36350
5928
36981
36999
45984
14672
56233
41164
2321
8984
28112
51700
27458
20534
22768
40255
22213
18093
74
45850
34678
50757
41069
54427
44486
9481
5950
47307
54006
27080
21973
32434
17717
29482
38767
24338
46271
57658
12632
75
56825
37518
41142
3589
44509
2772
29150
26347
24834
34669
8107
35000
9041
35800
34132
25610
32523
45288
49188
37554
11589
47789
7810
45069
33520
47351
780
5263
41321
48257
49001
52150
7317
11287
4955
42231
38117
9238
44204
12870
11041
16102
11375
9381
38250
58201
38060
34413
18118
18798
41998
29384
15890
40672
45379
11477
52335
26292
42659
37116
44957
31292
58001
13134
53207
42447
39936
3649
50724
45277
37703
29728
51465
59101
3193
29813
48800
28936
33509
29152
33910
6665
43563
19118
34763
54000
27488
2236
50375
7460
33707
50965
49220
13535
21686
14475
34474
46883
13283
9040
50657
36573
52032
6758
40649
24779
8507
3875
6462
25266
50326
35907
17702
46336
6925
30067
38703
36737
48442
14095
50040
54361
14318
41143
58887
49006
57360
16204
37622
50929
56463
55140
52985
43012
12267
34579
35608
43427
54316
47744
32764
11988
49999
40146
47980
43069
45798
34149
34657
48029
59158
40445
42167
39437
16616
37951
9890
33318
31236
58359
51160
29822
17459
40097
53807
16270
34746
41857
21087
56599
2124
23480
58492
48951
46089
36230
31846
31956
49110
10264
44317
58133
53268
36128
12520
57266
57114
15129
25419
47812
46224
23317
15096
49563
23875
8138
51675
7697
54849
45315
53251
32276
37029
57235
58418
3272
35905
4239
36240
18019
20576
40755
53911
10766
3209
33863
40326
57222
35384
55737
12913
37797
34611
13866
28783
40243
53214
51584
7236
54175
45448
49994
14991
54341
26345
49486
23213
23958
42941
42805
9804
51030
12747
1529
35586
39440
34652
34817
43585
56933
29776
10925
58488
13607
43108
12470
37531
47440
35644
13863
48674
47983
39742
51888
14961
40330
30520
4271
26553
6716
33108
39501
30901
41055
25546
49169
37740
45824
38920
30397
50374
33964
31830
10044
29494
46337
52873
43644
40810
27113
30186
49337
48451
53584
50834
43752
58815
20175
19813
38858
8350
21360
55105
5260
56185
21860
32240
56267
53220
8372
37925
25900
52006
51301
37991
56556
42219
31786
15965
43344
33924
23907
45048
27070
31870
4270
32239
55545
52272
57810
19378
39042
6785
55893
38672
47027
54542
28531
36384
45842
49742
47705
56607
48825
45290
15572
38884
49481
38147
37088
40406
14544
7527
49154
8384
42206
42391
34684
21581
26961
48871
33404
34530
55521
38601
16243
48724
10349
12359
49482
34535
6350
54134
53522
57067
31084
55988
38877
36757
52778
12395
53140
34126
37885
13047
6225
23177
9356
31953
45418
51953
27160
58073
54962
43475
48145
2527
1541
55872
42832
57596
10362
6617
35259
24425
40271
36426
51183
19109
52493
53670
15999
32281
47786
35321
27449
45694
34573
15177
2134
30253
41490
23950
38788
8604
58914
46345
37756
49329
39224
24330
44079
35275
38779
3780
56564
45853
28616
49584
51839
50403
33024
40936
35928
15945
16521
21914
6219
20492
38225
49468
33720
57205
19678
51978
45809
47488
55856
33999
35812
34291
46272
41031
23531
27307
30830
33970
56330
46052
4946
15454
30292
57804
45789
33997
28994
4340
49226
28556
52462
19448
36400
58852
55800
8394
22431
25822
32470
23903
8380
7559
51912
30691
9801
53396
25340
8478
43911
44506
31267
53605
53866
9773
15039
1936
36505
25383
46999
49896
34227
51995
49940
8104
34320
11578
36223
40124
37304
51341
31648
57468
45276
35833
40736
17874
8608
52751
32272
6697
4856
26029
30712
18078
37434
40644
16545
6490
49081
39555
8455
58694
19139
31331
28750
31600
46855
9698
10082
47866
16247
6130
33946
49288
43438
9243
16133
50582
3818
35037
2158
46937
49148
53666
35221
39940
3132
49681
51994
58441
40319
55288
15437
33942
59183
26387
55261
30274
23443
58360
53049
43867
10511
43835
13617
9825
50278
14215
18101
50242
30021
57373
20333
8623
9625
38059
54638
20332
46666
55898
55402
50581
58840
33693
2063
21998
54155
43618
43895
31751
59226
9027
49299
41391
51378
33775
7628
46124
41976
34155
1685
46289
56492
9899
30478
57780
40312
31848
48778
23997
47545
13241
34735
30058
52427
14101
34658
30854
41793
15756
50673
18255
53425
19724
29483
31509
38826
30312
29828
48580
34712
29755
41160
53652
2732
44230
30993
12727
47386
52020
40937
45440
54752
10525
16235
4963
49527
40084
268
40928
31838
8331
55287
50371
7016
3868
38888
57167
45372
41938
20695
52832
31833
7158
41174
28959
697
19363
54630
10509
57680
34850
6205
49583
44245
16747
58129
26611
48077
32745
45597
49694
14625
42490
30442
52263
7721
37954
53610
14324
32731
22315
58670
29719
51503
30365
48893
53270
9954
44014
41054
35429
58285
58459
55132
7591
58204
19119
35307
23508
58551
50467
52657
58202
48091
15753
50987
58260
15943
34005
37948
55230
7852
49361
44554
40321
49548
17100
36386
1088
33099
45033
35464
51689
25921
55990
43056
40442
45154
54246
55529
14262
31347
33655
45795
29804
10555
51485
32045
17503
22718
35080
58408
3552
9104
28406
57787
58699
48560
13084
20544
52434
7122
34914
12417
13042
14280
43362
42564
34927
17286
45584
8194
54910
40083
35976
46290
49442
19881
32209
55148
35965
3858
45180
50042
13916
39434
1991
29462
225
9274
38966
56196
57282
34068
40211
59023
58381
897
39806
46725
10026
28701
43590
58351
34620
54654
48248
8019
13222
39627
54371
34262
31458
50044
25458
52260
12411
8713
22317
49747
35225
49946
54717
26588
50700
51159
50652
22372
7492
36879
52602
34361
56523
49503
27220
38258
33695
58584
51559
48028
3788
57324
57562
29812
7053
57166
55259
48185
42226
15053
35967
37409
15399
47530
43224
46673
40667
18763
36888
47858
31692
849
20656
31157
54665
109
49685
38891
23762
95
50443
36516
44153
51858
8162
36542
40204
3397
51820
29281
57417
36849
31078
58481
15934
13154
58597
32264
29110
5795
7620
26195
10413
49313
43843
35374
32053
40281
11350
11437
55765
5838
20388
52744
57313
10781
53257
26586
40280
50817
44956
8298
36755
49715
4992
45995
33696
36272
21127
36226
38171
53266
35544
33675
51643
36427
25470
42473
49114
42780
14834
16892
38186
12688
386
31671
51223
50445
6560
35368
50772
34665
49155
56583
14533
47621
50600
8638
51099
41125
23067
41944
30945
2563
34205
42836
39268
45735
54226
34699
9705
51902
54694
38068
32136
37585
29568
38120
47728
37755
36449
20694
46765
2048
50543
57753
28084
33637
47618
52911
35861
9493
16108
40820
9516
54770
45221
26282
20430
38902
4673
13924
39063
49682
33969
29563
53365
56528
42182
37835
36830
31946
14231
43038
48558
58127
13294
53665
29194
57796
46208
19116
30109
42783
16576
48869
29285
38226
55969
48119
56927
53646
34565
49899
5905
2059
54024
54640
58793
52366
58841
39739
34576
19051
25034
42199
52699
35753
19372
30071
42078
52015
53066
28069
43919
40927
25940
55254
55447
54332
48604
38921
36262
52126
20569
43405
40552
56567
14021
37687
7516
38080
58345
46110
36367
56362
39553
35738
57283
31512
44640
53702
39222
47199
37209
56035
17505
56003
9078
32709
31497
50057
10771
32684
40964
52123
30451
33306
54420
55530
11884
37547
44183
15151
13347
10944
14744
39143
20014
42376
24062
57839
32831
50937
51294
52140
2089
54
39483
8175
51617
29137
40500
31250
43967
26654
41401
1856
54230
52018
56412
34896
36980
16761
7957
38517
55122
51769
41356
22313
43365
17583
32940
2150
11481
34309
42646
36589
55843
49122
36808
54299
33817
33816
55172
56068
52842
43708
2470
30858
35868
51015
49344
48543
23551
27568
55508
31467
12035
16251
52013
23129
50339
54425
58379
38665
49379
35993
16883
28295
29743
5876
55914
24414
56520
52616
25227
57307
39497
431
58790
9665
8929
51950
40040
58837
36816
55756
58531
7542
14396
41456
55211
6788
22447
41470
33408
41150
39043
32247
51970
28238
42434
33585
54237
41572
488
51840
36451
32319
44911
6640
56861
2129
56512
16860
41936
42184
54762
36199
1523
46342
27461
15141
57790
56780
3218
20463
57455
10155
16320
55777
36090
45592
49137
40233
32366
14018
42240
53417
36369
30323
56632
20012
56830
34250
37611
36752
31731
34018
42418
8620
8192
48463
15813
49706
49353
15064
33834
45381
42115
53343
32679
44100
22136
57966
45767
41065
43077
55953
6109
58264
36274
483
16678
32216
27559
32069
52224
13240
76
12845
33086
40698
13625
39615
12902
9631
11040
43601
39531
36795
29861
59218
45785
38070
55275
4663
48579
41191
55043
42704
35714
34007
54128
35408
51997
29132
27037
34087
38969
52116
42380
37940
42953
50412
56218
32456
37643
33926
45823
16220
53570
45933
38260
54477
44738
51427
8396
40363
32448
41769
52858
8328
31865
49711
54780
1449
35228
57847
52898
18288
53137
10656
56853
39182
16231
42229
37261
47524
42209
37484
43367
53776
32416
49336
56584
32478
57323
41674
42088
42799
39447
39111
34780
49855
43779
39961
55633
51729
3232
34714
35400
59177
57243
40437
5897
46016
12308
13403
45544
57198
59136
1404
31628
52328
29312
52895
28674
45949
27222
37979
42223
38203
42644
54620
56026
9031
48937
43728
52614
53624
51943
17493
40665
41807
45296
57965
2577
11642
14559
59231
15632
52538
7348
12468
52612
50786
51322
37026
49489
40200
30400
58395
3169
5760
40291
43182
30936
40230
41297
51008
55749
24921
31552
19456
49236
50762
1920
25336
33341
40288
25905
33376
42332
55505
15469
35245
58207
46059
47981
2386
53004
36435
37544
621
40498
64
40215
45429
53019
15678
21259
6238
45512
16789
35779
55431
20730
27344
45214
14048
31457
34383
23595
34490
55787
13864
32517
19457
32452
19428
15910
4293
36626
52089
8935
45890
50898
53358
41488
7731
22711
13879
25675
57614
52907
42680
26676
54809
40802
7316
270
7787
37134
30949
44682
55932
7903
57410
58422
39429
36201
3541
52084
10468
17685
48783
35926
49014
24005
30013
50815
43877
53527
48374
15657
46669
51538
52322
8040
54124
52670
12393
41072
58609
55592
50407
58482
50038
55970
39765
27673
16279
38708
34715
50103
11319
51837
40546
51409
54508
2368
53397
12374
48221
32943
7326
38416
14232
29444
31700
39769
34286
11643
56045
42103
32785
5900
39924
45868
39152
56479
58314
41904
46987
51479
42236
1288
2290
25321
49152
56340
42789
46674
27068
36724
34207
54800
39148
19287
41146
38989
6663
27463
57338
56748
23041
57137
50661
45144
34700
37182
16240
32697
52661
2910
2613
23795
16272
59169
40669
59272
22656
58027
39478
33400
46161
16479
57880
9228
43823
43147
58344
25694
6557
52537
42174
55738
12010
36507
8263
54926
33380
48403
12551
16158
40668
58578
31612
34482
57530
32675
30331
7364
56522
11397
43766
45748
58623
28830
44508
11014
37068
35946
53500
47962
9626
52349
10994
55781
53662
41850
42744
42414
53291
34741
51725
56002
35579
11510
50983
50420
3419
47008
9721
41872
44943
10358
30988
40201
4152
50725
7757
36909
36140
11471
12336
53236
42442
56519
36444
55344
53197
40585
8565
34702
47042
12476
39617
32075
332
53625
42019
33879
43510
51333
42264
56971
49183
44725
26564
33104
45912
30601
47375
46445
31854
32810
28027
55713
51823
29437
23327
53392
45010
32503
4011
10446
30657
54304
5299
18208
52305
50343
27956
35119
12258
40191
59219
37499
36610
48594
30395
3857
55098
35334
46338
58478
56096
43799
56673
32584
48376
54990
45363
15195
9279
48218
46022
57394
38938
6513
49139
24393
47317
10183
1565
34179
36298
49902
30664
56217
6222
40470
49011
34686
8319
8256
1961
35596
36054
45303
50507
56841
47228
14070
52223
44366
33326
12529
53686
11895
59188
36081
58307
50045
29226
7425
43018
9296
45425
45159
52273
1173
55210
54278
14865
17822
48922
29790
48630
52766
35089
2211
48559
53790
32385
35864
5894
35620
45580
34972
40422
31033
1683
6466
43014
40176
34297
52024
355
44937
34496
58787
48642
42183
49915
39491
33704
11311
19081
55064
1570
54718
31034
42282
52079
24560
29562
51298
19259
37355
50111
19328
37789
31266
59230
31056
51807
39398
16448
48740
6792
41145
56852
35023
36421
11780
31488
50922
33487
46105
34056
53541
33556
51624
49782
35911
57285
30548
16191
43633
42870
57074
16587
43490
39703
50520
14276
19773
11283
24523
35044
56581
34123
37801
51545
47028
36992
42394
15270
53181
39294
50108
48254
58281
39228
50807
22300
21806
16985
11488
11602
32306
34076
36812
22941
2505
29497
53308
36195
50190
29753
41644
31032
41838
43559
19525
2594
58490
1933
13427
25578
58224
32494
40389
27636
32123
20383
42754
31986
35704
53070
58901
36766
45958
7318
10335
59068
21222
29906
31701
21542
29409
14046
7576
47564
28732
55278
42432
5676
37871
41407
44461
37441
56998
41714
47216
5724
53658
24552
16054
14863
52952
52196
58053
13031
51255
53947
48071
16567
8168
14063
54536
204
37056
7033
30946
42336
49863
50820
15530
57260
48764
4209
42242
47562
26725
54774
59193
40534
10786
36359
10073
40579
55061
43787
36191
6920
55564
56762
48888
13913
33246
27469
57339
8345
38463
50748
39699
47519
23791
50384
38235
9428
56652
57820
39212
37006
48799
48761
40209
5974
51591
9407
35336
22068
29352
24529
30271
57792
49050
18937
3047
22783
40117
54432
57139
46319
28198
58818
54443
10354
45317
57247
18336
40397
35531
10091
48925
4301
8700
51836
52745
6412
58126
52578
11909
3714
58457
24296
52406
56252
12634
13487
6329
55022
57016
52391
40759
41720
30596
7728
28242
4995
58049
50573
44248
43955
57972
53342
34877
36789
56043
56563
39134
33743
34540
11192
29403
38031
32669
25433
19335
31745
29445
2223
34373
39566
32605
28153
41246
47411
45114
9813
6895
58328
30896
9139
41115
10228
48115
51269
46808
49017
58315
34124
43673
2156
5789
44576
41405
31359
57750
49735
13048
37465
57299
4988
51351
22268
39200
17552
38623
6246
45954
54217
10230
53601
17803
34392
413
36402
34012
43451
53051
27257
9781
47647
43447
27141
42189
6850
46877
35540
34162
57099
51847
18821
29457
37927
47996
46927
54493
56922
50148
36317
45787
24598
50883
26072
38325
7423
20452
32604
56411
14645
29883
53026
16489
58277
29340
50541
42013
8308
33648
58167
52635
7466
58775
31474
6826
34313
34398
1194
42202
57320
52282
23919
15668
46418
58252
53240
59127
36746
53017
48758
15330
42304
46969
11924
30430
54958
37562
46524
27667
46518
50727
51252
30399
49119
56663
32450
13846
33530
35922
45965
9935
21063
39642
59274
46056
37671
31113
7800
30226
24008
34528
25265
49935
52507
45943
16311
56240
58044
54941
41774
27006
52479
32608
36761
3221
15491
34459
25611
50583
12964
23733
53974
51205
34380
8275
6661
29531
40715
22995
56980
18824
9135
55190
46575
34461
16296
58495
17622
5908
50689
7225
38200
53657
6426
7140
20715
11431
47608
26138
48068
51948
33653
28574
53314
47003
51908
35863
52857
13159
41225
58051
6477
42905
34882
14191
17857
54074
6398
22554
45100
51150
50428
19634
39529
55195
38244
38294
53793
35614
57688
53936
33006
28140
50921
6032
49157
42788
14025
47539
49802
47160
58036
58041
40252
13965
28127
48956
8511
51907
41883
41295
31869
57657
58388
24288
18838
49382
51158
50417
41050
55980
35435
50574
40263
50572
9180
37051
41590
36553
48676
46175
37690
57479
42889
20472
52163
53336
15101
51947
13043
35740
43791
40504
27642
7547
36100
35316
43812
35365
36363
1859
7487
45777
43832
50588
43377
7909
19510
55160
16877
56694
15317
55249
7666
16234
40569
23118
53186
46536
41549
19523
49472
36854
51426
8063
39132
35220
30812
47182
55807
47291
58732
24297
8152
41120
43528
41304
34588
31161
38284
33470
38058
55177
35982
31178
41899
51682
36412
41690
37956
22744
21215
49716
5570
14078
49116
53999
33828
28158
40322
49096
48899
33888
8279
37739
3755
42563
57838
9465
55688
9083
57764
38165
40286
47418
37615
57043
43067
6781
22266
9761
50333
32459
58231
37061
39487
23007
12421
35410
11082
21551
53933
43870
34488
9854
48926
44352
42829
29392
3884
42179
58737
48719
45125
43837
52527
57636
8744
56550
36429
8648
52686
52028
42383
39087
43749
22260
3837
31222
32311
41336
51536
43448
14814
50237
39498
54348
45234
43180
16350
19653
55875
43720
50416
41083
34697
35842
14026
47082
9820
57115
37875
46385
35323
42643
29760
22206
57028
57310
41390
34015
47433
42885
42420
32354
49234
45907
58557
28015
45558
49502
50739
57126
31484
44348
58912
11085
53297
8988
54364
58108
47077
10888
18884
32654
7020
22726
19408
13412
35769
53212
42396
2763
59087
58416
47586
48739
56139
41731
22228
46266
35659
55229
21799
56425
57669
38822
12536
26363
40160
10717
51871
46907
55630
38285
32655
45146
53443
53099
29663
43502
6755
58903
52719
28408
54946
50039
49129
42494
49813
42631
8321
34067
54793
42774
56084
54753
37612
42959
29916
41423
55512
16173
57998
59156
11847
38212
30107
58015
46351
55920
35972
24431
28992
54454
2171
52644
49067
4987
12083
33647
56992
18136
23904
51478
16783
45951
32736
54730
44272
49245
8352
59111
8865
35413
40411
37652
1915
46317
54816
53903
27154
26896
11758
54525
26344
51238
56677
48193
46321
43968
56856
42790
40282
9240
44817
16149
3206
915
8666
37754
43583
2007
50253
47572
7652
47802
58050
43896
34218
53621
20189
49754
16233
55778
12753
52225
50245
38170
47058
44975
23895
45066
42266
52928
22148
44161
45746
36337
9061
48072
19553
33080
44021
43861
20270
56537
20711
24340
38953
28876
35108
2413
21910
49334
50695
48222
47135
44415
57049
52099
40354
32304
51699
34820
27429
8704
20220
53180
50022
56313
50571
56608
32948
37341
25211
40862
38239
48995
53362
37277
33212
34554
57290
54660
32196
34453
51760
47246
45070
27786
27480
48341
31256
36246
46647
39176
48142
42417
24163
45163
14347
9906
56990
44617
9034
52519
58016
38257
56704
53603
37868
55977
8938
55042
49567
15359
51068
46722
45817
4890
19507
18308
27793
51321
6208
56984
1232
44149
56526
36939
54666
29469
49748
38542
25460
54601
22920
39103
48373
53745
58047
18271
39095
13529
16878
4976
52896
51386
18765
34289
27797
44739
31808
44224
22250
47043
31045
14867
26603
36217
28949
35185
49638
25299
59155
54347
3385
2035
11637
34476
16580
42092
45901
10449
47361
36568
33641
34629
48179
34206
23754
58399
49469
40289
52151
49881
6387
45973
45095
32290
6629
49440
29856
50827
11559
40852
31550
41011
26224
6337
43973
56515
48307
35302
42872
26024
44999
23589
18834
55517
26294
44916
36886
42422
35308
58219
35092
47068
34718
7981
16559
44168
30639
40159
7404
30327
54772
36915
50523
58115
43317
28767
9517
42512
47065
51214
30897
34766
13961
44832
49386
40781
49370
36328
23691
51065
49293
56164
8561
51163
30955
54274
56101
31182
1994
47651
53976
47978
55929
7319
34788
51391
48209
31896
43920
35672
16167
39096
27615
47498
50856
58827
884
7303
10658
6185
41273
6206
48242
39972
53663
14851
15361
10768
32583
11609
55277
35952
53112
34580
51822
30535
42159
43462
3825
41871
54301
58022
52169
49534
50527
42136
3270
29797
50743
2707
56801
11293
35731
36125
27325
40380
8510
47666
42435
25938
45769
45186
54416
44563
14418
37093
50709
44647
57900
15869
44125
34858
49086
48518
12297
56392
38762
52683
29394
52587
46805
46205
17426
13376
47560
9525
12279
3235
56559
35212
9251
58258
1099
46853
58698
42546
17558
29945
40946
18285
24412
45837
42175
35884
17409
35244
48010
49973
43790
42599
59191
55012
3502
8145
264
43540
22582
35951
15629
32068
18410
45308
3159
16633
28953
598
7663
50653
53016
10527
48089
59224
37495
54546
58629
29756
55063
58766
48052
45956
35992
40351
36515
57897
14540
41198
19886
49809
29138
18135
24184
52414
42995
37529
7393
51103
52718
38637
36087
45492
42676
26490
15988
31969
38824
57472
52148
27315
41673
56538
54212
21197
30333
58122
35310
28971
33462
53985
49454
53645
37467
15460
11026
3164
59205
39404
37742
16082
41087
39388
45093
34639
47738
40838
54323
12997
31615
4359
30035
43897
40345
34904
42204
21189
51574
12154
9291
35937
41019
7711
16193
46930
46709
16895
55465
57242
35746
12855
4339
49576
46315
14017
45014
51107
44231
11161
8388
32301
51424
38652
46711
41876
28627
37217
5403
52481
18186
40114
54734
37365
31181
18818
29984
38374
55161
21381
54787
30415
32151
31197
22032
50559
37103
7049
42227
5865
11945
57638
57857
46971
25133
31481
31782
41932
42796
37731
50070
41641
11770
35504
30052
37105
46732
50962
14892
30696
53597
6844
16248
35246
39626
10321
34096
48076
6671
20235
27527
32703
44632
57936
759
53590
1041
6486
39985
47997
24833
41078
46223
29669
40270
50614
8640
48182
11515
8420
35084
22162
52464
56536
17988
18322
33231
31192
49991
51832
32615
32346
48878
11453
42046
5752
44923
51664
55227
9437
49803
52717
9796
31087
33242
55572
28239
6522
36676
46643
15203
28403
23416
22307
10775
36433
47680
26100
7160
44409
30115
34662
25700
18503
12072
39536
19776
57045
47509
58581
45619
50288
40961
40519
51561
37540
21006
56875
39866
29191
13415
54329
36776
34467
54836
43440
43154
56682
54343
53431
33561
40997
39211
2243
42213
11833
32859
32057
1202
47829
21788
49736
40887
35646
56700
9087
40116
39131
38033
26135
33234
58172
34751
11389
34021
10383
41176
47842
32480
38115
33276
12438
50491
59082
39029
42440
53332
2246
1256
42444
40409
33831
45851
56137
29712
34759
7850
34653
24791
2062
7019
48062
56658
50015
1114
20288
57604
43497
20154
22795
38907
31735
4306
31445
48189
6415
50006
39449
37804
17576
40948
40168
52733
49789
51432
35610
52086
58048
12505
14060
48735
8497
56639
48987
27810
33677
36882
50399
42966
9073
58383
10050
23986
47669
41153
8867
46710
34510
56591
38194
45928
49666
46283
18467
50029
43625
21575
35827
40161
36025
38387
55075
56116
20660
24464
54755
58309
46009
9164
49697
44882
46986
24413
46546
56138
56709
46590
43602
34481
38154
48389
15637
21949
2112
45354
55829
49131
26878
48046
50620
50317
34760
51143
32353
8001
5776
37937
49815
47434
71
40819
45449
13601
3769
19689
23827
31231
39552
8284
32639
39183
39562
9269
34774
7369
33909
51216
12821
29798
49051
57594
9908
34708
3286
12741
39171
51562
29268
21316
59123
48535
35573
37820
37411
20593
29676
50562
34230
30236
36551
52696
34349
31963
34742
41281
39135
23179
36097
30077
53466
53697
50926
33933
36220
39371
7932
54101
46440
56542
41828
53339
16909
34736
37245
49097
41096
55946
55286
53073
39295
39281
17571
39381
44519
12686
39122
58242
58928
36872
40294
37960
58160
