52445
3369
32530
15002
5522
59114
49622
44712
4838
39685
47078
1735
51726
36662
54526
5582
8672
25359
19500
43325
50357
44572
37271
58650
58627
8230
52410
30132
37397
11818
22618
7653
47893
2531
11037
9976
40462
38560
47886
15430
20590
58527
1188
35034
38376
25309
34371
19957
32532
8495
56209
17643
19733
26778
21461
55911
53778
3695
45220
23174
56635
2415
34928
30864
33767
11745
1838
42691
2409
491
58726
12209
48722
31683
1104
47303
4873
40878
31981
27960
29909
14594
30479
38406
56790
20024
55865
48941
5245
11491
55808
27430
9888
3779
23790
10199
539
20124
52741
4732
54088
17971
42275
33515
26278
26719
56122
18739
33312
4813
38692
31052
41030
10584
30813
39559
37619
58714
47363
47764
11228
52648
5978
19692
36628
12340
35529
24002
41438
9023
51892
28476
15558
43047
50874
1605
28171
34449
18154
2786
51547
29987
53465
14250
22358
36416
30124
21947
48288
14357
20253
27549
5573
50307
31834
20230
21466
1896
29930
4933
54260
17955
1537
22706
58310
33471
35743
53901
35047
16960
21005
23121
19613
54537
53104
32225
18385
41918
48976
14612
39663
20039
49501
18038
34138
36722
19982
1016
6840
4880
6960
56951
46091
58967
42601
6851
5577
6309
36671
26098
27427
423
46178
52549
35626
44303
8543
45393
43066
47807
40743
46778
46882
38339
46204
29520
10169
33728
17819
37220
30429
43578
36534
37895
42725
24694
3372
42626
43019
39109
12352
58900
38908
2830
42465
30779
50894
18389
23328
1799
30059
42963
32791
2741
30836
45520
13036
34860
51210
42846
54472
11413
37432
30515
48274
38409
15295
42726
44605
31972
25658
3250
22982
53636
36819
21480
41440
51532
99
58992
36738
18320
20617
30562
16214
42727
28129
39758
12625
43663
31750
44273
15300
43721
60
29043
4020
33899
44740
1764
2023
10485
22369
47887
32868
36779
50859
18152
44875
4314
35142
41524
33582
40705
47373
48895
51914
21423
51796
31301
26049
41128
42974
1607
45991
42826
20016
2514
29418
57225
54215
21848
26694
38832
25653
20990
40447
33468
50293
34895
20850
57825
34584
25542
27184
4302
48201
31466
44901
44660
45970
50134
26606
20849
1679
9977
33039
19407
22499
32737
20083
33898
28467
34053
976
13828
54379
41905
39012
31102
49318
48375
24969
29870
21398
5393
40533
47133
59052
38392
32172
10208
55324
51119
38414
52994
40212
1174
4365
637
43589
481
8914
4413
3902
1408
58628
28495
17279
13030
33864
12105
50410
1801
6512
18107
58985
33880
680
26639
29257
5507
10010
29885
2342
39668
5626
40350
10042
18337
19426
20090
562
12117
34079
23505
16910
12102
10084
13129
26245
59069
20651
49932
29044
22288
48272
15180
40016
32721
49769
1361
47721
8968
30970
47662
2592
26198
4370
24729
48051
25218
40897
6360
11113
10267
21412
22745
50984
32467
58571
34959
20184
20086
37600
33764
32784
10683
51348
26023
40619
38605
1864
31618
18741
3982
22797
35168
1490
7780
57177
46957
31642
33615
19696
20884
28452
51517
31068
24970
39407
55780
20770
47724
35725
30169
1006
44927
49623
8639
13020
55470
39486
33096
37309
44251
18912
16314
29160
54305
4049
8981
24199
21278
50619
48608
21657
4609
35043
41094
8950
41070
3412
3609
35192
33031
25594
12299
29720
30074
27034
44654
3703
31721
3124
3469
1588
31925
35985
55226
25863
48249
44926
44066
20183
49869
13691
977
11816
44531
3443
37049
32138
6090
57486
15852
4047
45780
50147
49350
29525
15984
58830
42660
12637
19210
6410
19502
30111
33162
43291
27811
37594
30212
10913
22242
39542
55369
31185
53324
50719
37292
54850
20961
45261
12009
24156
29936
53674
44583
15128
21708
36702
12579
4110
40541
57020
26812
23718
20172
41903
53416
21684
5223
55646
8254
23144
12887
15851
32914
958
42622
33463
33890
1097
53445
46476
10068
12932
765
21899
26144
5854
28381
8751
295
8453
21454
57954
3175
54596
21716
18590
2546
12908
5861
42748
44425
15302
44751
7041
41686
2536
24928
7048
46735
27977
32298
32212
8771
36861
16211
45342
20283
46149
54168
41025
23360
47922
30386
10609
38350
7877
0
29516
5374
38870
20091
40535
54023
50350
36510
4236
29947
21435
316
42593
26107
30956
53005
1418
50440
28188
14167
42681
31836
1011
10259
20142
26716
39734
1487
2132
55657
22774
56727
36654
28612
32188
2950
15116
26801
19744
12260
41798
2510
53724
14249
38128
10137
50705
10570
55269
33870
22707
24407
16335
54476
44763
24278
46043
20417
25374
19463
3173
29784
17797
44423
8061
52408
38385
33709
42982
30703
18605
58056
19930
12676
547
9354
21428
49844
46095
41449
28806
43742
29860
57829
10513
11476
1560
51319
16390
21697
1766
20871
33732
33134
26053
55584
48204
8000
25043
39093
12330
4366
40028
20781
58620
55511
1488
31150
55685
58647
31873
1299
29188
42841
18754
38129
6553
40543
8105
36279
30364
56642
2458
470
46221
48174
2572
52651
39190
13599
7397
55888
26781
289
19937
6720
34995
33274
32417
30127
36731
55647
58978
20078
55677
1111
58847
46193
21484
42068
44490
9677
21535
9028
21399
32079
14277
48820
31635
28042
5602
13947
46116
32171
12718
58745
31506
29710
30948
26665
39546
21393
1187
45295
12362
55101
22216
30950
4143
53133
5513
16043
524
7914
716
5981
33143
30524
34926
59236
27505
39715
20025
15436
51410
58816
12621
40002
49604
35050
30604
36489
24226
39083
38431
1564
20796
6709
32909
57853
20558
28437
36524
47474
58535
42555
12011
19939
11410
18447
1587
10422
57831
47678
5662
22676
36640
58821
30090
933
34881
1581
51049
33631
31007
3673
3957
33544
18543
48737
11530
53879
33097
53548
18444
21131
22100
55939
1863
31893
43765
47895
35790
20808
59125
37607
16999
203
39943
46191
18814
33934
1840
20799
28769
38309
36360
51023
16349
22473
11704
9960
14471
46183
20964
44651
13137
46444
30718
15021
22735
31722
25273
21656
25607
12236
35747
53433
28384
28371
33017
49948
10967
45980
35810
19200
43672
30391
38648
318
31682
27350
7845
30618
58885
28873
34242
27698
46167
58955
58096
39812
53894
29611
18607
23187
17159
18128
45494
39125
2541
31948
49253
35791
24995
51588
56322
50870
8910
45366
4128
19967
20077
26082
42811
58753
6388
18536
33646
33118
44386
1663
31328
29765
9129
46567
43782
7461
39453
30306
35130
15551
49873
15948
93
7334
58925
48650
10990
7468
22505
30954
55610
43111
37188
29929
10359
39455
36409
21668
51417
1765
51280
7587
38271
13951
25289
57605
51233
3534
1057
55025
26795
23027
52510
31645
13000
37323
33838
4786
55019
23984
19984
14882
10564
8457
17167
38806
55072
40458
33562
48154
34145
32315
10348
42062
35166
31771
19018
37080
39815
19629
32038
26727
50126
21915
30092
10909
4052
558
56248
44544
31224
16565
32352
24419
30436
30911
50143
8370
55574
13160
52046
49539
43228
3120
13285
24768
20939
4789
20473
21236
40
31303
32718
29179
30978
31108
46929
675
18064
4118
10193
41039
19756
7674
17205
58664
8587
44914
32071
2516
9757
42101
20330
18956
10788
22189
16674
30486
2523
6974
52980
42760
46448
28419
23851
2314
58415
26078
23556
33297
18569
8405
16198
27869
7963
4332
50494
8857
45529
27196
43972
16608
1502
39
55670
26610
33625
9951
37275
44108
27858
8458
34992
22344
16720
43518
17060
48203
43028
11885
699
56614
1096
50779
31613
30831
13659
7356
33915
6173
26501
48571
17385
12430
21122
2120
55660
21081
20082
45585
24366
19551
34667
16383
19978
47944
11926
56034
33309
11094
25660
38936
44315
51264
58098
477
37316
27525
54615
55971
2086
47235
8627
31186
772
50372
24149
58467
50223
44615
56993
701
36972
50367
35700
45210
32408
3350
22662
9456
43681
28138
56309
46203
29924
19593
1177
33507
40792
2809
30192
32031
37157
50181
58940
26623
26755
1822
42879
54919
29888
12387
13594
49332
30513
22338
17070
33301
33176
8890
49537
58150
7258
41902
31287
31228
28252
4704
51827
43033
12559
44782
38356
12136
1153
10097
40684
24742
7759
12111
32953
22385
429
20032
51657
40866
634
19211
29949
31803
20921
21811
28475
46226
9177
26602
1381
30575
44634
38894
40797
33155
27431
58604
15783
23960
47914
35283
44110
51921
421
13085
14729
239
11172
18127
35564
25533
31844
10147
31286
39907
50884
38674
31097
28433
29911
2637
2846
18521
12160
54165
504
931
52821
33019
30972
6284
17374
21712
19666
31355
11879
1525
2180
3999
33956
1313
33078
53677
9903
9000
467
32822
22521
45553
1417
53946
38057
31916
5779
23371
27890
33460
18245
21024
39840
23712
58059
38957
58508
33885
47318
39127
50487
15539
27150
42679
25017
47543
11506
47
38459
29535
10236
59126
34536
35825
18112
559
50792
2452
1957
58736
41612
31010
34504
55268
3514
28311
31099
15616
53721
25889
53751
9779
25035
51374
11292
3321
57863
47549
11518
19352
5858
47184
22186
13888
47516
42683
21503
58832
1934
26747
32052
33441
6182
12776
29286
45527
51447
38879
46310
29606
41108
33356
38885
22773
30868
26819
20020
29764
41792
607
7350
30932
24359
46840
959
32101
24150
39133
53454
3630
29941
7055
7099
48023
48887
8692
31695
39864
35882
30922
39090
54575
48122
1644
3454
22570
8010
10239
49272
20066
52240
47907
5381
21469
48258
31246
32491
29556
41705
22728
44145
4054
10569
30458
53930
38402
54404
23659
28491
29768
45061
475
59049
31688
23552
55667
32980
21769
20596
8165
38488
45311
13116
18249
48786
47462
16319
3485
20885
19601
17450
11109
13541
8764
48789
25075
14481
7994
19048
23994
26214
50857
32551
2190
3150
58972
50644
52451
36896
48819
35787
38073
33489
48162
36501
53166
41945
22245
33983
38382
50196
44434
4076
222
50476
35124
27028
46438
52731
15465
33516
55618
45090
54377
24166
7261
677
9799
27134
5940
28074
20204
39214
42583
32137
19501
11305
24245
42757
39059
9791
31799
5184
55065
38691
40723
37282
58697
46992
10779
11291
9582
38429
44709
18045
33719
29717
35348
28394
31715
6924
1032
50877
21442
26845
19592
5689
30340
10544
42884
46973
40741
16805
43818
13177
46894
17978
32842
44873
15312
33127
3147
59078
26438
9119
33454
21276
8183
33537
42717
27997
50248
43917
24173
25550
7293
49795
33128
12242
31535
43568
11045
29489
41487
46212
45908
28082
15697
16283
15940
25258
58979
19639
33065
2873
21308
41737
39835
44364
8746
29366
33138
54489
28415
44497
32929
15042
56989
32368
26215
20804
17985
41118
31367
18250
12992
31748
33619
30736
1758
32085
50198
17471
40886
33433
10528
3346
35233
19169
46807
1475
5960
8067
10288
17357
1665
8470
11850
56967
56878
22226
1949
44794
54572
9860
313
52923
37168
57891
20027
33075
6330
28481
7853
38947
51619
4422
46002
42866
30875
44287
4511
8861
1108
45233
22943
18545
22749
25985
5935
6534
26886
6322
52967
43668
7062
9747
13665
29533
19628
42582
16080
17431
33557
3676
33048
17742
32889
29872
10212
31709
40818
48809
21191
2289
10968
48583
24990
21911
30494
22519
33000
48810
4023
53559
47614
33333
32863
26210
18632
31556
30967
20992
394
843
3026
34203
11336
49719
192
6812
25241
48394
55623
39643
24934
51638
20252
2385
19686
21014
32486
48135
11028
10141
6502
47403
13295
24827
44372
35375
47289
50194
8820
4491
21432
55605
15379
46481
49808
39091
54312
15020
39537
57197
36842
37019
55723
29527
32908
24965
47775
41802
10124
31272
41443
21624
37429
14871
2593
24836
4073
9389
35770
11521
43292
58807
55563
24883
6516
42454
30711
11699
21896
17363
38492
58990
27143
32374
41441
31708
49151
9125
18609
30019
25753
1183
10191
52801
2985
46060
10334
12168
22914
13578
42712
54424
7309
53514
48385
30267
1869
39511
30117
7990
39577
6715
22916
2216
21534
43098
31173
48927
3866
1348
7968
25832
24172
29558
10175
151
11490
35127
591
28081
20848
43184
1405
31572
5675
31450
23506
17270
2662
40531
14776
10723
15186
31888
20137
2548
12792
22360
59080
15471
7899
57051
19983
31716
3352
49888
22476
6421
20211
33990
29999
47706
8677
34805
43282
39906
32812
54923
58595
29616
21446
58182
50798
32116
31542
2280
34709
8539
31526
22719
8603
15338
30165
9750
29262
14603
57364
44436
49722
47306
21989
20229
54921
11639
21449
29897
18253
48251
33236
19840
18143
31755
48276
31736
21429
11093
24101
46695
21773
24770
5859
15832
41801
15570
38958
21688
17094
4358
44750
33596
58728
24894
9875
31705
42584
33008
32600
31967
33724
31296
18407
32322
47443
37330
43495
12091
52802
52165
31492
32300
19725
1198
31187
49425
37299
32971
50071
8309
24042
54511
53844
34448
29604
2398
32242
23497
26630
56413
20847
4350
8674
32851
18184
30170
2399
49368
11046
49507
1392
28144
18517
44304
58963
14846
17211
49653
57938
55704
25933
29651
3689
33895
16083
29420
16557
34983
27521
32356
660
52783
16286
4421
27030
36595
40925
42128
16200
4660
28425
22731
35137
27670
7586
9344
55708
48975
48087
1148
49605
47793
381
21171
18056
14267
8274
22155
21526
28477
3893
21698
29406
31263
46136
1491
16795
1089
31875
712
20200
39692
5930
6088
24130
141
15870
58371
44450
23656
42666
36532
172
55526
24716
41751
48536
44395
2896
22192
34447
16466
22560
26617
35133
1195
24060
34034
10244
17946
22889
6807
16366
20319
36257
12284
5207
44302
20983
22614
18092
26618
22892
10081
52359
31605
41475
16141
33093
21661
21201
7128
40272
9746
33106
1436
3540
1354
23975
13490
18589
53639
32879
21328
3417
41532
39746
42116
48234
16599
6056
44747
2119
54439
30923
30190
21831
9445
38193
55000
29655
22109
39604
4084
1755
43250
48011
32581
42035
8870
21078
42120
15679
5946
47113
43723
31165
28283
26788
25040
32687
32387
22365
52533
4058
40238
29203
33087
37406
56484
37201
48721
32711
50482
29542
37847
4844
18049
44459
52392
7893
16610
1545
24747
52604
45041
14510
33340
14292
6233
29762
1720
20701
52829
42225
34869
17952
15514
2151
47339
9397
45150
58104
52916
41708
59057
15425
44393
51021
18316
39579
42054
58485
58196
23380
26648
2508
22356
41101
56253
30255
28076
5541
29855
57609
41700
40753
55814
1862
23809
59030
29541
4754
21011
26842
27948
42613
13327
48318
29704
40693
19394
32222
44337
10947
10421
50480
10877
7883
50189
6688
31598
43712
25643
2622
26517
1193
18325
44586
33410
48498
32972
52175
20087
17743
13257
1347
24010
55621
21737
735
31230
41523
32857
58898
41563
4780
24594
3133
52816
47581
22847
25397
9210
21703
22022
21430
49210
1366
31657
32963
30751
15087
37364
38996
25508
25212
46040
27761
42871
37453
6030
53055
5592
31769
23105
52752
57766
56775
10017
40250
1103
7887
28392
31121
30871
952
24843
47908
26182
26505
18082
34329
21310
8734
11170
16572
47849
58966
17432
4390
4694
19994
29742
23062
13926
56465
48478
9652
34229
42246
19484
26432
50168
53998
39054
11275
4546
24170
49639
30270
33740
31863
10072
28482
38917
18746
58333
53871
41458
35663
32291
13051
20520
41086
58107
36559
635
18397
40597
28745
8262
34308
41034
6689
25204
690
48273
26531
16312
4114
10009
32292
43990
32807
14390
16717
37325
7081
41762
54859
26465
46128
24803
8881
21720
53464
48834
24345
47343
36231
4219
1146
750
49660
32825
53320
18053
39817
8075
28779
23668
20132
5666
3392
52327
22396
42766
55616
1390
49266
18357
10188
18793
33524
49874
36929
31031
30025
1513
40783
45431
10058
46236
19159
29876
44981
28149
46487
30920
32922
4081
52755
49662
32275
39681
7748
47368
112
8614
37368
22810
1102
47044
26770
1379
50295
25191
33852
55628
33068
36715
4380
31510
30937
21724
23725
32206
24705
28087
1642
28509
8578
44256
44253
8070
20852
6366
9655
28152
18189
29368
46553
44394
31679
1893
47201
748
30648
19572
58811
18959
47670
13073
21353
27186
31291
32474
21546
33511
9826
10731
31547
55923
7145
31258
42393
5405
44736
42896
52637
49574
38949
24749
25446
17287
50518
52624
9969
55577
39614
26146
22205
47117
37050
38365
13592
1072
52664
19270
28485
35883
31666
36159
19987
33755
22725
337
3488
44796
22195
6692
38937
14429
46848
30153
49889
51516
20034
288
55023
44305
1280
156
41230
7544
15003
1639
35527
588
58082
52375
41914
608
19490
27861
20940
31568
44670
34029
20037
12540
7040
28064
45918
33859
11278
21795
29536
14836
48953
54154
16304
18113
17077
8073
44438
22080
40576
3602
32018
24334
51728
38725
39838
53157
6451
6860
40711
46292
46529
846
15942
4632
15860
41946
10558
11781
27781
16460
4353
19546
53886
3007
30914
2626
30663
9105
43700
30125
50787
32026
48055
27938
52316
36249
57212
33293
18353
42962
30517
44885
52562
16019
20623
183
31551
32522
28511
40782
24555
21909
48294
49597
20898
18248
30470
24807
6354
20190
42883
6906
28430
53350
1427
38307
7005
3647
51754
33183
28734
37259
4514
14135
7046
22246
26848
49664
25238
15811
31513
51062
1555
52618
50207
40482
18800
16792
23367
4112
31264
7392
21292
40908
29975
29878
683
3679
46468
17807
31614
26853
46001
4770
5414
32351
9768
22008
22439
5862
22355
44779
20234
1407
58619
33101
19624
3637
52158
31527
24360
1571
30880
44886
31784
1800
1184
17390
58614
42507
58663
42950
19949
6987
8227
1598
8180
3441
1131
24434
44237
31304
31372
1791
27467
4691
28492
29571
31413
9686
56073
18083
42502
28449
53732
47715
46671
42517
57597
21219
46834
11685
6317
27633
37378
11606
46162
31053
52851
53575
47936
963
12810
4089
43780
1582
27591
53993
4175
13424
40600
49449
36184
49283
294
171
10598
34202
14254
4983
2561
26782
19970
3557
6054
3381
10508
46649
43556
20093
26394
47998
47900
18034
32081
40710
58994
37151
33485
52229
40358
7603
27258
54712
34094
3467
111
40959
14401
42752
30108
38847
51240
554
34042
20536
45306
51527
14395
49992
21709
30514
44766
8374
40466
22760
21095
665
14295
36666
15777
31166
15328
18647
24972
38713
55896
42706
48384
45987
39813
56804
19625
43716
24070
21031
19917
39564
24086
30555
2560
31586
47355
58081
8423
59056
7035
36450
30001
30348
6941
19926
16481
4467
50789
47696
55086
29952
3076
58524
53470
14800
38428
20155
4991
24905
9819
44735
18771
1368
7807
21950
42600
12885
44639
41770
47963
9084
53763
33035
44591
13342
55018
4711
9590
4025
31349
21130
21816
38476
32538
40023
1349
5402
40859
31565
16966
41525
46477
26708
42874
48569
50618
39728
58105
12872
19708
33022
45224
47240
3704
43001
25252
48575
33390
54285
51283
46308
30898
39605
12593
11710
41497
87
38407
13559
53762
49661
29946
22951
16704
37858
20903
43467
11309
39525
39730
20859
2513
53078
402
2444
33025
42566
34036
45107
39118
36804
28208
4957
3706
39251
50444
35218
22105
48776
53618
24270
32837
6041
18637
155
11416
7569
50887
58770
11980
38540
54396
26652
47823
786
28351
15408
42609
13558
38657
29185
24548
30011
30178
30536
28471
6392
30545
30930
30560
1388
751
21456
36911
28438
29910
54594
1770
32034
1604
2534
24852
4490
54751
1409
13224
41503
4891
31333
36046
9666
9848
53995
22533
32846
57603
14444
9559
41522
31168
10166
9944
36136
8118
405
468
40187
1567
31130
27110
7264
52653
129
30770
16341
31089
43997
46182
40764
51913
58755
4710
35565
41717
38844
27105
30981
14288
31044
58646
47656
5375
335
37802
43264
30659
13330
38849
59168
30475
30379
52354
18278
28479
33636
12893
34694
798
50810
6413
31218
1398
57041
58406
12103
38987
33652
23315
7092
29933
18374
35909
16280
18095
44526
10432
23091
6548
8652
6018
29821
7874
105
24046
48884
38882
33291
6910
27654
38454
53783
32808
55901
46871
23048
38318
20214
4248
22203
12130
47781
17076
53582
14697
1547
17956
47380
23770
49744
17724
56349
29701
46569
32013
52219
19989
7860
40599
47354
616
19941
30994
9772
33985
8701
58583
54700
5845
1907
36467
38411
38146
42114
29993
12078
53043
35736
34428
25644
43003
40273
31189
9736
8261
11939
39887
38796
48301
29731
8529
5963
25376
2031
970
44477
6919
20011
16321
13597
7870
18265
14842
13565
36636
31300
39106
17930
58263
20650
24303
18052
50361
5739
24251
47370
33629
11511
42671
32343
55792
37273
5819
35752
18633
21313
20140
1332
54149
55648
37101
2632
43449
29920
43717
39592
33545
3056
4912
2980
41692
33221
17979
15818
14065
9070
6371
57613
39893
24899
17101
603
35289
21195
1335
44668
47690
795
7278
15084
15904
9759
37320
28085
36780
18170
21673
8722
16395
43836
14466
27151
6359
30219
7433
20131
43199
47350
31752
31541
46406
47290
43113
10197
4044
42969
39690
31388
54097
2597
44492
18478
23495
50250
1558
1652
38435
44010
1377
55799
39034
8859
20584
6055
31495
27927
31244
30277
2691
31676
30537
29745
21348
4324
9889
582
36316
21500
13760
40727
48211
54389
41528
30404
6297
52675
32915
17980
31897
41534
30284
49010
58804
48310
18197
42895
6072
12500
51387
39219
47800
55591
32333
57876
59037
22878
10338
32253
12015
38254
10299
52243
43
42817
43240
25206
49805
47834
30783
15575
15393
21651
31655
33181
15175
1087
55474
18593
44997
39463
27902
51598
17794
22837
51904
58186
44392
16117
2442
22513
55459
32954
38946
45428
1068
30826
38508
52548
23527
33147
48044
13513
7865
22075
21376
44443
33043
8695
21502
16648
8409
48802
22271
46318
25016
21458
28932
11842
42185
45535
19373
31680
45914
5452
45567
11523
37861
29518
21176
54943
1076
8185
18156
55048
32659
9864
20173
351
11762
2606
41506
27644
6863
15041
40687
317
5632
16590
29293
31289
40188
53058
48584
34382
867
49506
1592
15757
30449
15817
17531
53773
43661
6403
9789
59013
44097
17408
40430
27891
5793
38317
44274
29940
35249
17931
53883
29253
2705
53092
6949
38706
2520
33319
36661
51253
40795
3436
29857
541
53740
42004
13317
19612
42038
10976
18252
28695
33856
20107
8624
41236
40752
49832
25861
34075
4607
10803
7939
31500
33089
25271
11915
38859
32072
58754
8928
14464
6714
4026
47207
3462
44973
18181
49140
27459
20206
24273
38319
30827
36473
21723
44117
43970
32024
33
51779
15781
50848
43114
18368
16560
42825
29532
46202
1808
42689
46856
49819
2379
58101
33046
44542
55866
32733
8699
49552
38925
58942
11317
27317
12161
2494
31824
19588
45072
42818
22063
40214
13035
8024
39695
17353
56617
42281
25047
58965
56159
25625
44262
902
13504
22325
20084
38229
8819
55655
23271
13332
6667
37124
10912
31411
27716
31775
5045
14713
41242
7659
57910
51422
40915
21280
7611
33531
51231
38401
42620
31463
44410
58085
24569
4007
45205
17926
25981
22241
2161
17406
37701
33055
43122
573
36121
4409
14311
47592
3483
6131
11942
40870
49892
53492
6856
35153
50236
41004
18904
14538
20791
52584
24753
24685
24347
44441
5596
31401
33477
13273
53273
38296
46557
33479
18439
17429
51593
17542
20692
31792
21080
14203
43678
44523
43140
42607
40784
18729
7949
47805
6155
48210
32348
35638
1448
26281
15857
36593
195
36906
58275
22872
33756
35813
18153
248
7045
3641
10559
50185
55986
58899
11475
8824
40889
4101
46018
3498
10279
37254
28442
23797
53023
975
38437
30300
5642
29810
16372
33815
31730
16916
40261
24673
32125
41698
33092
1289
9416
19341
54639
3600
28530
22593
31675
7944
30116
31321
12153
48313
8645
18758
20555
24068
38418
28052
14856
47445
54044
7438
51469
42630
10037
40438
26375
33310
40966
4839
30943
37519
59102
19664
26407
32926
46187
40108
57086
50197
1751
40944
31686
31728
22303
46521
34598
51029
32986
33656
33952
44498
1456
17557
29345
40497
50186
47038
24023
13552
9792
31644
16579
5647
1890
42283
32907
21405
15373
57627
32874
14394
1101
3345
2253
3382
47002
31785
990
7290
2948
22881
58783
39338
47590
24316
13586
42735
48459
26824
24980
36299
37014
59097
21772
52827
6774
33334
22035
38617
34847
28014
47458
13233
12355
369
32357
47771
16415
147
26638
46972
29415
25224
23747
31276
22047
39787
48053
57703
10360
2160
51050
58613
37579
44840
36194
47367
20788
31022
31562
767
18201
56001
31663
44019
7382
36075
38370
20398
52639
26227
25674
58716
42940
45333
33330
49986
22346
3603
17914
20614
46436
55279
32799
18604
3474
23103
27755
28488
3448
58474
55671
33402
36893
904
16644
22116
32854
26209
34077
1176
14246
31922
21351
42160
56881
15917
24725
13070
28063
1394
59060
7624
21290
11465
11747
44322
4493
26495
6806
52835
52398
51120
7794
30032
6561
4407
19103
41939
21320
23104
30890
3470
23138
29491
53992
33049
22077
28794
4472
580
6528
24121
339
13277
42567
678
16342
36683
38443
6060
37975
1495
2022
10066
28091
3194
48035
8712
6867
34116
16294
41527
47158
11983
47189
38314
811
47147
44106
4803
29358
29598
28781
12210
15320
20104
11464
16510
39707
720
43958
4684
21418
18642
46077
33876
29119
17601
38479
38398
34009
10048
47360
24647
14356
31311
41898
30983
14371
9215
30877
1563
49432
21234
42863
45979
29460
49219
46566
25136
32585
11807
48291
29557
57626
2079
13992
10207
26097
3246
29890
21422
51063
47839
35588
55582
31116
36578
31184
20110
39877
22182
9072
18090
52388
37236
3390
44822
30229
27728
51528
44595
32998
20535
8124
35132
20709
41788
49686
2428
10379
10442
27904
28122
31001
22427
47371
31661
45243
11525
45433
44746
47180
44488
12429
20079
16735
7557
58576
36884
30218
32309
27361
48773
8509
18778
20556
42645
49084
20807
31101
40712
47879
33825
9209
41796
4372
58970
52746
31764
3956
55568
2104
39933
54897
7096
8632
53280
12803
1095
47377
51766
2006
44209
23660
51317
34008
9584
21358
43259
30238
10104
41655
35135
19922
44842
39418
27663
58645
7661
50305
51041
14439
48699
40101
32553
36735
46232
6190
12334
33701
50280
5021
32758
11937
29564
34529
7930
9821
17826
47270
23060
10373
58516
38405
33439
39853
23673
30662
11242
44780
44816
32504
28618
583
1507
27048
51761
37630
35146
33921
29966
32744
45920
43073
32257
48961
1162
29523
23758
40210
3572
57107
1371
18273
44807
35754
54901
45298
58526
14237
41223
41906
22187
41245
1002
35202
4793
21434
21199
44518
32529
12591
21204
21476
25267
4785
30881
27363
1370
32982
865
9367
32168
23245
25248
13581
30453
46083
24364
1281
35975
26084
37574
46446
4080
24805
43148
24185
35214
46802
31137
44866
33053
38302
57948
30667
6372
30531
24171
21689
55220
21813
260
13014
35003
46705
44428
32518
57754
45357
6324
32023
27515
6326
39720
41730
33564
52677
40052
15499
53221
30521
23379
18131
1865
28072
37213
9361
38455
8181
53853
28322
77
44536
30774
25424
28077
17907
21309
41647
37567
9831
54200
12424
31420
31651
39576
27309
1927
32688
18596
51917
25733
43921
32443
29957
23110
30261
30228
32020
4095
40601
17056
4908
1842
26799
3988
379
41023
29615
52065
29582
55328
53261
53761
22491
24948
47030
6668
29693
50928
21282
32035
8716
46931
6134
26609
43693
58291
45314
46409
35115
6931
58097
15353
48271
3663
55585
7758
15706
33338
33389
22169
36607
24279
5723
38332
25521
46775
31017
179
33139
12706
348
43109
43107
17086
39017
31763
55818
10333
30958
31809
51180
312
18925
48399
30694
33305
54358
868
28774
9868
32973
37799
46426
6728
28146
20732
55005
6097
38795
12463
21719
53109
32271
26031
32621
3435
5503
53962
7061
41105
14552
32861
35673
13311
5556
43769
39100
2640
6890
2913
29908
55440
58445
15596
46539
46581
30034
32224
20096
28798
43913
6708
49780
15466
3698
35125
2384
9132
22263
2145
29006
38562
43983
26669
58449
16288
33002
19843
58174
51489
32260
48253
7141
11039
24115
20092
18030
27843
15834
47468
34934
707
20242
3691
21946
33488
45362
27983
18342
54224
1873
1005
50364
58785
40142
5013
29613
18221
157
9169
9802
55417
38341
54637
50330
13402
28412
37879
32460
50489
17976
8841
15378
8531
22666
935
56044
9166
8681
52793
23230
29744
1362
46210
30611
31587
18418
2186
37164
9790
36679
18192
45081
54376
36499
58094
48401
22531
47587
33153
31988
14240
32004
51518
44325
16535
1813
43007
44998
33098
26
15394
29963
48460
42724
59
57547
31961
24868
36697
22042
7875
9350
19460
53098
40439
9079
5468
8895
51124
29251
21192
31668
16969
46032
53151
39729
22831
17789
29894
45917
3642
22579
46049
51599
43386
51845
25732
22038
35891
31895
26802
12736
46145
12342
58087
40391
24912
4389
1585
15993
48048
21277
42700
45921
31317
212
59174
30188
55507
20647
18773
47081
44137
33126
9085
58988
9650
15494
20019
36001
4667
16849
30661
16564
48697
35393
34855
17520
26504
51315
23166
182
7859
10934
36621
32997
21413
23547
41642
36592
9570
37344
39598
43324
41340
31489
7276
51910
18061
22051
30433
6333
33238
42880
44744
9620
44051
19980
57852
54392
16485
20882
16332
37644
56613
25902
55693
11226
7969
33417
58784
1317
11970
37795
43979
24862
28405
51716
36015
9850
38980
18768
15718
18472
36938
48331
13564
43660
31342
2107
552
10163
9432
44481
3406
56323
42664
1724
48741
12212
30018
58410
1736
36485
33877
37301
41657
32338
30133
38412
18594
22525
46380
12012
4376
41479
28429
22150
42869
17741
43674
44432
42024
10109
17824
33090
1201
19914
143
44279
8251
56143
43662
9809
32500
29338
36638
36055
1593
5591
50218
59047
42151
26482
41217
711
18266
28196
33672
1271
20341
1318
22083
52162
20141
10204
38804
53878
25286
31787
46213
8977
43190
46919
40240
7474
18451
3910
15963
50101
942
2959
18431
20065
36394
32696
23349
605
29854
14266
35575
36903
42763
4395
11390
10905
42047
53230
55912
11581
45886
1730
38083
34797
38413
44288
44648
53169
47459
21828
23626
32166
7090
30910
25601
23137
56901
17920
7344
49357
13010
49378
20246
27479
53712
55009
4362
21486
31340
4035
26379
16513
940
11304
4670
29988
49511
40882
1621
29567
37629
29892
48645
29901
55775
10092
8811
40424
39597
35085
55676
27357
6279
46042
347
1420
4907
15797
28497
46428
29980
24873
39898
46186
16632
57012
17469
38354
30879
37660
754
6964
8202
42741
43411
17607
9404
21962
27277
46480
25849
41409
42893
11817
24551
56082
42071
10542
28086
1522
21729
49279
1262
58083
19947
10170
36418
32411
29429
6008
26762
29163
33514
29308
40697
14704
29590
31198
28967
46163
58750
57047
5965
55751
29997
30242
50096
40279
46656
35191
44120
33623
33051
15030
50493
21748
43327
29230
11443
2142
945
29097
31915
3664
794
26846
46190
35362
30106
160
5982
48682
51557
34478
25864
46485
17315
35872
38397
7277
21128
44683
19995
44859
51098
40986
26491
40803
20920
28056
42624
53660
42641
21269
53986
48293
47796
27831
43279
5559
52763
43464
55696
36913
19113
12298
39638
54417
21064
35309
27836
16732
27616
31422
465
6830
39198
12858
15506
43616
4213
7648
30874
56361
31685
46559
43548
13677
48296
42025
47838
14896
36927
57620
16365
12285
7459
50294
39858
44469
8976
45267
46500
10297
51142
44546
14304
33163
33425
7597
258
29694
59130
20097
2016
7715
51979
40967
24124
37189
33146
31269
33510
2869
42906
37813
9974
49162
24826
40754
45548
56194
13310
31133
22234
18148
41495
1378
20573
6583
55365
127
38890
13321
5600
2669
34531
3525
52141
13074
6193
1052
49204
7834
27278
53086
29836
58954
8153
21284
20266
10187
1357
30865
17954
11730
56312
6873
47012
53754
39772
24239
33378
33847
39412
7538
988
34338
44184
41995
35287
3089
20095
23699
24967
15888
7895
48686
36537
31944
33001
47803
27926
31508
59079
46953
34023
15796
30523
46993
47999
40359
50907
47295
34353
19976
58109
24932
43685
14226
3447
21417
15107
7067
24192
3559
47057
25948
57191
53498
5857
26714
944
37460
5832
43335
11447
38322
43658
25661
41504
30179
32813
9050
4790
25045
12052
31319
29702
49837
40704
44672
46402
1350
34387
59199
29725
15824
57592
40393
32829
1668
10891
53329
40514
5768
16491
29968
49012
25240
40421
26992
20887
58655
25445
37490
32043
703
21582
148
30193
688
35918
17680
2842
4344
38813
12028
6149
35054
8071
51623
56945
16368
20002
9403
1008
58968
6996
30502
22181
44260
14236
20630
30064
20836
24796
18441
48469
10156
22435
9911
1814
52819
33227
54994
10327
46950
37186
19940
1726
15793
34040
24134
18770
53153
58088
32384
53493
16790
58611
37618
45533
16503
53888
4479
48099
31149
33177
11627
45109
5812
1128
1602
38205
28848
1115
45922
54721
12465
27935
47302
43039
22514
4391
55854
31156
57331
9378
3334
46493
52333
43429
26480
21317
40523
9174
3018
13274
36511
16382
38440
43205
33199
1785
6746
25026
39584
19951
21765
39824
19515
3079
1916
33113
37516
23092
54046
20554
37428
345
7584
11891
29362
9124
52394
55001
29182
20001
38746
31356
32509
43223
2962
15749
49530
48227
34498
34853
9447
57029
48501
39064
33184
18577
40831
44835
32881
7551
17341
44636
3084
47700
15351
12740
19232
37102
228
56342
32723
9186
6356
53892
42290
12372
49029
18247
55103
1168
4373
1824
9497
50144
10972
24
38037
58702
25757
27543
37684
31305
2419
45305
50056
35203
34421
5557
46472
58268
28187
1518
41706
33076
22194
44847
44175
54516
35919
17337
737
1142
34894
11932
42269
7545
52468
59026
3962
17430
23034
19179
31794
2460
5608
33140
5547
36931
16409
27942
45293
30401
32707
24308
12874
13028
28887
8846
54997
58907
30998
57762
22394
19391
22401
17458
22736
25279
50373
50192
44814
39550
32473
22908
28500
52339
878
5569
26573
22724
31381
33057
47921
56488
55051
48777
13556
46218
570
46729
30899
29249
51164
12383
21455
13784
55222
52843
30286
10834
33016
466
13954
18889
28382
271
2709
36707
8467
11657
20098
44785
29915
15931
49045
37521
32007
8594
31086
33980
8023
1643
27877
32586
29886
43656
19715
33391
31112
50027
20400
33157
1872
31704
13560
43215
6164
21007
6892
40724
47538
27067
46527
33551
39008
32549
17422
54473
1276
1802
35591
39673
19703
25943
6172
48948
3127
38798
38333
13933
55439
41862
20038
10907
45355
1615
56716
31155
50125
52432
46885
29357
30341
1118
49542
22174
52788
49912
20490
11652
53719
12171
58116
12594
31681
34984
4148
1691
992
48859
42910
31878
1066
58982
53865
32064
53921
30876
41026
54790
27718
39512
53262
43226
33627
43789
10367
8058
45387
58823
51863
44383
43297
44368
39591
46568
31011
9374
23070
59100
24490
50160
57150
35971
53723
18331
35372
30045
18636
17399
30055
1285
6196
8536
7755
21653
49322
31207
367
18382
32987
11403
52824
34180
20199
36133
40732
34683
3667
12071
38910
29
32689
55588
43286
53683
9867
48561
5613
46696
50942
436
42084
30918
8216
21045
58640
31646
5742
8085
40682
42295
58466
58607
32760
987
27122
1703
32852
59119
9739
24027
48529
47774
47191
1646
30991
28434
19065
29877
51025
17909
57437
57542
50342
31684
37141
22781
30525
32134
5485
9950
6803
42480
15689
26382
37605
23561
12548
3981
946
7535
35367
24949
31211
44408
33269
20863
50356
36596
43962
27018
12953
18284
56251
17993
26838
52776
53875
42731
36095
52039
16859
31227
19582
6323
48378
35906
40702
32195
31136
15014
8
47102
31606
932
48693
28102
19334
19122
6732
28261
47085
15582
46570
24075
31818
27911
8680
389
38141
58734
17059
49573
27790
11418
33712
31759
26608
26705
16845
5827
15487
31937
42338
37017
18028
23650
11756
18276
700
17473
24754
25958
51560
38689
18139
3674
44878
54851
7594
48261
6146
9641
38721
18716
40771
7642
37402
30795
45840
3662
2775
47401
41079
33074
37382
21359
31038
30491
30191
20531
9852
9599
35270
57259
20853
38352
47994
21869
58515
12938
53126
55662
4363
6299
55095
4029
9444
7790
11263
32887
26663
28099
9991
9646
18756
16468
28544
24635
32033
24859
7037
53602
43455
39547
440
27013
54813
37958
1319
28174
54905
12538
23032
56768
6180
29016
17204
47512
40814
32498
25066
8232
20653
7058
32955
27061
46088
44610
28201
7051
48832
21510
26194
1637
42677
48533
29228
365
30775
33685
1238
54716
2096
27393
32465
42034
42516
22910
216
11301
43736
49870
7813
52627
1500
13557
38570
26675
54953
58063
26266
13126
29706
53490
54598
20682
6332
36365
42190
1697
8092
52765
11268
43185
6177
8556
11754
1337
7765
18984
33262
44495
23055
7570
51737
30285
14926
3669
46469
22253
19654
29593
52025
38061
50797
45531
15825
49578
33771
43198
42023
23295
30646
41558
10065
46820
48267
35006
39102
44565
44052
3576
21810
31935
46505
14765
59120
39929
33464
37489
36069
20045
33041
34030
59116
24336
22107
25300
32108
34917
37187
47855
31158
44343
47615
2435
37190
44833
48095
37654
7164
30060
50637
48808
58949
3771
10668
32232
50408
11709
23208
1763
14845
33476
3895
29893
51392
20819
4032
31654
44418
50313
39363
3736
11862
30008
18899
11290
27680
41861
24116
26547
132
13146
59027
51860
3929
26679
58600
22065
49787
37572
42770
18077
44650
27415
36258
47599
49984
18428
5605
39014
6411
23093
7294
55732
33195
35145
9579
23653
11959
39347
6497
4046
8294
5409
30508
3241
20652
29424
22903
55768
44311
50521
43036
11498
6757
44827
614
10425
58639
49244
27882
35717
30952
54580
7239
14857
58874
32191
23165
43051
35090
2977
43901
11420
10274
28290
45525
44711
15823
29015
30389
27827
6457
16444
40444
26825
31719
57939
11334
47675
53245
33753
12137
37065
39846
29620
30647
3340
42924
33424
22512
45844
30872
10095
26635
32433
11881
52511
17325
30982
31564
18803
49263
55703
39319
213
47316
20766
22484
19632
18740
20041
36828
6291
42764
49296
40262
17489
26489
1761
29591
52862
15742
48280
12730
55758
32299
35474
46461
51884
33991
51680
33354
44220
46607
