30200
6610
33300
31334
21010
9439
46459
32513
58625
42661
9737
45976
8612
18225
230
37329
31653
7577
30607
32938
33808
1439
9076
1553
28020
44783
18089
36331
48595
21000
39080
49861
43807
58962
14826
37678
30234
9795
30842
58880
29619
30487
325
9204
43948
1580
36060
31543
32341
44676
33903
30173
46495
31339
33792
44646
22608
57034
362
31555
2320
12169
31973
1386
7554
33684
42525
35920
1403
33533
7144
58715
1510
2938
52784
56884
44644
1825
1666
2241
8201
31718
32103
42036
7808
31170
40247
37704
32984
56728
32388
29311
11729
1569
43457
30500
30075
26827
56244
6752
35885
56778
42955
33316
29950
33042
26949
31233
1400
14922
31179
30145
43074
31983
31906
1356
24568
44641
12491
30262
33848
22802
16358
30990
15768
32087
724
32815
29937
51496
40429
30465
37122
33979
877
5856
21650
43520
30393
30499
48131
21674
31892
21181
29948
31814
53044
34341
34509
34070
10406
18202
33473
41472
30082
32899
22925
6769
49721
43580
44930
44121
26752
32507
25703
32032
50885
33679
32935
10055
31208
24214
2155
33067
43529
33004
18137
10505
32014
22173
29942
18179
59038
28016
24642
32162
31025
30002
32844
34701
56736
42344
58014
51733
54462
10605
49044
44614
11156
31817
31667
32213
32873
32021
33145
20969
22557
4299
1620
56732
30963
33436
21487
6540
9168
29965
30068
54578
33050
29500
29545
14441
26840
12571
26831
26170
55771
32379
31177
33458
53484
30103
30635
32939
28445
28609
52756
58742
46410
10108
36976
21475
30835
31868
45406
55926
26993
30370
51203
31110
14307
29955
28398
18021
33237
26805
33457
32932
1797
24802
18906
2336
30057
31907
31125
40513
8643
24143
57676
32537
42491
10060
50490
21121
30122
32740
31402
31632
39820
33069
33711
32918
31652
30081
4682
28396
30438
14757
29009
49423
26526
36656
31327
31290
2251
33459
59006
26147
30158
58708
19649
30063
33161
33616
33315
46956
38444
58944
21441
29721
11855
58534
32934
20153
18009
47490
26463
42479
19966
21801
14461
30510
56729
21436
49665
1012
38403
50969
32864
4031
14354
36575
38032
59072
14416
34405
33015
50118
36733
9766
59081
7959
31949
4480
30024
18328
38994
21453
2188
45323
32011
3888
229
42986
22915
38395
10013
49857
15354
20977
47378
32350
8922
14365
7546
3707
5920
13912
2205
18598
7592
4050
30938
23109
32398
14954
14349
11056
46817
34041
30126
22866
57103
28271
22556
32924
41364
33209
30038
27433
42248
20063
30237
6704
33020
13562
6724
31021
1091
47935
3629
8635
27464
18068
57037
33193
4093
756
55832
30047
33902
4065
1533
8102
31557
26943
41040
53867
12253
44624
4355
20130
50568
46453
23999
58442
