26689
51076
17658
22043
26859
24537
11166
25497
3463
44464
15458
26221
25425
19749
53801
52129
7482
16073
25918
46463
25955
36295
28670
33569
23908
3951
1310
37602
4811
26719
43206
29727
21385
56719
25662
26906
9949
41538
25935
1259
957
27921
15503
10833
46479
21764
25543
2642
33987
27909
46322
55469
58691
5425
11220
16532
16802
14310
1327
40235
16570
20810
1472
39005
10110
676
28586
36890
42280
26559
14647
44454
25885
27641
55284
1701
7386
53908
55727
26066
34347
16954
54564
23239
48756
39072
10118
55311
7235
46412
13724
39799
27207
5804
8585
47891
1305
39023
1144
45867
33071
42912
55151
44203
5748
26924
21700
54131
20022
11205
22388
33618
48375
23692
21398
16100
31867
40212
29214
24096
639
58628
24503
57893
46172
53747
15847
28621
27083
15627
53714
16654
10416
1261
46429
44442
44460
20769
55892
59143
53774
51580
20930
53988
54695
21867
44387
12299
10394
53224
29838
38728
58746
38959
8972
52555
37697
45455
4256
26356
32712
39989
29499
39144
32317
21512
53741
20021
13845
26020
4458
25305
1315
609
3620
53222
27906
28179
55415
48572
14898
37565
8170
20675
38924
1212
16427
24538
52100
12595
25673
11846
35457
38870
52294
44061
21786
1339
27440
23515
330
40245
22279
6537
18971
38394
25654
2478
54823
3650
43570
20360
46364
17193
58532
21428
35063
40816
20962
46425
28522
16625
56744
43172
1299
29008
1453
53272
36509
26083
49753
3263
21132
27101
25069
49841
35472
22683
20767
11973
16561
3592
18027
17000
19687
44277
51052
15434
7837
16843
15411
2960
4523
3496
55985
55040
42100
26925
54036
46132
560
39334
18908
50627
8793
21770
8622
21656
5497
11196
8404
23804
40237
48678
1240
1205
39009
36954
22046
45860
42022
971
7468
48462
46571
58023
54103
40659
1311
8417
20210
13000
33818
3258
42121
25385
16306
1258
2908
48306
15398
25642
26926
3633
36935
2829
28514
53746
47059
16364
7163
36411
1303
27664
8857
50956
35737
39688
29227
33542
33131
32266
25085
22119
43437
57492
8956
27990
36255
50961
24959
20800
53823
27610
34272
48386
34676
35162
55493
18072
26624
8123
31455
7736
24856
16976
42505
39452
23131
30110
5756
19108
3115
29197
51550
4298
25485
10265
17395
44854
29114
29569
50026
2914
3935
44070
52973
16609
30406
42093
29681
174
46395
1346
48440
20754
59077
44623
27577
27340
26115
13809
20803
47481
8697
20597
728
35463
37620
26074
26810
38190
540
38632
26922
44521
58095
25360
6386
44753
42065
43350
7830
25000
44282
44413
54540
47073
11167
11227
39633
37072
34378
5382
4868
25907
50178
29070
45595
49021
20561
37000
25854
36743
26814
10828
23910
10724
43257
41909
16596
40324
15217
21380
45472
25420
19520
11078
10666
10647
53213
15312
7113
45966
6922
26494
17663
19578
1248
34135
13829
52702
53550
1326
16594
5418
56769
27552
38304
11331
50624
32540
1475
26254
21178
41082
19771
40232
34198
11218
22529
23707
56795
56903
12926
47645
17003
28378
19131
36708
42406
43144
19291
50194
54798
26200
22814
26670
35688
12641
27824
7052
53173
24032
38480
21802
35497
10180
8582
23979
46597
34828
54870
28254
16902
26225
35189
34377
33532
28519
11158
28987
44301
33911
52760
44004
21188
15204
19944
47405
24148
34805
26583
43088
39700
58112
3596
45556
53141
22876
23819
24402
45126
8367
17206
6228
16041
37008
37882
25363
14344
56914
26368
20739
21695
26118
58217
39648
34795
55851
20897
10759
21394
28189
46238
38351
10526
41015
42449
6405
38251
26169
56755
21401
30477
26905
22073
24935
29637
50658
8796
50655
54434
27520
54856
55291
57044
2923
43244
49335
25101
39632
27886
27395
4536
6125
24006
27327
22389
51723
30708
48255
42063
33981
47314
32243
4202
42116
17332
20869
11966
10301
7488
20896
31699
1344
28474
54270
1249
9107
57539
25427
4913
3938
1255
57892
16307
55954
25715
19369
6213
11152
28251
24817
54259
29628
50672
44186
11183
4874
25647
7105
25122
16862
2917
1324
38055
14301
1278
24517
46170
36681
31397
9592
39033
16500
48113
13372
2982
28316
26229
37004
39665
24759
24494
28517
42074
21822
14656
50547
31140
58648
50552
1208
53940
36318
30870
17757
1306
19605
26319
17221
2210
47044
35981
35914
15613
35230
46378
11766
46585
19317
39950
21168
20655
53223
27506
17287
54549
55697
25023
17456
25426
12565
10726
23818
53904
49814
24505
16562
26010
40677
25285
50985
1297
10151
50187
44675
22378
41436
53855
48709
44802
34064
40256
54545
32360
42148
1959
24649
24128
41588
13136
3604
11221
25213
40287
11112
49575
2620
3637
39554
45563
42950
26106
48436
575
1282
47006
35978
27107
25276
50676
29705
2935
20169
51003
57104
54035
25666
1290
30350
26447
908
53775
39362
38829
54378
57749
57017
19371
29154
31950
10703
42698
36504
15328
54410
1122
1321
14572
21067
39770
26164
50537
55233
16727
1216
19688
27092
27000
28961
17052
38051
24622
46561
35979
13499
1743
2976
16734
20729
28339
13324
22243
38929
15556
42193
10201
58144
11215
50948
59084
1353
36729
48311
1365
16815
48408
26018
28458
24270
1298
50346
45541
37749
29498
26025
46996
16673
5498
46400
27088
54353
42107
6143
57902
18408
15052
4708
20408
53862
57154
19953
903
55609
24534
42043
56091
2424
2955
12385
19655
18780
57032
25061
12207
10722
28564
31441
55811
27249
12257
14742
14147
26741
15515
28228
40856
46620
35350
27047
8515
45200
17444
55921
39082
5501
1335
33117
10713
1595
1257
29252
20213
56761
14673
50989
35315
9551
47010
16363
51368
15723
57967
52128
48275
25649
51340
1806
26787
2774
10134
55264
57314
18722
20829
27120
28176
4852
11202
54702
15639
27903
15279
11249
35954
28928
25366
21247
3914
39027
54978
25453
30509
44455
27529
16822
784
27033
27418
13333
21873
596
32203
34382
20276
15271
15513
27217
55066
18434
2486
25641
42064
34944
24715
28644
20942
54204
23622
29723
34304
49826
21349
25990
13468
47258
27441
20583
28334
11840
26836
29943
46135
13850
10385
50824
24217
42212
38195
42619
16305
50236
18025
55145
24347
23682
6165
27270
18050
20479
15915
26761
3777
1294
10477
11223
54152
45926
36247
12432
4812
2406
26715
1235
39568
42419
50994
42048
17436
23323
15447
32759
226
25668
15470
29204
53812
1314
43564
18187
17811
7217
39733
21717
36748
47213
2948
23512
50024
17203
7986
29258
49499
12725
36727
26070
2272
15624
24877
34772
27821
28780
1749
26817
47049
22082
22412
12039
45021
2717
27545
8047
20418
22028
39288
46408
50601
53209
796
8876
30473
36895
8721
15991
53925
24484
23679
28165
34796
6958
910
17125
17150
42259
20207
3285
42720
2490
28148
53884
8441
32720
45961
52417
48503
10350
49225
33371
12900
41266
24564
10143
14052
36990
21096
40673
4947
44595
54930
4144
1245
25053
8109
42881
22867
26928
45967
27096
47237
29507
58164
53767
16638
42029
56718
6744
12569
50172
36673
57546
22085
41102
1252
7885
26014
20209
28601
28380
16092
54095
1292
41906
26995
1224
40578
50564
19254
30428
58996
25248
27950
1260
35917
55567
36942
57545
58463
38867
45925
54510
51114
23745
26220
6649
1151
53853
40920
53234
4910
40894
44292
13429
4019
54475
24358
14598
26799
16615
25032
11971
52786
10657
55242
22555
33622
56008
21857
22298
3046
15386
45339
29019
20780
27987
3293
59093
26059
44528
18305
819
28462
1820
26758
3964
599
50656
42083
12543
55037
25671
11053
4242
36875
27399
186
54102
25036
2832
28790
41846
58835
30786
1422
1330
17240
41077
45964
37032
1717
27617
33630
24868
11027
5523
26016
25663
10238
16340
24131
1215
26004
54470
16888
50803
39714
18678
48770
29272
16345
25346
23051
56503
7366
7248
44190
28704
26369
10515
55586
50461
53819
50549
10712
26207
10662
26064
32296
44466
30766
7972
24576
54272
1355
28222
12763
1287
3926
2994
34757
10403
39608
57814
47293
26709
56040
35966
31354
39475
26378
39036
25372
1219
55763
26058
6718
57287
11558
26112
35641
28255
49291
11208
42957
26939
49520
46146
53954
27493
54231
46467
55178
1247
1225
24383
8731
3256
45446
26007
25461
26102
3306
32289
46064
23831
49565
55281
1329
52879
26614
17608
12304
59003
32082
1210
25005
24427
25813
34141
3760
28633
24539
24671
1242
2991
41
10641
13360
53544
9884
11207
25408
7357
5765
41949
5470
34494
54691
53690
24436
54118
52872
52370
22492
25581
36347
38299
28207
29159
37606
8966
1682
25045
15520
27216
26549
42305
44011
37724
18875
45280
44344
15145
26032
7713
5461
51398
26022
52925
24235
40301
39028
25659
26081
13700
50977
24553
56027
43406
1239
4743
53854
11033
35055
27311
764
42086
3646
27263
39007
16018
9485
33205
11767
4482
38056
16894
19651
57132
7121
27618
3146
27879
31966
14998
1438
33168
26208
54697
39505
1877
40694
7600
18188
13369
7320
25402
42499
32233
19585
26065
34275
24152
10861
18949
13343
21955
29292
54581
20144
16847
11108
18776
2071
37564
54573
44426
24249
15977
58924
26104
5463
21905
50228
18709
52545
26759
59196
3097
2393
19829
5754
46490
57818
13217
30759
33954
2773
27075
23320
58839
46724
39107
44947
40242
47215
11875
32294
26069
58078
27206
37011
50953
36129
25868
32404
52544
25558
2327
3311
46053
4158
27841
54530
11147
39098
41194
25430
26216
4163
26895
679
25373
53792
15488
27198
5847
28605
31423
42254
21092
45796
53798
45435
55247
41948
39646
27620
4878
32208
3705
1337
26092
55031
11076
27852
19934
29294
54757
36914
35697
25418
34233
19654
16624
49437
26776
27540
44467
41512
4337
27076
38202
28692
27168
28374
44821
12259
26567
24520
42001
24486
50980
46499
10640
50408
40401
42079
26044
24518
56758
41636
1301
2926
4111
56851
11466
25128
11959
22504
12131
2882
33070
58916
50579
40277
34388
34792
30009
11159
24183
54104
28592
53074
56791
38066
56936
44597
22970
58147
39041
30466
58244
47811
57101
32173
25636
39556
42105
4915
7336
11295
42055
51930
10847
43059
2517
