9921
11519
56282
15504
17856
46063
56671
5997
21981
54422
54740
18425
37326
47305
27183
40033
47268
28513
2779
21835
20919
37488
54544
35878
34337
35298
17619
24793
16905
27200
17547
22069
49037
8747
29621
28954
18755
45421
17071
5038
46538
585
27330
50752
34871
29206
17308
55013
24426
35260
28880
34312
17836
10547
18282
24929
29056
20659
11557
36454
9858
20924
55340
24794
15872
20883
25351
39974
52041
16086
4961
48494
7299
44740
39741
36245
33865
15617
56436
55232
100
54214
16480
893
28731
44533
55014
27985
44910
56807
19864
55769
39747
51958
47171
3554
5491
6381
9577
4978
34293
39637
56305
5005
25455
20892
17810
16533
23736
15876
20834
24208
39713
21419
4953
17414
25941
13709
54080
43850
36806
13331
25301
16531
47161
21990
35288
38245
16926
47094
4453
17145
34705
50719
15214
36405
18966
36760
17788
56265
48602
21266
28209
5357
40676
46735
19723
3002
37780
8706
21439
5896
19950
20482
5545
5853
19842
57117
28813
4037
46528
47040
16939
41761
39369
42997
47060
27704
5992
21098
38549
36545
54383
51747
47598
34307
18402
22950
12718
24268
25487
53764
13874
54667
14067
28553
52971
54607
17284
5025
36823
37351
55764
57723
6605
8575
1624
37363
28997
28524
16999
36360
58071
46340
15486
56988
27740
19390
28741
21049
16177
20043
46779
57236
2964
55357
1686
15266
53713
29234
5912
9212
2954
13795
16701
17167
34318
24704
26301
22164
34764
55285
34213
35853
42954
54125
33875
44050
39735
18789
36889
22994
4264
37807
35101
19772
10788
28901
35167
649
7017
15294
22249
23556
58355
17906
54284
26339
43797
40413
36457
26091
18734
47537
36102
8043
11926
39723
22345
56985
23362
28712
44154
4927
21202
24262
10213
57523
55789
15887
19329
17181
23581
35217
27949
48424
4437
44494
44037
34892
4956
15802
57149
56491
24732
4918
24701
56754
27043
5685
25515
54426
25444
37408
46510
21440
38343
37584
36200
39145
36188
20345
54590
9586
37420
53188
49218
23817
16547
22661
37405
4426
39360
4295
22319
5043
37571
52184
40876
47075
37359
46098
14123
29001
55011
4534
50644
36961
9880
39173
36424
54377
19823
5529
39248
35172
47413
35955
34716
2902
20008
45728
16299
44598
5689
45376
37967
22261
39179
16660
21977
36814
54685
19380
26332
5532
47610
39658
36778
25716
47036
20600
41713
4404
55443
42217
21978
10069
44577
44289
27652
16457
12193
28436
55189
55209
36832
15387
45590
27371
12450
36842
18394
55205
26406
4925
47754
19346
5502
3062
19537
22997
36898
39435
39380
26264
17840
18307
15703
662
632
51156
27049
20499
34679
17795
27557
56061
5527
20928
5511
16663
26873
4151
40005
16542
55767
39336
41413
21809
54678
15745
16722
34322
24231
55166
35247
45574
34556
20258
35209
52900
9878
5918
28587
36871
5012
40088
36301
21807
32742
1230
41421
56366
39541
48566
35563
26287
39757
57370
52577
48517
43887
47342
27227
56130
44427
17546
16583
47286
49346
21201
12426
2930
35987
35732
49160
40195
35285
44729
28629
18748
54307
41172
34979
35642
16011
16548
48074
58705
18985
15964
4962
27959
34395
22202
58145
2947
22237
27655
17358
50341
53265
19833
3693
13005
19000
5903
57725
22196
57997
4921
13894
11170
54185
26271
16408
24988
22115
17565
44339
37117
24467
54053
36881
19741
44058
21033
49497
55337
52036
36351
16197
28779
15161
11608
13694
52201
20456
12113
16026
56298
19579
16357
55339
16774
36323
54297
35376
16746
15234
50712
25806
53509
15932
15457
16433
12048
4942
35150
39396
34277
55664
29050
53789
47031
40118
24374
21101
52043
15860
11894
18293
44067
47657
57089
26299
21001
50059
18790
23385
6220
46264
20255
51281
23757
59133
14135
55826
22244
14317
19350
52042
15936
20427
56294
37838
23445
38717
55111
53709
26401
37040
28559
41821
41776
39702
2989
20429
21038
20349
53330
16933
4170
23447
12819
4968
2973
10860
55791
51390
13604
48470
16281
24480
46396
36919
45873
50238
39167
39355
34241
26152
54960
55079
2782
11534
46326
58142
4985
47304
21967
12969
22312
41463
53549
19248
40089
26744
26461
4067
33975
21039
34787
56390
16518
26295
55557
42898
22238
28955
5798
34273
54447
9931
21145
18203
16384
4459
39366
6862
36809
13335
56497
5284
39755
214
13595
34829
674
1659
50982
35252
54957
26108
25178
54122
5886
16075
54412
35211
20642
35587
20821
27658
39628
16328
22102
39718
51314
20203
17099
39671
22052
35454
15680
39394
36302
59189
19409
54492
20262
54658
16693
37939
25708
27413
17356
44825
20404
26324
46716
20865
49934
19924
27917
22341
34279
26285
27927
36866
45476
32661
36401
26304
20030
21227
41091
5476
53708
12605
36206
26329
35997
20015
19810
21406
57770
54729
54869
24461
22208
35664
47025
17550
36022
37616
6156
17610
10168
8802
58434
17537
36822
41415
37436
44501
4441
37837
17080
10669
40112
34791
17611
48170
36474
16057
54547
27379
40070
9961
18386
50848
35357
23357
25514
55390
37404
13364
27007
14713
29155
1424
23453
10218
25982
23363
36023
18291
9615
15421
21891
19765
15382
5041
24785
17791
16038
54384
1901
35794
17575
54917
37131
15731
34431
39156
36338
27651
652
766
54610
39421
57380
38943
21984
15269
4157
56111
22366
39338
34762
35194
6044
18412
19659
5983
52680
46516
36847
54030
3088
36878
27145
47589
20176
24266
13108
53729
47322
42775
5988
25875
56667
27066
8187
55620
34323
27082
15293
49388
28781
36883
59157
46776
38261
15324
18364
37517
53742
39725
5506
34738
53848
15874
56287
3246
39337
17249
16324
47267
2105
56281
18352
27003
15159
20310
47817
25635
36876
24112
55165
12503
19726
35272
8999
34692
36943
21871
19420
13370
920
3001
26349
34236
46447
36348
54731
17826
46952
20415
34861
12612
23741
51634
43314
8530
17403
56291
35796
34263
36959
47013
55861
41604
25710
3776
52677
47818
24978
37785
27298
48414
21162
26110
27309
36874
34225
9100
46075
44053
12649
24344
56109
16375
12704
34739
16765
55979
14289
29157
22983
1457
17620
18945
56120
47406
53957
53487
18766
36315
11633
15806
20732
39333
47595
20960
24766
21060
51727
46549
39100
58373
37413
37100
12781
12615
46700
24298
52023
26343
25928
17388
36115
43031
11591
39177
35282
54350
54908
19125
44581
50243
57075
51977
5786
39372
13794
56398
40149
36800
19800
12782
47579
36783
36768
54552
17789
2400
25405
39573
10232
15720
26353
34223
53164
42776
37452
50544
4121
54641
37047
18338
55341
28658
19141
47066
47011
19835
16753
10020
52889
41493
15862
36986
34234
36383
21106
10109
7818
17465
790
12897
42909
38950
54931
26354
39166
25171
46540
34626
3099
42858
13770
44516
5039
21491
34256
55375
56110
15235
11563
3545
37472
27421
24644
5396
36059
34758
24387
23382
34247
47039
15502
44047
37079
17469
27823
49399
19305
19793
26740
22891
22258
26511
41955
36818
21104
19403
41166
16927
36178
27569
39349
19172
29012
40366
54417
44081
36989
27303
17126
54924
12602
37969
51964
41132
4127
50092
54577
21073
543
54976
52063
23977
6005
34664
36061
44032
26868
54749
15736
21431
47553
20918
28421
47053
21107
54078
48999
53757
809
9810
54415
19356
56633
14125
45615
46147
17823
15814
54721
52033
46368
54060
20874
5986
54437
39533
7332
26307
35849
40970
54048
52218
671
42797
38088
27543
44915
14258
15482
13512
15274
26348
26039
39351
47889
46346
19179
54915
57707
34675
40264
28887
53030
2894
55915
54997
53717
5548
54153
4145
18345
19896
55106
47487
12801
53196
25870
26808
11736
56297
56649
41940
35536
34982
4929
27532
9199
54714
21124
12705
55965
34998
51946
37067
17629
55393
24527
17234
23440
40046
46635
39341
53239
37141
36949
45729
16908
20867
48648
41726
5341
15167
36179
19361
12915
24657
9840
53229
36826
2895
35847
35443
54868
15702
55118
40096
54548
47067
57379
41474
54906
34240
36437
15845
49198
52044
57259
20546
19748
36014
35204
4201
35803
4944
1083
47256
18988
54725
6180
15794
3785
17475
16398
27063
27535
54448
20682
27078
21161
24708
44107
36984
37730
18065
3530
36096
2919
36838
53696
56127
55108
39395
39209
57293
57152
8989
15694
55701
55700
54739
55732
46814
21028
13650
55999
22364
46515
53739
15481
40123
44451
45473
35234
34274
35222
20376
35945
37689
47034
40977
42208
57046
46680
17073
52343
36828
11572
39345
42627
34770
39578
