47975
54949
34811
39684
45804
41130
44514
57272
50017
56100
47335
45096
56256
35403
52449
20327
29995
31563
41917
6483
48868
45453
33663
21825
6545
1395
39939
41733
36968
54936
11987
29447
35597
52249
32006
13379
52798
39873
49347
35027
53667
54782
54265
31459
36471
50784
50483
56626
40208
48957
35360
54069
45889
49920
33962
55473
55147
57651
22543
52238
6144
48066
56946
52153
34815
35718
54111
2983
48978
31579
46949
11750
53955
56555
34285
41878
40225
41740
47419
29811
37839
37913
36985
31754
54812
55972
52514
41182
56449
33290
31624
36407
32514
31643
47561
37401
35795
37745
51738
49233
39580
55235
8715
50359
36536
13973
14097
41519
41548
59241
52483
38111
40446
38221
39448
57295
43998
54653
42585
52433
37367
58356
35121
40092
46591
34729
50738
53450
31077
24375
55120
57722
50001
49043
43175
52097
54001
44404
45549
50174
33878
56932
35521
38208
44895
32606
54830
57213
48706
47682
36442
37777
39934
16439
7066
53284
36956
41408
52659
57219
44363
42876
6564
40193
52130
33873
52736
55076
42588
30402
51838
46804
36813
8864
37074
31828
11536
44008
52556
45835
48504
41381
43868
32472
54034
49173
54485
35311
48508
42554
46312
49868
6469
3833
43966
53462
9247
38630
40103
34546
36044
50829
37063
56731
32648
59012
40407
48509
48358
55718
54579
18967
42143
30578
37183
30741
23214
29787
38682
45059
53460
34704
56160
18811
31968
2373
48525
33313
43149
58812
36730
532
32361
34558
53616
33584
46577
19802
49663
40013
44607
13485
43360
49957
7038
36116
49823
54090
20444
17615
45359
42239
45255
40375
11049
38139
55442
34654
36860
30644
57496
43945
46034
1372
30160
51155
38594
54758
49258
40459
41239
11408
43942
33302
36950
36229
53906
48402
49517
39516
34543
34773
36042
36494
31742
37808
44355
50639
4043
43745
38697
35923
34563
28804
37915
56162
56566
50252
48315
43744
58012
44872
6998
34767
38079
54327
56278
32992
50456
43938
42800
53483
34390
48103
35424
27571
36718
44820
33056
59264
56464
24879
45932
38337
51515
43619
47937
41670
29730
20342
35386
36827
45300
26095
45836
36855
40197
59176
14033
44270
44165
1126
49143
43865
54317
29051
35677
19720
44198
35950
57454
37328
43852
50587
36619
9460
34663
38283
57090
40093
57833
34901
55935
57330
55225
55536
51969
42553
47709
48892
39325
48612
40567
42723
47555
29973
54218
42044
31800
28765
48484
56475
37362
49741
39265
35775
36305
48168
57875
43617
52621
39356
35903
23393
9800
51414
39957
31268
56781
39490
54255
50917
55518
49241
34569
2450
52403
46665
45445
58729
34566
51571
34586
34340
47224
35856
9317
46713
42857
6725
52726
39997
41772
43419
35876
40454
53718
53578
22647
38263
16744
46249
38082
48759
32149
21143
48196
52324
36018
31240
45135
37597
33676
16049
45572
50098
46954
55684
51570
22788
30780
44375
33054
12542
45518
29809
48684
32508
36840
2179
32802
55044
50060
45377
25384
30431
50710
46000
53580
36803
47155
50215
37111
51524
35535
56167
56329
57317
53149
32588
54373
17090
46797
30574
37928
57509
34814
51338
2934
16930
51326
36218
50164
39540
44147
53424
58696
37307
58414
37663
44472
30222
44159
40726
41380
44555
57312
35554
37582
33996
50302
50991
58339
6587
49207
10475
56715
53822
34524
32419
57679
8566
54109
55015
46111
40192
52005
33657
44283
3617
30605
41663
57249
55126
41227
34220
56953
37028
1712
40586
15059
16820
33588
54855
46360
50427
52647
35411
49695
30819
32796
20399
43068
43171
31880
58091
17612
38045
56672
43359
45586
56273
55231
41956
56204
58319
34402
31714
21839
46891
42315
39619
45881
54527
51980
52338
40995
55973
469
37437
51696
57204
57622
46800
32695
43964
34748
44239
37947
39672
42965
26613
42460
52506
31930
37876
2893
43165
34582
38930
55036
49375
59095
35481
44557
57744
46262
50899
42318
30887
3759
40463
54431
43391
20290
56311
55404
34424
35207
57973
33323
39253
33461
20438
41464
46104
36703
52101
37158
48477
53937
14985
50217
53079
44826
43208
53953
41098
31779
35224
40104
32933
49467
48845
39892
49979
46243
54750
52950
32589
7069
22539
44985
54872
9206
31059
43160
35284
46017
32505
55475
42529
39773
32454
53694
37725
56495
49922
54864
54242
45260
46565
22037
37108
12247
6832
36472
58407
34608
37003
37021
30725
34368
9192
48006
34513
43492
53909
50938
52400
57508
936
34231
17613
18264
44197
56822
55472
27294
54559
41299
40293
34032
13383
49177
37423
45191
50286
37059
53087
47206
29609
57728
40388
43504
2197
44155
48865
7670
52143
39247
38710
52330
2915
53258
31727
43358
4266
48423
47138
39752
10851
24320
54291
33197
34725
34803
42552
36193
32752
54144
52083
51762
41106
51941
44606
37722
27235
47655
44722
32493
218
39694
54227
36958
32320
13306
54732
1600
32728
35897
35152
58064
34587
44440
55565
53090
50167
51106
10462
47139
11876
39674
30701
52904
42268
40183
54039
48933
54788
53856
53573
51016
38293
57599
43174
56125
45087
54742
30490
58400
55488
49965
49452
45511
8159
48302
41177
55686
39442
45931
51990
20459
55385
31373
51297
47677
38006
26318
30640
47416
37081
51455
42455
54180
38909
47347
21846
31216
55890
53728
5150
48818
34603
44480
30984
51931
53312
28820
30687
54992
26649
42972
52508
5317
46917
55077
48582
57621
50397
43005
14885
32407
52580
47143
50212
35522
37150
31285
42322
32490
37771
18462
56840
43669
46327
49914
31724
48824
42140
55409
3035
45422
57607
45900
39901
55256
48747
47204
47106
51014
54558
32705
50535
37443
45875
4310
51266
30788
50068
40861
59258
51681
46434
54947
54950
54948
57490
53405
51767
35916
11517
30104
40836
47527
52048
35756
43655
48334
48681
54952
58075
24571
36877
36967
56531
48502
49893
37377
30529
41425
17648
53722
55150
54899
37069
35304
33565
35549
13778
58634
48112
49095
55416
47341
31343
32976
39691
20267
38218
44935
44217
54805
44992
10928
43002
35995
55804
37379
48079
36445
45884
36355
37083
57040
40202
51656
46343
20999
51200
49836
51752
35837
38046
45929
2257
41681
48159
42816
35277
50262
53390
34321
52082
37044
56338
9959
36349
44689
48745
50316
41780
55880
44456
46240
26038
34399
53707
49132
36552
30608
57988
48593
51323
58501
37698
36865
30224
37137
56188
46771
13844
58256
51850
52197
50837
34844
31275
46596
49558
57265
55032
51535
49142
36784
51704
53373
34315
43496
42384
42439
36186
36543
52771
45284
51849
48806
50091
54263
49181
42359
51877
39141
45253
43372
35942
56501
55134
43095
42006
54514
31261
50591
36792
28217
36946
50901
22348
48409
35994
51354
41722
49305
49628
53574
22059
48453
11917
39825
57119
50530
25355
51053
20549
33941
49641
49136
36576
36322
40960
37720
3131
49582
51949
32993
43963
9057
53896
32729
23981
56885
41349
33904
31491
56589
31435
53457
32667
32941
53620
47150
43075
40593
17074
47784
26644
45927
53650
31891
47622
55534
36342
8804
53316
52134
52780
52599
49494
48082
35392
50413
42221
52356
34143
33353
32073
1476
32132
51554
31282
18693
44078
19424
53279
42458
37060
40408
31662
57837
37015
52193
46963
44388
36434
45345
26173
48404
57445
48974
36368
46181
43176
41452
52152
34862
56783
43416
47816
33700
24951
52737
525
13271
51521
54803
57799
53796
34508
33189
20328
45524
45904
36066
36650
51212
51967
36756
58358
45085
35144
48542
53981
38233
36333
34897
39705
40095
25495
21763
58135
35603
31380
8310
32413
24093
29192
32610
46237
58025
38643
11764
54174
41323
40623
49411
41688
35174
50131
16344
45032
34687
14951
24888
47493
43514
1614
8059
50769
53376
59131
36447
51121
54797
45050
48791
50623
6458
30456
41934
38048
44036
41785
28240
34437
34604
48476
55074
10793
39727
40022
54668
51712
43777
31046
44077
34463
42556
47218
35001
56231
48183
9009
45203
52127
40855
45073
55260
50590
33722
49106
45815
8341
47840
48316
31384
34655
38801
35240
12629
53935
40475
51325
33586
7186
44940
58391
46376
56572
48067
45289
29356
51695
29815
41691
54896
31515
22906
36837
35859
33529
850
53546
47810
55282
41455
31123
33940
53869
10419
42257
33114
44135
56172
33974
40126
45899
59144
50853
35823
56782
47683
39693
35171
53520
30485
36192
3848
40128
48715
49556
43776
50968
50137
3830
52968
38172
47716
37106
33393
56233
8984
51700
58909
34678
41069
38340
44486
5950
47307
53958
38767
48565
24338
39984
46271
12632
75
37518
51543
38865
26347
24834
34669
44124
8107
35800
32523
49077
37554
47789
45069
47351
8089
55497
48257
7317
11287
42231
38117
44204
16102
36030
38060
41998
55867
52335
53816
51614
31292
58001
13134
42447
39936
45277
8879
59101
48800
33509
33910
19118
34763
54000
27488
57759
40000
48359
44863
49220
31440
34474
46883
46072
52032
46336
36737
48442
50040
58887
57360
34254
37622
52787
39593
36381
37114
56463
55140
43012
10671
30251
35561
35608
43427
58610
54316
47744
8149
11988
49999
40146
38163
34657
35678
58037
48029
30410
37951
31236
58359
51160
53807
46089
31956
49110
35577
36128
57934
57266
25419
47812
46224
55054
49563
51675
53251
32276
13125
37029
36824
58418
40815
35905
4239
40755
31958
35384
55737
34611
53214
57835
51584
54175
49994
54341
49486
34994
39358
36868
42941
1529
35586
39440
16065
34817
43585
4783
29776
41767
43108
45509
52228
48674
51888
43840
40330
30520
38282
6716
8987
30901
41055
25546
49169
45824
30397
33964
55185
52873
43644
49337
48451
50834
43752
20175
19813
38858
56185
32240
56267
37925
52006
32572
51301
31786
35723
33924
52272
55893
57982
47027
54542
36384
45842
49742
15572
38038
33123
37088
14544
49154
42391
34684
48871
33404
40660
34530
30231
34535
6350
54134
57067
31084
36757
53140
37885
13047
9356
31953
58073
54962
48145
55872
35259
40271
53072
47852
44633
52493
53670
43052
47786
45694
8604
49329
37242
39224
24330
44079
38779
56564
49584
50516
43322
35928
16521
38225
49468
33720
19678
46394
35812
47035
41031
30830
33970
56330
46052
45789
33997
31768
24346
52462
58316
36400
55800
30691
48880
25340
53866
36505
31221
49896
34227
51995
49940
34320
52053
40124
18100
37304
51341
31648
40098
45276
35833
40736
52751
30712
37434
40644
49081
33747
58694
19139
31331
31600
46855
33946
43438
47946
50582
39780
49148
53666
35221
58441
55288
52007
59183
57964
55261
29183
30274
53049
43867
43835
9825
50278
52989
13374
32002
14215
52203
18101
50242
49487
20333
8623
9625
38059
54638
36108
46666
55898
55402
33693
54155
43618
43895
36801
51633
46124
41976
34155
30478
48778
52427
43993
36811
36019
30854
41793
50673
53425
58151
31509
38826
29828
40661
57879
31449
34712
29755
44230
30993
40841
47386
40937
45440
54752
49527
31838
31284
29806
55287
50371
22754
3868
38888
37278
31833
41174
28959
54630
10509
57680
34850
49583
736
58129
34119
48472
48077
32745
45597
32786
30442
52263
35358
37954
58670
29719
30365
48893
50426
46127
44014
340
41054
58285
50386
19119
23508
58551
52657
50987
54254
58260
37948
49361
49548
36386
35464
51689
33382
42994
43056
40442
29750
54246
14262
33655
45795
10555
32045
58408
19600
9104
57787
58699
13084
29807
43362
42564
35976
37592
49442
45180
50042
54686
45106
57282
34068
40211
22336
58381
39806
46725
43590
54654
39627
50044
45373
52260
49747
49946
14045
50652
36879
52602
34361
7034
56523
49503
53752
58584
16061
48028
47026
58546
57562
57166
55259
35967
37409
43224
40667
36888
47858
55020
31692
31157
54665
109
50443
36516
44153
51858
36542
40204
51820
36849
58481
15934
58597
5795
7620
32053
55765
20388
54982
50893
50817
49715
4992
55244
45995
33696
36226
35544
36427
49114
31671
50445
6560
49155
56583
14533
50600
23067
41944
30945
1123
34205
42836
39268
55368
34699
51902
54694
38068
32136
37585
37755
36449
46765
57753
47618
52911
35861
40820
54770
45221
26282
41137
46427
33969
36830
43038
27530
53665
57796
46208
48869
55969
48119
48696
53646
34565
49899
5905
54640
52366
34576
42199
35753
30071
42078
43919
40927
42596
55254
55447
26941
54332
48604
38921
43862
36262
40552
38080
51658
56362
35738
31512
44640
53702
39222
41303
47199
37209
56003
32709
53032
32684
54420
55530
37547
34542
56352
39143
43161
32831
50937
51294
51617
43967
45187
1856
48962
56412
11148
42124
55122
22313
43365
33868
33553
35431
51508
42646
36589
54146
53194
49122
36808
54299
55172
43708
18378
35868
49344
48543
23551
48804
55508
31467
50339
58379
49379
29743
55914
52616
57307
52748
39497
431
58790
48994
54681
58837
36816
22969
58531
41456
55211
39960
32247
38122
42434
36451
32319
56512
41936
42184
36199
57790
56780
59214
54487
36090
45592
49137
40233
53417
36369
30323
56632
51744
31731
8620
48463
33834
53343
32679
57966
45767
41065
43077
55953
53972
58264
483
16678
51513
32216
33086
40698
44850
13625
8973
43601
39531
36795
29861
59218
45785
38070
46895
55275
4663
28490
48579
30683
55043
42704
35714
34007
54128
35408
56201
50412
40636
56218
32456
37643
45823
44738
52858
20963
1449
35228
53137
42229
37261
42835
47524
42209
37484
43367
49336
57323
54188
39447
34780
49855
43779
55633
51729
34714
35400
12308
45544
57198
4346
41640
31628
52328
52895
28674
37979
54620
48937
57031
47874
51943
41807
35984
57965
11642
35870
7348
52612
50786
51322
40200
30400
40291
40230
55749
24921
17105
49236
50762
25905
55505
46059
47981
36435
37544
40215
45429
53019
37425
45512
58603
55431
20730
44072
34383
34490
55787
13864
32517
44852
32452
54205
44568
8935
41488
36288
34804
57614
30894
7316
37134
44682
50320
36201
45718
52084
17256
48783
49493
43173
35926
24005
53527
51538
49610
52322
52670
41072
55592
48412
50014
50038
55970
38708
34715
40546
47255
35728
32943
38416
5810
31700
34286
56045
42103
32785
54031
39924
45868
56479
46071
42236
1288
43977
49152
42789
36724
34207
54800
39148
58274
19287
38989
57338
56748
57137
53088
34700
32697
52661
50502
23795
59169
22656
58027
46161
16479
9228
43147
40730
55738
12010
49138
53726
54926
52630
40668
45963
50622
34482
57530
32675
43766
41385
44508
47962
48482
52349
53662
41850
42414
34741
35579
47008
30988
40201
30139
50725
36909
53236
53197
40585
47042
36853
39617
332
42019
33879
51333
49183
45912
47375
31854
32810
55713
29437
30657
54304
35119
40191
59219
37499
36610
48594
10557
45184
46338
43799
56673
41362
48950
46022
49139
1565
36298
49902
30664
56217
34181
6222
49011
35596
36054
45303
56841
47228
52223
44366
49602
40520
11895
36081
25805
50045
18841
45159
52273
54522
1173
55210
54278
14865
29790
48630
52766
29201
35089
53790
37778
35864
28347
35620
45580
34972
32484
40422
31033
6466
47550
355
44937
34496
58787
48642
49915
39491
55064
46926
57073
54718
58906
31034
42282
52079
59230
31056
51807
48740
49535
36421
31488
50922
33487
46105
53541
48863
33556
35911
57285
30548
43633
57074
41631
52529
39703
4117
37801
51545
47028
36992
42394
50913
13796
26286
50108
48254
35850
58281
50807
34076
15856
45409
5784
29753
31032
52050
19525
58490
27636
38985
20383
42754
31986
35704
36766
59068
29906
31701
47564
55278
41407
44461
37441
41714
39599
56574
47216
42578
14863
36314
52952
52196
14063
54536
58363
49863
50820
57260
48764
36013
52711
54774
40534
36359
10073
40579
55296
55061
43787
36191
56762
47021
48888
57339
37195
38463
47519
50384
38235
56652
57820
37699
26380
34806
37006
48799
48761
54586
22068
33525
30271
52124
49050
18937
40117
57139
54443
51661
10354
53535
45317
57247
40397
35531
10091
34210
48925
51836
47022
45102
43743
5975
6329
57016
40759
43164
58522
44248
18437
57972
34877
36789
56043
55848
56563
47835
33743
30484
34540
57009
6853
32669
48541
55068
34373
39566
32605
28153
41246
45114
6895
10228
51269
49017
34124
54692
44576
41405
31359
57750
56206
37465
57299
51351
19250
22268
38550
55252
38623
6246
54217
34392
36402
34012
43063
47647
57968
43447
46877
34162
57099
51847
37927
47996
46927
54493
50148
36317
45787
50883
32604
37374
56411
14645
29883
51431
42013
8308
33648
52635
33442
47214
31474
6826
34313
41922
34398
52282
49970
59127
36746
53017
42304
46969
42773
11924
30430
54958
37562
46524
46518
51252
30399
39967
49119
32450
33530
45965
9935
39642
59274
46056
2752
30226
46415
52507
54941
41774
52479
36761
56274
48967
34459
53974
34380
29531
37252
16296
58495
54965
6426
35820
47608
48068
51948
38292
53314
51908
35863
52857
41225
6477
42905
54074
6398
41088
50428
36011
39529
51578
35614
57688
33006
50921
49157
42788
49778
58730
47539
3493
49802
47160
48956
51907
52499
31869
57657
50417
35435
50574
37051
41590
56689
46175
42889
20472
52163
53336
51947
43791
40504
27642
2416
35365
11369
1859
43832
43377
56694
55249
53290
40569
53186
46536
41549
8318
49472
36854
35220
30812
47182
47291
7931
31270
58732
41120
31161
33470
38058
32823
47177
35982
48392
31178
51682
36412
41690
22744
49884
49116
53999
33828
49096
48899
3755
42563
29898
57838
55688
18882
38165
37615
57043
43067
30426
52710
32459
37061
57414
39487
47767
32917
53933
43870
48926
44352
39343
30755
42179
45125
43837
52527
57636
36429
52686
42383
58423
31222
47918
41336
51536
38223
50237
39498
54348
43180
43720
41083
34697
35842
47082
36290
57220
57115
37875
46385
37058
29760
57028
51959
34015
32354
45907
57126
44348
58912
11085
53297
58108
47077
7020
35769
53212
37733
58416
48739
7618
56139
30752
38822
43409
10717
51871
46907
32655
45146
53443
43502
52719
54946
47947
50039
49129
42494
54793
56084
54753
42959
29916
57998
59156
30107
55920
35972
54454
49067
12083
31163
57817
32736
44272
49245
8352
35413
40411
37652
1465
37197
14069
54525
48193
46321
43968
42790
55253
40655
51819
44817
3206
8666
37754
52918
43583
50253
47572
58050
34218
53621
20189
49754
55778
50245
47058
31308
23895
16621
44161
36337
50150
33080
44021
43861
34911
24340
35108
43729
48663
48222
47135
44415
57049
34171
32304
51699
53148
34820
40527
50022
56313
32948
37341
25211
36908
27232
38239
48995
34554
57143
57290
54660
34453
51760
31256
36246
46647
35406
48142
42417
33271
44617
55858
52519
58016
38257
21164
56704
36016
37868
55977
55042
49567
15359
51068
46722
19507
45460
18308
51321
56526
36939
49748
47438
54601
43481
48059
48373
53745
58047
39095
52896
51386
44739
31045
36217
35185
25299
54347
45901
10449
33641
48179
34206
58399
49881
47476
50064
45095
32290
49440
29856
11559
40056
31550
41011
6337
36072
35302
42872
56051
39861
26294
58582
36886
35308
58219
35092
47522
30639
7404
36915
50523
58115
44223
43317
42512
47065
51214
44832
49386
1540
10681
49370
36328
8561
56101
31182
47651
53976
47978
55929
7319
51391
48209
57737
43920
35672
39096
47498
50856
58827
51352
41273
48921
53663
32583
34580
51822
30535
42159
43462
54301
52169
33748
50527
21659
56801
47398
36125
40380
47666
42435
45769
54416
37093
44647
46951
15869
48518
56392
38762
52683
46805
46205
47560
12279
3235
35212
9251
58698
49528
50418
40946
50806
35884
35244
48010
1021
49973
33483
45408
59191
55012
35951
37290
598
10527
48089
44743
37495
54546
29756
55063
58766
48052
41608
35992
36515
57897
41198
49809
52414
42995
37529
51103
52718
23233
30556
57745
38824
57472
41673
54212
40934
35310
28971
33462
49454
37467
39404
41087
39388
45093
34639
47738
30413
31615
30035
43897
40345
42204
35937
41019
46930
36983
46709
4187
57242
36346
40348
55432
4339
45014
8388
35589
43178
37217
52481
53304
18186
40114
54734
37365
29984
38374
55161
54787
30415
31197
22032
37103
57638
46971
31481
31782
41932
37731
35504
30052
46732
42891
50962
30696
35246
39626
10321
34096
27876
48076
20235
27527
32703
54150
44632
57936
37890
46223
40270
48182
56177
47492
35084
52464
11032
33231
31192
49991
51832
32615
45903
32346
48878
55197
42046
44923
51664
48036
49803
55572
43341
37210
55479
47680
26100
18503
50087
57045
58581
50288
40519
21006
56875
39866
29191
54329
36776
34467
43154
40997
47829
48439
40887
56700
40116
42540
36118
23522
54748
29708
34751
50255
34021
41176
47842
32480
33276
59082
39029
1256
45806
40409
33831
39424
40640
29712
7850
56658
57604
31735
31829
4306
31445
48189
50006
37804
52733
49789
51432
35610
52086
9213
14060
48735
52267
33677
36882
50399
58383
28025
8609
47669
46710
34510
45928
9494
50029
35827
30382
36025
38387
55075
56116
54755
51367
46986
46546
56709
43602
48458
34481
38154
48389
37386
45354
49131
44296
48046
48848
50317
51143
37937
49815
52551
45449
35198
31231
32639
39183
39562
51216
57594
9908
49959
39171
51562
29268
59123
37820
37411
34230
30236
36551
40036
41281
36097
30077
20498
53466
52593
39371
54101
41828
16909
50459
41096
55946
39281
39381
44519
36872
40294
58160
