14477
56114
58886
23917
54399
40199
57270
44139
48626
55504
44227
53001
14104
57471
34941
37953
23474
34635
42181
52979
9334
46627
56930
47439
54784
42922
12300
40219
57906
53594
55199
58171
14484
57698
29399
30367
2698
51477
55114
50457
2596
58298
34104
50567
42625
45104
41419
47518
40900
46842
37718
57702
42822
41484
19868
10372
57363
37917
495
57520
34444
35098
38247
52590
58878
4403
37140
50691
38039
59073
56585
56171
45116
36519
37512
55539
59217
39800
55196
57122
58030
50554
50139
58327
53102
47593
52278
57175
34964
18887
57403
53178
44104
40468
51370
11235
37881
41880
40205
42721
24313
13610
54824
59239
43385
41022
45153
42847
5157
52841
31672
2436
40835
17359
36585
31900
56535
37848
58862
39805
42169
8703
57612
45401
11337
33869
10685
34142
45254
10365
44881
13075
57407
53671
46471
41819
38768
40050
40285
14149
35028
47755
50758
54172
19087
58375
55356
11485
26460
57308
7022
41296
40039
53313
50312
55238
26202
42782
12715
33832
45271
24405
3824
41863
9115
38610
55885
41393
42561
45959
45948
3740
55844
46545
4097
43269
40365
40227
17425
5237
42130
49331
58386
57011
42010
37680
51312
54733
36810
52840
56909
51525
57391
39977
55201
33575
57053
57066
42267
26950
41842
38278
40166
37970
57800
51235
33112
31802
58026
57186
15946
37556
59122
53635
43267
41140
55386
57987
57713
38772
52026
46617
36153
41957
53200
44874
13080
43126
57369
18812
41911
40763
37840
56134
38790
58417
53467
45863
42311
54117
42215
56249
1584
40518
37831
40700
43091
52301
41300
30330
52830
18869
58004
57393
34483
18088
19465
40138
36283
59232
57200
46945
43978
37818
48853
45235
51140
36817
57251
58462
51371
56845
57480
42960
50688
34977
58169
48491
14161
35072
45998
35022
28851
58322
57858
43315
54243
54885
14298
50927
39150
56301
23750
46551
48514
52948
53540
52704
57824
59245
53322
46803
42469
43499
31975
50723
50258
17937
41743
32516
57815
56180
30066
37311
56247
41018
41224
14133
41104
5480
53996
37138
28529
34165
58764
58430
55116
55753
5868
50344
54560
26336
54763
14160
4056
57935
44870
36725
53817
25962
37046
58220
53388
58194
44023
39430
20219
1042
56831
36974
41482
49018
46323
57315
48911
38291
15111
53370
42409
45805
57148
52038
13272
30715
15463
54670
53532
53814
17029
51388
32305
6022
50179
31936
39303
6869
15895
50768
57963
52727
51399
33951
7490
55523
18433
10473
57164
24351
41163
57666
48549
44857
52768
30966
43792
37390
36604
57367
13509
42402
48314
59198
41764
55883
13418
50828
42824
59261
32080
37971
52061
32597
45669
13980
41024
20515
56031
46678
39803
40774
41208
43252
57428
42292
13582
45792
28119
45079
45149
13148
39291
53182
26263
41988
55462
27245
53307
53596
58673
58540
53415
44977
12948
46274
50391
35691
37207
37546
46329
43414
17154
49764
37859
35118
54120
50728
59251
57660
51211
28299
12274
18134
58045
35405
4739
41397
42379
14192
57673
37862
46667
9090
55897
26426
23101
49238
19480
42807
56261
39951
2557
41382
9649
45166
23261
15982
7954
55485
55429
45185
38684
9250
2076
59185
48360
41306
18163
49109
40047
38035
42032
3420
32666
53613
57845
58058
33932
40416
42526
39895
34834
29850
35045
2378
42938
22375
2600
37935
47312
37577
8140
34612
26548
42273
23643
282
56708
59271
58029
37621
39094
57239
57864
43961
13236
58491
15071
28826
39897
29845
56681
30925
39088
57580
32734
10704
53571
41632
47410
19053
41879
37918
36111
45417
23226
27253
56823
41190
13998
41967
34975
49007
23978
56546
57062
2573
12156
52743
58123
51615
56406
49614
51416
41624
41347
58569
49175
30206
3365
53485
19117
55499
58187
30318
38835
50729
34442
48289
56560
52092
40863
42478
45175
27751
36145
48603
36712
34900
37767
46508
46677
14042
30626
45825
40884
49779
39767
34343
54269
50585
46246
14506
45015
30326
57284
42271
48578
45877
52457
51232
45551
52910
59243
13645
42633
47048
55125
34602
43096
46519
36310
55056
58497
8428
54033
37746
57187
33566
46851
42427
35013
58748
40229
43532
45257
44966
54576
31923
56906
36134
35128
48198
41678
57684
56839
34930
53323
51630
55155
10465
33263
34144
17418
49087
23039
45027
36894
45463
34357
56532
49214
56698
3856
35361
39968
43145
56348
44229
57354
53771
59263
39384
33268
56793
46273
54891
57174
9241
57514
34951
53821
30616
14107
44867
23939
37403
42203
40975
50615
33686
52009
46650
40342
40037
34397
28661
56827
57859
36852
46284
52728
35448
49082
58324
42663
53562
2075
47331
19707
58125
33602
53179
49732
35402
15369
57655
50816
56586
47046
20519
33835
8448
54273
7997
44948
57374
13391
57993
56132
31472
40571
39416
57955
56148
58179
41835
31070
43767
2466
43251
12073
51136
58460
12075
42411
34113
20505
33790
53543
37757
4447
43796
49637
31859
51486
57386
48214
49485
23260
48816
13995
54247
35139
47120
58188
50557
36083
43072
45337
19427
47457
41211
56156
50515
47520
57347
4
57392
31237
15376
34940
42655
45902
51028
48814
51430
44844
54186
27389
26203
45910
51790
39392
1027
52853
24447
57280
53703
20
36781
36508
57615
50683
53693
24388
34221
48033
45023
3738
50674
38992
3407
51602
19573
43168
14091
33279
24997
49476
54127
41156
5911
57731
47726
26389
39508
29266
4857
58149
47037
53398
50767
42581
53949
55007
35369
37955
56450
34148
48493
57708
56232
49691
14122
11272
52885
58057
56570
45165
39300
40994
38912
38160
58997
38978
42014
53595
39909
32767
41389
58913
48158
58427
53372
3764
43569
55963
45056
57173
59208
48726
54459
51178
58436
50775
53781
43701
54893
42137
51730
10840
25615
44210
8482
38441
3741
56787
39154
43316
29658
59276
38783
47766
35253
42168
31315
43508
45955
12344
45530
4688
38591
34226
54423
55200
30866
39595
52570
58043
42651
56937
41259
14809
14743
41109
40341
50519
53440
35018
3144
57230
34245
28337
53583
32462
38219
54157
41662
47573
47400
54160
45003
52444
47429
45047
34204
29145
49758
38280
57585
41676
17420
13095
56020
58679
12068
40646
50514
44579
47499
6342
47146
40433
29739
58890
56908
48446
36091
47475
55347
47770
38124
39802
53168
5891
54570
14049
48771
52315
38281
40483
59202
40596
58372
41591
43466
45945
54684
40499
45346
46979
46142
41327
58472
43558
55824
45005
39848
46501
57404
51573
33091
50704
56517
19309
32344
15250
42188
37688
56786
20447
55494
19437
35625
39444
23937
43340
41374
33778
58632
3564
58429
43387
51169
57442
54848
57844
41002
36829
41080
34919
26392
39310
31905
57275
26581
31104
43809
39391
9333
22304
45077
55873
30569
40663
55476
40921
13352
37727
57757
10701
39158
42865
40490
35112
24789
49445
26974
55845
29501
12944
47112
54674
27998
30742
24323
44908
33705
36285
52735
43428
56552
37603
41989
51237
41680
48544
41068
34128
43249
2412
38509
50701
55823
5401
50934
30281
41651
9818
46863
42011
45349
37790
53611
2476
49592
52576
3212
37407
49746
34134
2587
16989
12363
37914
10324
39240
57497
51421
49363
41551
40175
49768
30577
41568
30801
46648
57526
34552
42367
57007
36836
58387
30339
41134
42037
51157
35908
42695
51429
40506
51303
16118
56587
34963
53067
46682
34462
37118
57423
45632
45501
58233
38776
41855
7252
45245
42918
35064
39991
9144
36856
41973
25697
47508
40268
51714
30325
43951
57434
50080
44961
52846
56496
21948
56161
30313
57426
16840
54583
56079
45173
27795
37289
52017
44326
50668
34970
47658
57677
41158
39329
26165
50142
48971
58390
41169
48923
57474
56192
56592
23613
5446
20386
18233
20343
16058
48265
5708
50095
56093
55109
39161
57678
37661
9637
45934
50533
40848
57402
41811
57056
50697
38685
41704
53232
56692
32316
51293
41355
49376
58249
31904
57232
43471
37552
50348
40306
39414
4677
44778
35078
45155
57778
35675
34833
47480
53643
13527
58864
45754
42122
49319
30999
33210
51770
22053
40415
52566
36602
53395
29565
3775
56017
15050
54326
40907
34591
14440
57581
55002
55653
51411
45386
45040
41123
41990
12654
47853
40154
37228
47234
58686
42815
42028
42244
39264
13465
54107
55483
32636
44216
55624
51339
1501
56772
58208
19812
47857
57499
14155
10054
7110
56862
41562
45028
46659
58259
4182
33164
28714
42834
45891
42793
50297
37139
39782
49048
46168
57052
12841
57277
36139
57921
31486
45098
56014
7796
42238
38256
53704
26350
49630
37842
57372
45626
13505
26585
39233
41133
10595
56030
17623
29978
59242
20553
42452
44193
17821
48304
42854
42852
22522
44005
37370
57457
20512
40119
58031
48500
46023
1881
53599
59022
28416
30728
33554
41097
58502
42134
32757
42861
34938
56569
52074
45819
51620
59160
57159
20517
38519
37598
42466
40603
39344
47205
58300
45247
44941
51250
34997
37824
56957
53749
57237
36482
38224
11992
57517
42413
57429
35071
52658
50586
44920
34136
43288
34121
51756
53063
41847
57543
39759
4966
8611
56530
28326
11344
25398
55842
58368
35010
45145
42612
57709
27229
4851
58781
13986
35011
35854
35439
36147
40181
38270
57919
37761
14059
56337
44631
37887
35621
11883
49252
22405
40018
42705
44564
53387
56638
51031
8131
41476
10463
33110
53351
36277
52874
57661
4330
224
58272
29162
25620
40007
18442
10864
33248
16786
48215
35555
9331
42598
40605
37854
56083
56059
41483
57918
52594
52855
44846
43347
34867
58617
34356
57406
49961
37762
22658
57248
45272
57444
45423
17877
6795
56075
15054
45602
35103
57211
41037
48827
51784
15010
43319
44238
35242
58250
34548
57752
52932
12515
30469
13626
40064
46991
46786
42363
50030
9326
37628
57377
50783
57644
39239
23524
35543
37883
46255
45942
31443
56363
44883
56023
47245
46997
58453
51583
27194
57274
41560
45821
38313
52340
42605
28634
44170
37550
57527
54096
42634
52927
30315
48354
52200
57319
38769
45341
52117
33526
33192
52586
52965
42398
53000
46668
52307
57461
6248
41481
46405
42135
10479
24396
48355
33198
33456
41514
39332
13152
36242
39244
44575
13377
56867
47898
31405
46029
58253
24212
39197
40373
22286
30697
42843
41386
44086
16944
1900
57550
53852
55906
15602
55130
46301
41379
54892
57411
41117
53407
42509
49351
53632
56210
51369
39891
24215
41460
56135
56920
41610
42362
45051
57498
38736
30997
34771
33906
53447
43311
12506
57979
44222
57226
5734
38777
54223
37095
50616
41768
53334
54321
53039
54904
51706
42298
51086
8947
54829
49383
56770
53267
17707
40283
48019
57942
44084
40671
49972
43739
49456
51685
37779
40488
51771
56184
52938
24937
38842
6592
53994
47422
37036
37964
55113
45947
40164
41367
52135
37983
6214
57069
58225
32280
46534
57072
45500
44884
37891
6992
1512
43133
58175
41035
37850
42333
14746
44983
2226
46363
38735
23544
48393
46044
59182
37172
57351
54900
51753
4887
44027
56931
46865
41585
40327
37898
39149
58941
46631
39832
9244
8126
43793
33497
37723
19683
37457
47514
12572
41654
49398
41617
50492
39340
1374
56505
45779
39370
43229
45080
56102
14771
35635
35685
34999
56916
36143
31241
14666
46785
53253
41870
57716
57010
39952
52093
40756
58382
53296
46280
54151
43523
57531
45488
13367
43092
31861
52080
42591
38344
10797
43016
41851
30324
13927
40766
57654
24460
18084
50409
8520
37231
45774
42404
33710
41262
38737
31229
51956
48718
38862
52206
56481
46450
49349
57401
32267
39174
28483
26712
41779
41890
39318
31434
40985
57862
55853
51961
35701
14406
53295
36252
44603
58519
41993
42352
37559
14548
57397
34910
50453
48963
49785
37744
14377
40808
13959
59222
52075
38206
56995
52655
56066
35925
9118
49927
53156
43422
38134
57878
34364
43110
31858
46209
51937
42234
9293
33443
47395
52707
41335
26706
45140
42235
57448
50770
45413
49756
37655
45781
50750
53579
40249
29432
25815
56344
58168
10818
57261
43086
13410
24370
42407
34594
11370
41831
1396
56934
55830
58349
47115
39946
46612
42456
36162
52016
14887
43940
42936
41633
45807
56421
48431
53289
44551
41369
49261
58254
9929
53238
52254
37549
57812
37901
36923
13896
55683
57786
33411
46222
10606
57648
22516
52476
56262
12403
45400
57554
46449
57065
1055
2040
54874
45193
15400
58553
34668
3349
52958
20511
48433
52147
50981
35996
26142
23407
38197
46303
24395
47111
33971
45957
45800
56260
39163
39915
41399
2605
37747
22855
42210
48014
6893
48357
131
59249
30096
45313
55094
54112
35059
39389
58735
44903
58857
38267
2799
51812
52365
48524
29359
30017
35765
10866
37976
47127
40851
34973
50156
3335
36163
19503
54051
50589
57980
14588
50411
35499
48098
32118
45703
1426
33866
42542
58721
55378
48420
40772
51755
42828
16114
37920
47183
35120
53910
36293
43433
57890
43378
46619
11823
40713
36711
46605
58475
1895
18873
42864
42943
37809
26631
43263
42942
56836
51986
28935
35418
52998
32482
2352
46258
46268
36357
51466
29837
46197
30471
41583
46663
44993
40449
41895
53840
25080
16703
53237
55884
7589
34967
53533
58494
29336
31362
45827
42508
46334
43235
31085
9336
57081
14778
32318
43526
30624
42335
41984
52964
27182
48437
38114
36410
39169
59238
34089
45845
58822
12358
52792
50756
53018
41325
21756
32905
36492
38926
52572
44045
35438
23768
52887
49704
18920
57390
51453
14297
35012
56792
46530
41204
3217
41368
35514
58556
49002
54776
42119
56691
58684
2067
33283
50525
42450
56072
44059
41071
53516
56710
41675
30597
37921
44890
5928
48116
1805
36981
40637
38183
20441
38181
24481
41164
46140
40395
28112
46782
12192
40255
47187
50686
42307
57400
1989
38086
43653
53914
37685
4229
57083
50757
38144
40524
54006
53907
55886
46430
57008
56176
46141
57227
19124
57658
56825
11586
41142
57686
9859
43105
277
55658
3589
51579
37030
6023
30414
3685
35000
57162
54669
45288
50687
49188
48969
33520
58680
54132
56703
43982
54652
25523
55802
45613
56923
38250
14782
58201
43426
13312
10878
41658
30298
57582
40672
45379
45157
55895
20509
37116
44957
56815
14455
57714
43398
12667
13785
50724
34363
37703
51465
29813
51487
55454
28936
43563
39796
48396
53367
50375
52734
45532
33707
52012
32268
56816
57447
41136
50657
52275
36573
53612
57381
51476
40649
42387
44200
45396
39949
20340
42109
35907
34
39995
32919
38213
43153
44851
54361
14318
56808
45202
50301
47451
50929
43628
40696
34579
1039
41111
50050
15565
20406
57898
47980
12966
37691
24287
42610
45798
41090
34149
56081
40445
47470
33318
45356
32595
2501
29822
57435
55540
41857
56599
48951
52940
51569
36230
17845
31846
54464
51640
43999
57452
34211
54963
57440
56799
53268
43494
57006
32658
53069
31924
28717
35665
15719
29763
20377
54849
45315
10376
27172
37260
37734
57235
42059
2907
51974
37198
53928
51456
35447
36240
58273
52791
20576
53911
50722
40642
57433
29522
40326
57222
37896
57276
41363
49111
37821
40243
276
45052
14991
40141
58667
40157
35466
57092
46994
9259
35545
2184
46535
42805
47016
58229
26257
51481
45646
38678
35250
41826
41318
34419
56933
23150
49003
36281
12530
58213
36554
57872
37531
50510
56158
38093
58788
35644
40824
39742
53385
10876
51473
57384
4271
34978
33108
56623
16501
52563
44936
39501
58232
48700
37773
38638
38920
40896
51428
50374
26003
32619
3758
48980
49054
46337
58190
4227
40810
27113
30186
41685
35930
36216
3379
58456
53199
41183
41725
41579
57510
46892
21360
41185
55105
52331
42999
56032
42400
55849
32150
4806
36321
53555
37753
6138
38253
57246
36370
23907
34410
31870
32239
46348
4779
57810
43330
38534
38672
50773
51190
34164
53360
39184
47705
56607
58152
5828
45762
41215
52010
10650
41848
52962
44959
25504
40406
55663
36586
42206
12112
41808
56498
54052
42703
53563
32560
46192
35509
41477
48724
49482
50034
53503
54673
57135
28333
46509
41620
25068
59152
57819
3841
52778
20975
44398
34126
37985
52899
41400
43424
45078
45418
51953
48563
43475
57163
30581
41311
42832
57596
51127
36426
44904
41358
40008
51183
19109
37388
42537
32281
42401
41778
45650
34573
55516
49491
30253
41490
38788
28799
46345
56145
37756
20395
39304
38110
42375
24418
35014
12578
56954
51839
29045
32133
37599
22921
50403
48383
33024
40936
56181
30084
45793
56846
57524
32894
54881
57205
56806
36264
15547
57961
51978
45809
49749
47488
12724
56712
41830
55856
33999
2056
37692
34291
46272
54498
58079
30292
55168
57804
36244
53576
39299
43527
49226
79
19448
39443
55052
38567
40218
51912
53396
53473
54645
34578
43911
35768
46511
53605
38143
1272
48675
1936
52700
34800
46999
41330
40213
40980
45110
23631
35630
42949
36223
42157
57940
56433
52110
28503
50532
41498
22680
48337
32272
54500
47531
57870
43197
33432
57087
4856
50629
37645
53096
45360
42729
54550
6490
54622
37905
39555
28750
46522
53303
47866
37263
44693
49288
43575
59275
3818
46937
3543
41466
58119
39940
3132
49681
35493
51994
56104
53839
38609
40319
55218
53276
33942
55425
5890
42532
41896
49593
39513
56541
47808
41148
58360
33812
59172
57203
46092
24312
5443
52187
58883
31766
53381
46474
57373
50011
49023
51637
51589
52803
20332
34186
58033
14945
45299
58840
53187
56285
1811
48216
40902
50632
55354
31751
46259
57297
40653
50378
59226
49299
14828
53211
51378
29363
33775
51397
49651
49473
46289
54079
56947
38751
39867
35067
56955
3849
45195
41817
42316
40739
30058
20387
57717
41818
46661
45006
57748
54914
59204
46189
33416
46299
46298
38121
30312
56243
40738
57476
37798
41160
55206
24871
54368
53439
12727
3832
22230
24265
43283
34976
40412
54315
49025
13678
56814
49438
41924
40928
34974
56979
34794
56982
45108
20397
45258
42878
57167
45372
41938
52832
25689
57724
42144
37566
57525
57145
45152
44245
26611
36197
57399
41008
12056
12251
42490
57937
51413
53610
14324
32731
20497
41646
16249
58330
58120
37852
59186
45334
32674
43855
31066
53270
36213
35066
44950
54020
59179
32806
57821
56074
33254
35429
56142
58459
55132
32055
42365
36138
58204
45121
58329
25613
35307
41179
50467
36423
58158
58202
48091
15943
6637
34005
55230
40321
45016
42403
14404
33099
45274
43295
55990
42875
40295
48833
58162
17495
45154
18020
54414
35046
55529
56327
59020
37641
33929
33583
51485
53383
41333
38634
57553
26937
7228
35080
25318
391
41696
45414
40850
57846
53452
33387
16431
48560
23577
43754
41331
32884
34914
52045
58791
13042
51137
34927
20518
45584
51024
54910
58829
40083
46290
32209
35965
19643
22323
34961
39434
40845
58876
38966
58183
45324
56196
52428
41852
42648
38161
44963
59023
17659
51471
37583
42415
40557
58351
50599
34620
11964
45167
48248
13222
34262
31458
35225
54717
58067
54021
45397
51159
50377
55070
42638
52694
49389
25475
43517
38258
33695
51559
50540
42570
52742
13314
35462
57324
41329
5782
33658
29812
40853
47594
35035
45002
48185
42226
58203
9999
18751
56974
2052
47530
35076
46673
49790
29834
53617
38891
42020
46830
23762
37166
52818
53191
58312
57417
51108
57512
6148
32264
41412
1125
34785
38173
43843
40551
35374
44030
40281
29846
52744
57313
10781
52866
40280
44956
42838
32579
45326
36272
33675
36660
41267
58685
25470
42473
41614
16892
42471
44202
34314
51223
45075
35368
50772
48618
12624
37781
39944
55129
57183
43488
51099
39410
52268
53419
48762
45735
54226
40919
56381
37856
37922
47728
34491
36796
53215
14609
52865
57631
9493
56685
9516
58325
13211
23441
38902
49938
35715
40339
49682
20641
58920
53365
50503
58132
39359
57884
59138
4347
42255
31946
19524
18469
53302
43013
48558
58127
13294
25512
13478
47877
46556
44909
39679
30109
36965
57789
38226
43272
45138
26163
53064
42145
45462
20366
57416
58793
49328
58841
23763
51318
52662
58134
57233
52113
39739
38789
19051
52699
57371
38123
19821
40217
53066
4869
13993
46365
37929
28151
50496
59184
24837
56699
38651
57443
50933
57094
43445
52769
52126
43405
45302
56567
37687
59206
58184
58345
46110
36367
57283
35343
48407
30320
31497
50057
10771
40964
44922
52123
33306
33280
38628
54194
44900
8847
57560
41840
59227
46533
41387
20014
42376
13997
38262
57839
56565
14105
42771
56242
40467
39483
54676
46670
20379
56302
40500
2952
41786
41401
46730
54082
54230
52018
57412
41859
20513
34896
38517
10153
50733
41356
41929
50932
32940
42831
11481
47495
56168
24259
55843
33817
33816
32059
58340
25628
41970
52842
42932
30858
38584
9273
53438
28811
54425
34214
38665
35993
40737
37334
17053
24414
56520
40643
40224
19342
49781
14034
53572
35894
51950
57076
55110
38380
58426
26047
52750
14396
51151
54318
34118
46788
41470
33408
47202
41093
33256
39043
44902
30085
45411
28238
33585
58074
58017
41572
50794
51840
56722
41260
44911
58270
47430
45999
27199
56861
55181
35079
49847
43220
35048
54762
32650
50930
3218
20463
16126
33683
49061
42240
56830
34250
20374
49839
36752
34018
40981
41110
42418
57415
38162
13803
58758
37012
49353
48021
45381
47137
42115
44379
53184
44100
22136
46277
37041
43006
49320
42823
57828
7407
45347
36274
53598
56103
45115
14908
51034
51403
395
20375
37636
52224
2058
35382
37909
41492
41598
40284
14947
57085
42463
55071
38620
41581
37886
57830
36385
45686
28528
55146
46823
38969
56877
52116
50063
54300
20380
41684
41699
37940
43450
55636
57746
46275
1197
33926
46998
55495
27398
42451
53570
40221
42933
35776
42702
56399
31589
22528
38260
40071
40363
54461
32448
36141
41769
53508
33257
31865
41666
55055
18
19479
49711
54780
58365
19959
58563
57847
52898
43138
57586
55770
53013
56853
39182
57346
44403
53776
46873
41444
37580
41674
42088
8936
55900
42799
41171
46806
34627
59177
57243
40437
5897
41202
46016
59136
30862
32215
29312
44951
53325
57241
45227
45949
27222
42223
42644
49441
56026
41334
57785
55682
53624
53326
40228
45296
51138
51669
52538
49734
37026
39908
41513
43277
9513
44894
5760
43182
30936
48428
41297
49058
40069
51008
35636
45000
19456
44974
38774
46265
43026
14518
38363
45177
33341
46947
40288
39159
14512
40081
53185
31094
42332
52936
41659
42410
35245
53159
58207
43260
20367
42392
49590
45139
40158
40498
53054
36209
36131
49477
35845
40812
15261
16789
53926
35779
51927
49731
45119
45214
14048
58166
11686
52999
37454
5677
41139
41180
23331
57809
57575
14553
4293
42902
36626
57185
53557
44761
52089
43357
45890
50898
16754
56060
47815
36151
45113
23194
59270
43049
52907
42680
57577
21
26676
4815
54809
40802
7787
6604
32611
35380
30949
55932
3216
57410
39429
46333
25713
56887
40905
36157
50740
49014
53172
30013
50815
50660
43877
48374
47232
47931
58537
40686
38988
41332
41365
41178
54124
7272
48830
58609
58482
23504
46526
39001
27673
41635
50103
44958
39257
51837
40020
23518
13807
53397
29468
12374
31970
59096
42827
24343
58677
44949
39152
14068
58314
41904
46987
42887
25839
35073
48105
48985
35378
56340
46674
51328
58251
46633
41146
50745
27463
50654
46297
51632
25153
57453
40722
58317
39180
52066
51590
46655
51245
45330
51631
7634
36624
2910
42653
34640
30603
55401
3733
52847
40669
59272
51152
41839
47437
49770
57880
43995
7439
43823
41371
49850
28310
15894
54633
36040
20435
42174
49867
51872
36507
45164
42481
33380
51782
40361
58347
14501
33422
58578
18958
31612
54715
37667
4794
30331
49133
55959
56522
39245
37455
41206
46744
45748
19965
30134
40189
53374
44730
58326
14039
37068
53500
57994
34909
55453
45412
23348
53150
29509
39130
48124
53950
5042
28693
2448
57450
53291
56679
51725
56002
53642
50983
50420
9721
57877
44943
42979
40542
34212
19290
51564
36140
59016
13337
42442
56519
36444
23106
55344
35254
45682
36526
53625
43510
46050
42264
41569
44725
26564
36569
33104
45249
53084
30601
4504
53864
28027
57422
57889
51823
5572
53392
50744
45010
32503
11201
31297
43032
49262
4197
46358
57271
43507
25616
51324
42786
30395
55098
37226
35334
5873
59237
58478
56096
37784
15677
48376
54990
41404
38681
41322
45363
57816
53110
57394
38938
39955
58121
49414
43795
47317
17
34179
38399
42017
49027
49158
46688
40470
5718
34686
48333
30905
53065
48443
44430
33823
27812
1961
52983
40382
42670
48365
20484
50507
14070
52632
53686
35107
59188
58307
43018
57868
45425
56848
53391
17982
48922
23820
53068
58361
51488
57959
40304
22465
47172
30843
44592
53737
9235
43014
39900
40176
46554
34297
52024
2092
12173
33385
36067
55444
19081
14176
17695
50509
57583
44547
1570
35276
38118
40793
45340
52119
42892
51298
36652
15981
37355
58794
50111
9324
37789
54320
49757
12409
54280
35023
34056
36309
13618
50558
2087
55790
43707
34408
46260
42870
57425
56117
43490
50520
14005
36154
19773
57359
43132
57441
52518
56581
9817
39323
40310
29435
30528
53275
54468
40804
39294
40695
58130
39996
52381
34152
36155
55419
20336
18686
9528
36955
36812
41869
58313
2505
53308
36195
50190
41644
49216
38792
51167
2623
43559
40609
36962
45938
24458
52310
25578
44133
32494
43155
40389
43333
32123
55641
4919
53070
40461
45958
45388
45287
41218
14046
28732
42432
37871
41677
56998
17951
5724
53743
53658
44225
45025
57207
13158
58053
43321
55813
45410
13031
50550
53947
13839
57268
35633
8168
4278
39151
29269
37056
30946
58113
18792
42336
39850
27621
3978
51652
23835
52136
45264
47562
59193
44955
37626
10786
47948
13991
44174
55564
49952
37184
10962
33246
50748
39699
48419
46932
41315
7720
15197
39212
9263
56527
43423
33444
58289
40209
41048
51591
35336
56597
58243
36910
57792
9623
54432
7403
46319
20031
58818
57430
40675
13574
55175
13643
36957
50726
56215
31639
58126
54336
45550
52578
11909
41682
41286
35353
51566
5867
52406
40656
49265
56252
34537
50529
38843
53651
54981
42565
52391
55081
57912
19173
41103
30596
22805
19333
34114
58049
50573
37269
34920
45895
53342
42443
34485
39134
55380
54387
55659
19335
56879
31745
48782
45232
11659
50136
47411
9813
32135
58328
30896
9139
41115
48610
32129
38544
48115
38819
48510
46808
19562
57570
34991
14044
49202
43673
48754
2156
20514
49735
14878
13048
9621
37234
58302
44880
39200
45954
48362
9195
39791
41971
45813
53601
42421
34019
18459
47580
43451
53051
34158
40950
25548
37865
57991
41566
35476
50754
43015
48339
40038
35540
56554
48622
25796
38265
48945
56234
6341
20452
56675
37923
50634
46282
57405
54810
41293
50524
52913
52691
56655
54646
58428
47640
760
26201
9335
41439
56847
39827
12949
499
58450
57320
6908
42331
56895
46418
58252
11029
48758
15330
33587
51058
50450
56568
50727
51268
4881
56663
52505
29801
40717
21063
37671
20357
50835
50436
34528
49935
45943
37145
56240
58044
47116
42007
37617
52954
14134
20506
41715
54333
23342
15491
46537
27351
48733
25966
52306
50583
39656
21749
5889
47074
51149
51869
51205
37094
49036
56664
40715
45935
45057
53606
57576
46575
46970
51677
39290
55627
50689
52794
59209
40435
57999
24078
58054
13676
33653
26153
34100
47003
46594
36975
51172
57956
3742
57695
55376
47515
34882
45262
22554
51150
4192
41426
52072
57598
40362
38040
55195
38244
38294
27403
39226
39775
14448
53793
15665
41622
45218
41668
38999
39324
37908
54324
36900
25960
58036
36484
42684
50505
40252
11211
47193
25688
42091
40635
43382
41883
54022
19099
50679
7508
32157
49382
14821
51158
41050
40263
53380
15755
46812
49561
4481
41933
14435
48601
43290
42948
37942
35740
44041
46603
41510
51857
7547
57909
36100
55084
35316
43812
41338
48238
44876
36363
20516
42577
51355
53015
36963
50693
44142
50588
41064
19510
51663
48952
9340
15317
6217
18479
45230
45375
53145
49794
49384
39315
19523
30996
9732
57556
36287
51426
43162
35502
42279
41627
46592
54140
41099
50556
58503
4329
43528
43050
41304
34588
49648
38284
5725
29451
37039
34111
55177
34147
57357
41899
23878
37385
37956
29749
57228
23285
25842
58197
12501
2408
33888
52535
37739
11353
51724
41021
41630
46305
57764
57670
40286
37132
47418
43871
12147
58905
2
47017
54065
58231
46625
49642
46392
57368
56085
23007
12421
39753
35410
10548
40432
42405
34488
18907
37900
42829
22779
25687
43493
57385
54331
58737
51305
45208
48719
8744
50925
42172
56550
52106
33887
52028
22506
13336
47846
44406
40305
38255
43448
57234
57493
45234
55167
50713
50416
34740
13941
40707
10885
38201
50851
43483
57983
39331
34103
46736
42643
57803
57310
57376
42164
41390
38234
47733
47433
42885
42420
35434
49234
34572
28015
45558
49502
56094
45737
31484
56650
53201
2152
42416
4833
39994
56653
32654
38442
19408
12760
57105
43300
34883
38156
45178
11667
5797
19289
42743
42396
54627
59087
47586
45426
42308
56924
35659
42326
55229
50376
50765
40901
58723
56425
51349
52931
41257
26363
40160
38604
55630
38285
53099
53644
18259
38515
55272
16165
58903
47497
33375
47442
41210
36512
42631
17710
8321
42774
37612
49750
41423
46630
57616
15737
57505
41580
38212
58015
46288
36297
24431
28992
39387
52221
57565
56992
47583
3067
40313
51478
40740
45951
45183
41173
40402
39272
38633
58039
54730
15102
37033
59111
42547
15522
41112
43506
41061
45818
42558
53659
55153
46317
54816
53903
50089
57059
36577
26896
46344
40785
53175
4091
25493
52146
52114
35186
52984
56856
53499
41467
33543
40282
9240
2867
27629
56339
56440
34131
47802
42170
36899
59170
24318
41606
30343
45768
57408
52225
38170
44975
25135
45066
42266
30301
46915
48345
23893
58654
41252
58352
48653
47494
11432
38953
21910
45811
41010
49334
50695
57933
40826
56029
45043
27999
50731
41893
45199
34326
57109
53271
20454
53180
39792
41516
50571
56608
49387
51437
45105
45374
57861
40862
53362
33212
56926
32196
47246
52157
45070
45371
46582
27786
29148
42672
46304
41337
56959
48341
33666
34949
53513
44978
51007
43432
33440
45163
5887
32888
50718
38532
56990
56646
13744
42937
40703
48441
41843
51011
11614
44887
9268
53603
34596
8938
45817
31765
41144
45852
49199
23604
41283
6208
56984
46134
4092
8326
23798
54666
9248
29469
38542
42162
23162
45352
42138
57116
54741
34289
31808
44224
38866
47043
34427
51646
49638
52085
42976
59155
82
37832
48232
3385
34476
36160
47361
36568
46886
54085
22558
40289
52151
49786
36379
52115
45973
40626
55119
42026
58683
56726
54115
50842
36048
42573
42077
57111
40852
43500
46658
59255
56515
48307
45940
38495
19728
54979
36028
35656
3302
28649
55517
24102
40011
44916
56753
43389
5796
11554
41664
39231
34718
18002
38914
50079
19447
40159
53787
30327
40574
54772
18466
14462
5884
30534
19057
30897
13711
36831
41665
6485
57981
36113
35848
51262
51065
41858
49293
56164
44172
34788
31896
27615
40019
42722
57590
884
58034
2695
47968
45939
48242
34891
39972
14715
46294
15361
43737
35952
46512
51037
36124
43242
54736
38159
41871
49534
56259
47212
42136
56905
56991
30006
44717
46645
12182
1909
2463
27325
50751
52118
42733
46139
45186
53357
33703
44563
14418
50709
57900
44125
51645
34858
41366
14555
39313
49086
5822
45225
54618
40664
52587
7630
17426
17871
5877
56843
52582
18071
58180
56559
58258
31368
41033
42546
45950
40731
56824
29945
48191
57418
34641
53538
33258
18285
53062
45837
55820
43232
35440
35061
47496
42175
58021
46248
46382
50846
58181
43790
42599
35551
26743
58504
38389
264
43540
32068
53095
38211
48298
26574
52411
36130
50653
59050
38360
53016
40971
57431
59224
50477
41529
43857
8754
58629
36164
41361
45956
39981
40351
30670
56813
11194
29138
57675
38771
24184
56225
53154
38637
57210
58385
45492
56919
42676
31969
39327
45244
58122
40592
16517
35069
53434
53985
41577
37545
53645
34893
15460
11026
31477
52619
6487
48703
59205
57465
37742
58974
14197
58376
43822
54323
46483
24731
54055
1415
42488
47181
55471
40912
59164
38531
52807
51574
12276
41282
16949
9291
54902
55465
22938
44755
53056
49576
46315
4424
47489
14017
50485
37640
46291
57190
31468
50368
32301
10886
39112
22634
51424
38652
39881
41876
487
35450
31204
53348
40450
32151
58269
37315
40829
36156
280
50559
47689
42227
5865
11945
49112
26094
25133
40725
42562
50070
2230
53366
56850
35446
40767
41641
42286
37105
37866
40744
35363
14892
6844
35371
40631
56186
47005
33634
41952
34912
23853
52574
44824
41575
27723
53590
51688
34541
6486
37152
39985
47997
41078
22695
48165
44928
45848
36869
22162
46555
56536
56582
32556
35031
11453
41016
59153
40627
40434
5752
42224
55227
57798
10646
10355
2665
41671
44332
52717
50603
31087
33242
46460
2202
52588
36676
55164
46643
44609
36433
38018
31879
56545
42837
44409
30115
34662
5036
39536
58223
40607
59246
47509
47427
35332
45619
58235
31438
37540
57726
38527
55622
13415
20510
54836
46792
57779
14880
56682
54343
50033
58236
39211
2243
42213
43603
50633
57121
13530
56907
42382
48430
59058
33853
54250
21788
3749
49736
35750
38240
39131
36742
38033
43243
53692
20188
26135
58743
42947
58172
51056
11389
46494
43652
44275
50491
53332
10738
58682
3080
18169
52894
45361
41508
42907
45851
56137
35032
9639
34918
34653
48062
53647
50015
41468
43497
3242
47425
42310
38907
48516
41254
41175
34943
44103
39449
40948
40168
50795
58048
40526
11092
58092
28838
40537
56639
9681
27810
38679
49364
16159
46417
41157
35021
34945
52939
48444
56871
41153
28205
56591
38194
40658
1645
51777
43625
21575
40161
12608
41505
24464
36845
58309
31016
46009
53002
49697
9675
53327
18685
44882
33253
28342
56138
46590
46811
29388
21949
49917
58299
34898
24477
51621
41573
57883
50620
26861
32353
44574
49134
57802
5776
43404
51985
40819
13601
23700
23827
39552
13219
58565
42873
41324
9269
40074
58660
34774
7369
40021
33909
58343
29798
49051
23238
30686
3286
52424
44976
34577
12312
43284
58131
49304
53119
43664
48535
56049
35573
38204
29676
52696
34349
58451
57976
34742
39135
41328
46961
41309
53208
23065
57466
50555
53697
50926
33933
49890
36220
49553
42618
46440
2039
30432
45969
49838
42076
38288
55286
44369
39986
45677
57091
42549
53073
17571
39186
36998
57424
58928
37960
