16956
2127
8660
23839
27791
12399
16257
12235
22172
20325
2347
17617
17544
16459
25936
29461
22177
26540
20451
24322
6975
16726
17351
15011
19826
8780
22824
22822
19235
7940
7604
23089
14220
21030
17932
26466
4471
16623
14089
8941
7996
15508
23358
16506
19066
7162
21229
6367
14695
13871
28723
6418
13184
22282
18510
27787
14113
566
17427
18200
1080
11179
25249
19478
19241
3266
857
12376
23641
14811
2540
14779
18861
19476
19186
19393
6080
29326
27348
4888
27946
18001
13757
17913
18477
11933
12807
13147
8485
11724
23344
14993
13842
7446
20307
24865
11524
2745
27226
22955
20322
22875
16148
5027
15112
26713
16796
8955
2554
9958
8570
17529
15343
1312
22390
12311
11261
11661
28049
4936
2736
7873
1169
29575
670
17882
321
22357
11400
22329
5499
8445
13130
19477
8035
19095
15998
130
29408
2259
28446
19855
20933
18806
24581
3375
28606
4758
18941
22968
21369
6630
14128
4823
2297
14949
2411
21740
13536
22156
16554
23618
10211
12454
689
12815
7232
4280
25841
5266
3526
5028
27131
12928
875
20314
22125
7672
15501
27656
23345
12620
22790
12973
3064
20564
18705
14816
25151
10033
24324
23434
16689
9534
11271
20636
27737
8991
18405
2927
28125
9120
10613
25586
10961
4521
10951
25817
17844
28379
7463
17267
27119
22180
22515
9044
25356
16731
11095
12225
22839
23570
9910
22442
4304
27282
3950
9912
29649
15837
862
13886
8799
24941
10690
8210
3320
27290
13930
17339
1980
14795
19062
6730
24159
7245
28699
23158
17594
28037
28551
28214
12660
23215
19177
12735
13917
5688
26179
24175
2506
22856
9694
14755
15212
509
18358
19850
20439
2279
18703
29436
19894
14571
14589
3103
13847
4768
26551
11356
14414
13654
14187
14028
15976
19084
513
20827
17725
17645
23812
3810
28315
10927
15238
22414
2225
8909
15839
17507
14431
19594
12391
18054
48
19559
14047
21170
19458
25181
25350
28073
21851
1466
25469
17179
25454
24575
14670
19635
1935
2346
14648
20488
27507
2582
13165
27326
10777
9997
11696
6395
23837
22833
14762
7227
12453
3094
23322
25873
1746
22428
2053
3739
19962
11738
12018
15135
2591
22693
3718
14583
7585
10805
11474
18411
10102
8762
16127
90
15062
1065
23885
13385
26965
26413
6888
11739
6003
29202
25407
14806
24377
9098
28728
18151
20668
5473
7937
7003
11340
17361
19471
27404
17846
16465
10821
22815
23370
5969
5512
29643
2663
25297
23920
17158
15866
27236
16236
19120
26685
12892
16424
26342
27451
5783
7989
22305
22626
2191
11720
25621
1885
9256
7864
19382
18856
6209
14974
22775
27259
13229
25156
16329
28414
21913
7282
26972
20914
29382
2339
6635
18601
23890
2094
11547
14109
2027
6460
23167
23268
12272
1976
27900
11873
17072
8237
11683
13210
14770
15925
7698
12360
8605
18210
22018
2116
26241
13900
11853
8322
24401
16525
24376
22811
20292
8343
15708
29321
94
9458
11145
28005
1435
18141
16759
12353
28195
25909
2098
883
1978
14158
16810
9217
1613
15154
2885
22884
21560
11367
1410
3215
2650
18878
27495
11567
6300
22452
12185
7480
23237
27246
24029
13725
7726
5670
9325
9425
17501
9466
7564
24438
18849
15034
2447
17684
27368
19011
15453
12934
19908
12955
15146
10478
15347
10003
11852
7396
13710
27835
2645
4499
22770
14172
6302
8433
12200
10248
3635
27988
16256
27455
18914
22913
10099
2242
28079
22370
27185
13934
11638
12984
14094
17711
3828
8136
27111
6767
10295
4083
1029
23421
20302
5660
6105
10328
19003
8526
23272
8527
2434
13683
928
7135
19780
28991
20635
12873
23374
15732
1034
13002
13390
19489
29078
12714
3683
7259
17647
10128
18013
6917
24869
15529
15533
3396
5818
21893
26186
6389
26493
1467
24474
13462
22453
28921
9281
1958
25934
16115
15950
13772
10077
5801
26784
26243
12720
14000
20916
19217
14650
2706
26711
22957
3731
11963
28274
2725
26158
12923
19671
2377
28763
21332
24291
12779
6889
13394
1180
23615
4123
12796
27412
13545
7781
98
23030
11716
8781
24309
23289
25031
25603
17348
23716
13537
22630
5427
12658
28306
11656
22036
496
12400
25799
3712
9415
13891
16217
3510
14433
23578
24277
11363
16470
14523
2480
2372
18797
28057
9373
15232
8354
25704
15063
12252
9289
4689
6083
7783
19907
9659
19160
5711
14685
2207
14336
2353
3585
7517
17597
10227
15496
20681
20959
27579
29094
25159
2469
14040
15229
10614
20236
11107
5400
28309
21494
13546
11091
18913
11948
15027
12846
21783
29146
5761
11098
7093
7281
25050
9398
25500
12510
19736
22553
15265
12471
29341
11930
11882
10751
12270
17039
15013
8756
12982
8224
24348
4290
2175
19759
13400
13987
17590
2906
28563
28984
28505
9330
18712
29003
22733
5669
7503
22636
4206
6956
29504
13922
9154
12486
22926
4958
16647
8630
24550
10922
5824
16950
2455
26764
10825
3213
2690
16971
10984
21102
16635
11439
22301
16997
29220
12958
17271
8225
2433
23031
7823
417
1028
24153
7185
9260
23259
25843
22902
20480
24559
6874
8658
13579
7169
14011
25538
15655
7502
3142
3429
20731
13208
28272
29463
9770
10757
10801
3713
13792
4861
11382
6868
23418
19499
17593
6717
15884
23914
9967
20401
19801
23192
12175
6373
23025
24478
24590
16799
25942
20677
6660
21975
8113
25494
12787
8094
5892
15164
19054
25951
2532
11479
3456
22708
24563
18228
24061
3845
12051
139
9530
23637
12384
19897
9519
24720
12987
7882
18171
9255
10089
3729
23128
4484
10296
24992
18229
14672
20534
15956
22213
18093
74
18714
29002
8498
16935
9481
17759
27080
1606
29482
28764
6647
25807
2772
14870
10998
9041
16084
13823
14582
14453
2686
26177
3305
780
5263
29122
19240
4955
3410
404
12870
11375
9381
20323
18118
25110
29048
29384
11477
26292
22742
13469
16552
3649
8952
29728
29152
6665
7460
13535
21686
14475
18455
13283
9040
11674
6758
24779
8507
25266
17702
25555
6925
11936
27071
13351
889
12277
12434
16616
9890
17459
29718
24893
12066
11134
7695
12520
15129
23875
7649
20698
2464
9346
3272
13404
3209
2313
28155
12913
28783
12935
17543
27296
7236
19038
26345
23213
9155
23958
9804
12747
26337
4570
23633
13607
12470
8843
22552
13863
14961
6207
25891
10044
19079
20318
10203
7522
6970
25263
2074
5260
8372
25900
13389
27070
19378
11588
28285
8835
23127
7527
8384
14153
21581
7953
27762
10349
12359
11023
10323
14848
12395
6225
21304
10390
1147
2527
1541
10593
10362
6617
19869
1086
15999
5635
27449
17331
15177
2134
23950
6675
17654
23308
13787
3780
28616
9309
14130
28506
15945
21914
6219
20492
20309
26280
16850
14574
4946
15454
28994
2270
4340
3762
8394
25822
23903
8380
7559
9801
27358
738
9773
15085
2382
8104
18180
4186
11578
5505
17874
12021
9506
17202
16545
2081
12345
8455
14463
9698
20249
16247
25573
9243
16133
2158
15437
26387
21361
29442
10511
13617
28167
7118
11597
20028
2063
7840
14766
13703
20346
1897
9027
1685
9413
9328
9899
23997
13241
17453
12456
9728
14101
4884
12485
13186
18255
23601
16190
19724
29483
2732
15601
16556
9629
18965
16235
4963
13786
12286
9524
8331
8486
24634
7016
23021
20695
7158
697
24676
6205
17816
19327
6804
14625
29053
11533
8750
29508
8990
7721
28006
22315
26876
18829
12271
16945
7359
24925
14903
7852
5432
18595
25283
14539
19374
14690
1088
27967
25921
8920
4313
15939
19293
17503
22718
3552
19461
20544
10546
7122
14280
17286
18392
13916
1991
225
1943
12329
9274
10026
28410
25458
8713
22317
26588
7492
23033
11084
18075
13381
7484
3788
14054
16056
3716
15053
3882
15399
18763
11398
95
25652
22999
8162
3397
29281
23891
13154
29110
26195
10413
4674
11350
11437
26586
8298
21127
13473
13057
834
5020
15507
12688
386
12074
23182
10142
19035
8638
2563
27838
23018
27671
11604
9705
2143
20694
6104
2048
28084
13226
16108
11224
26250
13242
13554
14145
4673
13924
18616
13185
2654
17113
14740
14231
2857
86
29194
2484
19116
16576
29285
23147
13848
2059
11594
25034
10729
27819
28069
20489
20610
13091
21118
20569
14021
28013
7516
10798
23962
17505
9078
11884
28561
15151
13347
14744
24062
27355
2595
7383
2089
54
8175
14010
26654
29506
17583
8475
323
9885
13616
2470
3903
29144
27568
16020
12035
16251
3508
23129
28295
5876
18876
8929
23276
26717
17412
13815
19344
22447
18194
12416
21017
7727
6640
2129
23384
10670
1523
27461
15141
25929
10155
12867
14018
20012
26767
8192
15813
28836
28218
15064
6268
27881
28978
6109
18365
8406
76
24450
12902
9631
3518
16014
2405
11548
2738
3699
1875
23377
21036
22477
27037
22176
5542
10872
14516
28878
2312
26417
14780
20525
19030
4240
25170
8396
8328
22175
21489
6902
13591
22818
14151
1953
18288
13003
26448
16121
471
13039
6349
22747
8130
2713
1404
15628
17862
11994
24065
17580
23251
11328
13684
17493
2577
15632
999
11132
20306
27982
14076
13989
20719
25812
15469
2386
2986
14995
621
19039
64
15678
26397
6238
18675
27344
15025
14229
28200
19457
19428
12232
15910
14241
96
7731
8233
22711
6211
12464
13879
25675
16267
13218
4630
15858
270
10468
17685
17566
14790
8512
10046
15657
14469
17801
12393
24944
29127
16279
11319
17681
2368
27164
4416
7326
11643
5900
8257
27004
28100
2290
17153
6663
894
23041
6263
12979
16240
27626
3924
17494
16272
8452
25694
279
23575
21870
6722
3130
5759
8263
12551
16158
22012
23282
7364
11397
8786
28830
11014
25055
21356
23803
925
10994
5952
13976
28123
3419
15560
11106
15640
14012
10358
28257
4152
7757
23481
11471
12336
14969
10691
8565
27490
23316
23327
4011
10446
119
23290
10378
5299
18208
14173
2821
27956
13523
12847
12504
29454
3857
23943
17881
26277
12957
25961
15195
26340
9279
29057
881
6513
24393
23266
14584
9729
23649
25526
11768
29485
8319
26565
29226
6657
7425
19729
11717
25707
26481
2220
5894
16150
24818
18973
11311
12825
13928
2771
10939
175
19259
9776
16448
12721
6792
24080
13416
17560
14653
7431
4693
1075
9600
13813
20364
16587
9160
3033
14276
24392
16028
11283
7167
24523
28568
10879
15270
22964
14893
22300
21806
17997
16985
10157
27214
19808
52
17447
2263
6878
12060
1933
4122
14083
10335
6343
21222
11954
21542
29409
5676
5866
17896
24552
16054
9440
27140
23278
2101
24368
20464
4209
19112
26725
6930
3869
17809
981
6920
13913
12962
18670
8345
13302
23791
23431
8522
27974
18986
5974
9407
16458
24529
18336
9103
28068
6412
26821
13996
3714
16528
11782
1853
24296
4062
15926
19180
12634
13487
14096
4995
28758
20477
13386
15253
29403
13567
29445
10853
23901
6582
18857
7532
13064
6627
23303
4988
14517
2675
14184
10230
413
9781
6850
18821
13231
24598
4876
26503
16489
22524
29340
10682
7466
10116
9498
19509
18309
1194
23919
15668
27667
10198
6079
12947
25303
13701
7800
24008
28284
18295
16311
7354
13726
19381
17861
26728
1203
13971
6661
18824
9135
4146
28424
17622
5525
16241
7225
18855
8513
20715
11431
26138
13267
13159
15121
14191
17857
13731
28367
19634
17599
2719
25440
9538
26416
28140
6250
6032
14753
14025
7766
28370
10765
20315
13965
8511
20455
18351
28583
23175
12322
22854
24288
18838
7201
12802
24454
16052
10341
19948
15903
5732
16310
23948
5994
13245
493
16877
24738
7666
22121
16234
23118
15827
24471
8063
24297
23146
21878
13695
3843
25129
5773
7485
19912
9774
14078
21216
15986
27693
1982
14747
9465
9083
29049
29733
6781
22266
10601
9761
19462
11082
21551
9854
6626
5019
28164
13089
16295
8648
22260
3837
14710
24186
4208
3357
16350
19653
22400
21778
29021
9820
10577
10804
13164
18884
22726
7230
17508
29034
21799
22737
2656
28588
28918
6755
23225
19355
28408
4903
13419
18728
26402
6870
23288
13811
11847
14810
13982
2171
4987
18136
23904
16783
8223
8865
4465
1915
25846
27154
19415
26344
18296
915
2007
5227
7652
22168
23427
14955
10149
8463
22148
9505
9061
19246
19553
7221
18464
20270
20711
23466
18445
1954
3145
27714
446
18868
23077
19237
7760
14687
12890
13338
17967
11021
2716
3158
14694
24306
2306
25451
19194
9225
9906
20542
9034
22532
4890
2305
27793
14100
1232
25460
22920
15035
13529
4976
16527
29263
236
18765
27797
17354
12965
22217
14867
28949
10655
2035
16580
23754
4387
6387
7450
19454
26720
6629
26478
1228
26224
2568
2208
26024
11784
13768
19269
28328
6633
12692
7981
6315
2673
9517
23304
23691
22190
14718
21411
23006
22501
6845
7303
10658
6185
26519
6206
14851
27989
11609
4194
3825
776
25481
15864
3270
11718
2707
28808
11513
21384
27732
8510
27342
16508
7203
1341
28136
12297
5727
26191
9525
6417
7315
17558
5546
25473
5692
18851
7371
2166
27614
16047
1693
8145
23078
22582
15740
18410
16633
28953
7663
28543
18969
2149
13139
18135
25280
476
27315
13078
21197
23043
3164
16082
19202
3726
16185
20570
791
21189
23210
17097
15431
7711
16193
11035
16940
16895
28638
26555
24592
12855
11161
26749
6231
28627
20265
18922
18818
7270
1908
23940
2292
6046
19260
28305
11770
6434
28365
6671
22350
759
1041
24801
24833
8517
8640
9981
11515
5716
8420
17988
18322
18258
2784
9311
24872
16337
15033
9437
28239
6522
16522
15203
23416
22307
10775
16651
14218
25237
26328
13305
25700
12339
115
6565
4342
10678
27660
11833
28724
7215
15779
28555
1202
26253
9087
3722
2840
17884
10383
19265
12438
2246
29585
24791
1114
22795
11020
6415
27688
17576
20393
8497
2482
15029
9073
10050
23986
8867
9211
18467
8944
18933
13373
1654
20566
9164
11763
18500
5339
4106
11329
15637
18403
14064
5860
7806
24769
26878
71
29010
19689
22454
9713
28369
17941
24546
8052
20734
11585
29402
18176
20593
13849
17966
23179
6184
4238
14457
10958
24145
28047
14300
23038
15803
15194
17063
12686
27575
11658
24295
