47975
54949
16956
14477
2127
8660
34811
56114
58886
39684
23917
54399
59064
40199
42798
57270
44139
22563
23839
30501
45804
48626
55504
44227
53001
18962
14104
57471
41130
27791
34941
44514
37953
12399
23474
34635
16257
42181
52979
9334
57272
46627
10820
50017
12235
56100
57795
56930
8661
47335
47439
22172
6241
54784
56442
42922
20325
30571
38243
2347
17617
17544
31619
12300
16459
45096
40219
56256
17196
57906
35403
52449
50115
57161
20327
5741
25936
29995
53594
31563
57619
55199
58171
41917
55821
14484
50471
57698
29461
29399
37561
42867
6483
30367
48868
52640
2698
51477
42927
55114
27993
50457
2596
45453
58298
34104
33663
23119
21825
22177
50567
42625
45104
26540
20451
36270
41419
6545
52692
24322
47518
6975
40900
1395
46842
37718
39939
57702
41733
42822
44830
41484
22717
19868
10372
36968
16726
57363
57681
14987
54662
4450
54936
37917
11987
46457
13773
43536
59195
29447
495
38983
35597
52249
32006
13379
57520
34444
35098
15651
38247
17351
52798
15011
52590
58878
19826
39873
4403
19900
6997
8780
37140
23664
21533
50691
22824
38039
59073
33872
9170
49347
56585
35027
23606
56171
30263
37670
22822
5948
32377
53667
54782
54265
45116
31459
36471
36519
50784
56407
50483
56626
37512
55539
40208
59217
19235
48957
39800
55196
57122
58030
872
36521
10924
57495
50554
50139
58327
53102
20577
46285
35360
54069
15106
37766
39365
47593
52278
57175
57463
34964
45889
18887
7940
57403
7604
53178
49920
56453
45882
23089
20381
44104
40468
38451
33962
31196
51370
30995
55473
11128
16784
11235
37881
41880
40205
42721
41411
24313
13610
5687
54824
52323
55147
59239
43385
41022
45153
42847
1919
57651
51242
5157
22543
32577
40786
56461
52841
46985
31672
2436
14220
40835
21030
28869
17359
52238
6144
36585
31900
48066
56946
56535
19098
33730
17932
37848
57885
5823
26466
58862
39805
22088
42169
37764
4471
33233
36225
8703
16623
5029
52153
14089
57612
23821
34815
45401
11337
33869
8941
37738
52709
35718
16844
32152
7996
50127
10685
34142
45254
51450
10365
44881
35024
54111
33133
34479
13075
57063
51587
38523
57407
53671
14728
57464
46471
41819
13480
15508
38768
54973
2983
29849
40050
6766
48978
18460
32194
32314
58536
40285
14149
54137
39089
23358
31579
46949
35028
11750
26918
47755
50758
16506
44989
54172
15257
53955
56555
19087
19066
19049
11030
34285
31171
24513
39473
41878
12155
13925
4291
40225
41740
47419
58375
55356
29811
44073
37839
7162
49936
11485
26460
57308
34411
21229
7022
41296
6367
14695
42970
40039
53313
37913
1690
36985
31754
39284
41547
13745
32198
54812
55972
13871
28723
52514
41182
56449
50312
31365
30089
6418
55238
58888
33290
26202
31624
13184
36407
17123
22282
42782
32514
31643
12715
41403
35401
18510
21755
47561
37401
36372
33832
45271
24405
3824
13585
41863
9115
27787
38610
34215
55885
37665
28142
40757
16253
49470
41393
9351
41316
35795
19343
20373
37745
42561
51738
11407
14113
49233
45959
39580
45948
55235
8715
50359
49950
566
36536
13973
14097
3740
17427
33413
41519
46399
11246
55844
46545
18200
4097
43269
1080
11179
41548
40365
40227
36970
25249
59241
24660
7226
17425
1816
5237
52483
19478
42130
38111
41429
49331
58386
40446
19241
57011
3266
857
38221
12376
39448
34962
42010
37680
23641
57295
51312
43998
14811
54653
2260
2540
54733
14779
18861
42585
36810
31406
19476
52433
19847
52840
37367
56909
51525
8524
7424
55294
29697
58356
34332
35121
51337
57391
47100
52881
39977
55201
33575
57053
40092
58718
46591
57066
37369
42267
39431
26950
41842
38278
34729
50738
19186
39652
53450
19393
31077
40166
11122
24375
11826
55120
41621
24499
56389
57722
37970
54966
11977
57800
50001
6080
34106
49043
51235
33112
46371
31802
43175
52097
44845
8664
26576
58026
57186
47491
38719
54001
15946
44404
37556
56386
29326
27348
59122
4888
53635
27946
18001
43267
50162
13757
41140
45549
17913
50174
55386
57987
57713
18477
11933
38772
52026
46617
36153
41957
53200
44874
13080
33878
38883
12807
15620
56932
43126
35521
13147
57369
34466
8485
38208
44895
11724
23344
32606
14993
18812
54830
41911
40763
13842
7446
20307
57213
24865
59266
11524
41196
48706
37840
47682
2745
36442
56134
27226
22955
38790
37777
58417
20322
22875
53467
39934
45863
16439
42311
24428
54117
42215
16148
56249
1584
5027
29323
7066
53284
40518
36956
37831
41408
40700
52659
43091
28363
43186
15112
57219
44363
42876
13539
33665
6564
40193
52130
26713
16796
8955
52301
57217
33873
52736
55076
42588
19542
58828
30402
41300
2554
9958
30330
52830
18869
34011
6887
58004
51838
46804
57393
34483
18088
8570
19465
40138
36813
36283
25188
8864
15619
37074
31828
17529
15343
11536
1312
44008
52556
41813
59232
57200
45835
25670
46945
22390
12311
48504
27460
3896
11261
43978
43371
37987
37818
11624
41381
9227
43868
40231
48853
20613
32472
24851
54018
54034
11661
9422
25389
45833
49173
37676
34282
54485
45235
28049
51140
35766
4936
2736
34605
36817
35311
6363
57541
48508
9512
7873
57251
58462
42368
51371
56845
57480
55142
42960
50688
34977
58169
48491
32324
1169
19870
14161
42554
19239
46312
49868
29575
35072
45998
670
17882
321
14792
35022
38198
6469
3833
25076
43966
28851
22357
11400
53462
25152
9247
38630
40103
6802
31274
58322
57858
43315
34546
54243
54885
14298
36044
50927
39150
56301
50829
22329
27699
23750
32461
50553
35668
37063
46551
56731
32648
59012
57064
48514
40407
27741
5499
48509
48358
52948
13170
53540
55718
36719
8445
57001
52704
57824
59245
54579
13130
18967
53322
46803
35468
42469
42143
43499
52396
31975
12827
30578
19477
8035
33379
34532
50723
37183
1830
19095
50258
19005
42606
17937
15998
55640
24964
130
29408
41743
32516
57815
17523
30741
56180
23214
29787
2259
34125
30066
41352
37311
409
38682
56247
41018
45059
28446
41224
14133
30291
38810
24335
19855
30321
41104
42154
5480
53460
34704
20933
56160
18811
6976
31968
18806
53996
2373
37138
34990
42386
48525
28529
49793
34165
36289
24581
5709
33313
58764
58430
3375
55116
55753
28606
5868
43149
50344
4758
9722
31421
54164
57245
54560
58812
36730
26336
532
47063
54763
14160
4056
18941
32361
34558
36248
57935
44870
37714
36725
53616
22968
33584
51377
53817
46577
37555
21369
25962
37046
58220
53388
58194
58547
19802
44023
49663
29104
4900
50593
39430
40013
20219
44607
58013
57791
1042
35567
13485
6842
28109
43360
56831
6630
22669
49957
7038
36974
41482
49018
14128
46323
20385
4823
31412
57315
58198
2297
36116
48911
38291
45441
15111
53370
17026
23751
25980
45581
42409
14949
45805
56393
2411
35458
33273
31350
49823
21740
13686
13536
54090
57148
22156
52038
16554
13272
30715
20444
23618
15463
54670
17615
45359
42239
45255
53532
53814
32776
42155
40375
17029
11049
51388
32305
6022
32048
10211
12454
9834
47708
38139
41561
50179
56983
31936
3787
39303
6869
15895
50768
57963
30129
689
34644
52727
51399
55136
33951
12815
7232
7490
55523
4280
18433
11982
10473
55442
57164
25841
34654
33650
24351
41163
31425
57666
48549
36860
30644
57496
46419
43945
44857
52768
42302
46034
38107
30966
56098
52554
5266
17454
43792
51862
9431
34781
1372
5329
22493
30160
15671
37390
36604
57367
3526
28913
51155
38594
32112
13509
42402
39575
5028
48314
53701
59198
54758
49258
41764
40459
27131
1656
55883
48652
41239
11408
13418
43942
50828
42824
59261
51171
32080
37971
52061
34506
32597
45669
12928
29726
13980
27496
41024
9063
33302
36950
875
14055
54428
20515
56031
36229
10395
46678
20314
53906
41763
22125
48402
31015
39803
49517
58222
7672
40774
50663
15501
39516
27656
34354
41208
43252
57428
34543
42292
13582
45792
23345
40630
28119
45079
45149
12620
52285
11125
15286
13148
34773
39291
53182
26263
48996
41988
36042
36494
55462
31742
22790
37808
12973
44355
3064
27245
50639
20564
19298
4043
43745
38697
32897
53307
53596
35923
38598
58673
18705
58540
34563
53415
14816
28804
57208
59104
37915
25151
56162
44977
12948
10033
56566
46274
50252
50391
48315
34727
35691
34311
37207
43744
58012
24324
37546
44872
46329
34290
43414
17154
49764
6998
40742
37859
16356
35118
54120
50728
59251
23200
57660
51211
34767
28299
23434
38079
54327
11805
12274
18134
58045
56278
16689
35405
32992
12487
50456
56377
4739
41397
43938
42379
9534
14192
11271
57673
37862
44705
20636
46667
42800
9090
55897
26426
45447
4214
53483
23101
49238
19480
42807
56261
34390
27737
8991
38874
39951
18405
2557
1165
41382
48103
35424
2927
39432
9649
45166
27571
36278
23261
15982
20338
28125
36271
36718
26653
9120
50631
37486
7954
55485
10613
25586
16863
55429
44820
33056
45185
42345
30939
3816
59264
17799
56464
10961
38684
24879
4521
45932
35616
38337
9250
2076
59185
10951
48360
43307
17726
51515
2471
41306
18163
49109
57760
51436
30549
43619
40047
38035
42032
15133
47937
41670
35578
16060
3420
29730
32666
53613
14482
57845
7637
12642
25817
20342
58058
2819
17844
28379
33932
1759
8030
40416
42526
35386
36827
7463
45300
39895
34834
29850
35045
26095
38009
45836
2378
42938
36855
22375
2600
37935
47312
37577
17267
8140
40197
34612
27119
26548
59176
42273
23643
282
31776
14033
22180
18989
44270
56708
44165
1126
22515
9044
34016
59271
49143
58029
42397
43865
25356
15762
54317
16731
29051
25618
35677
11095
37621
39094
12225
19720
22839
57239
56524
14493
57864
43961
44198
35950
12143
13236
23478
56416
23570
58491
15071
57843
57454
28826
39897
29845
56681
30925
39088
37328
57580
32734
10704
35874
43852
53571
41632
50587
9910
36619
9460
47410
58308
19053
22442
34663
48471
41879
38283
7255
4304
37918
36111
27282
57090
45417
40093
23226
38906
30269
27253
56823
57587
3950
54071
13670
41190
13998
4828
41967
34975
57833
16189
34901
55935
49007
23978
57330
56546
57062
2573
14263
12156
52743
58123
9339
55225
55418
51615
57584
56406
49614
56375
51416
41624
15557
41347
58569
49175
15727
55536
30206
51969
38084
29588
3365
9912
29649
53485
18465
15837
41343
18743
19117
42553
29992
862
55499
13886
58187
30318
14556
38835
47709
27508
8799
50729
24941
10690
34442
48289
48892
56560
52092
40863
8210
35730
39325
48612
42478
40567
12239
45175
57848
27751
36145
42723
31756
17708
47555
34807
29973
16488
48603
54218
36712
42087
52121
30135
39823
34900
37767
42044
46508
3320
27290
46677
31800
13930
28765
14042
30626
41289
45825
40884
49779
48484
17339
39767
30384
56475
34343
26686
54269
27542
37362
50585
1980
14795
19062
46246
6730
24159
49741
24926
14506
45015
39265
30326
6286
42694
7245
35775
58866
40978
57284
32422
44422
14386
54228
28699
36305
23158
42271
48168
57875
43617
17594
12482
48578
49607
45877
24362
28037
52413
25105
52621
28551
41261
3413
28214
36571
12660
23215
52457
51232
45551
39567
52910
59243
19177
39356
13645
42633
47048
35903
32544
23393
9800
12735
50900
55125
13917
51414
51459
34602
5688
43096
9521
46519
39957
36310
55056
30512
58497
8428
28090
54033
37746
31268
56781
57187
33566
46851
1336
42427
39490
35013
58748
40229
54255
13012
26179
43532
50917
24175
55518
45257
2506
49241
44966
34569
38249
7509
2450
54576
52403
31923
39297
37792
45348
22856
20294
46665
45445
58729
56906
57990
36134
35128
9694
19482
48198
41678
14755
34566
34088
51571
57684
56839
34930
34586
23610
53323
51630
54138
15212
509
21922
23463
55155
51865
34340
10465
36564
33263
18358
49995
13974
34144
19850
20439
45331
51957
17418
47224
49087
35856
23039
3994
9317
46713
45027
42857
52990
59265
6725
7119
52726
32104
2279
36894
7401
35666
31478
55729
42104
18703
45463
34357
29436
33445
56532
39997
49214
56698
3856
35361
41772
39968
43419
35876
43145
40454
53718
28327
53578
56348
44229
40864
22647
45439
57354
13050
38263
36237
53771
59263
16744
39384
33268
56793
46249
1787
19894
38082
5407
46273
14571
54891
42557
38864
48759
32149
57174
9241
21143
57514
34951
14589
53007
53821
48196
52324
3103
30616
36018
13847
4768
31240
26551
11356
18513
32426
14107
57865
33746
44867
23939
37403
49916
42203
40975
45135
37597
14414
19026
13654
33676
50615
33686
52009
14187
46650
11338
40374
13883
40342
11694
52706
40037
34397
16049
53241
52236
45572
28661
2014
14028
7384
56827
57859
24098
36852
53518
50098
46284
46954
31475
15976
55684
47652
52728
47717
51570
35448
19084
22788
49082
58324
58228
30780
44375
513
14234
42663
33054
12542
50774
58176
20827
45518
48765
53562
2075
47331
56115
19707
17725
11565
58125
29809
48684
14050
25562
33602
47659
53179
32508
49732
3222
36840
17645
23812
35402
3810
2179
28315
7243
15369
57655
32802
55044
50816
15244
10927
15238
59046
50060
45377
22414
25384
14644
30431
12265
2225
56586
31148
11412
47046
20519
33835
8448
41712
50710
54273
46000
22934
8909
41719
7997
44948
57374
15839
53580
13391
17507
42111
14431
57993
29337
36803
7902
47155
56132
51575
19594
12391
31472
27201
40571
50215
37111
39416
18054
36304
48
12523
24137
51524
19559
57955
35535
14047
49276
56148
58179
41835
31070
57595
27489
56167
43767
21170
2194
2466
43251
12073
56329
19458
29576
57317
53149
51136
58460
32588
25584
34518
23603
12075
25181
54373
17090
42411
34113
25350
28073
46797
30574
35102
20505
21851
33790
1466
53543
37928
37757
25469
4447
43796
49637
57509
51848
34814
51338
31859
2934
51486
16930
51326
32777
36218
17179
50164
29026
25454
39540
57386
44147
24575
48214
52689
53424
58696
49485
37307
23260
46787
58414
48816
34888
37663
34730
9628
39790
57003
44472
30222
29084
16410
13995
14670
54247
19635
44159
35139
31203
44580
40726
1935
47120
2346
58188
50557
41380
36083
55192
43072
47062
13799
14648
44555
45337
16685
57312
19427
27820
20488
22443
47457
27507
13110
41211
28024
56156
35554
37582
50515
47520
40758
38857
33996
57347
45599
50302
32685
2582
39065
4
57392
50991
31237
15376
34940
57475
35490
42655
45902
51028
13165
48814
51430
44844
58339
54186
27389
37674
27326
37758
26203
6587
45910
9827
51790
39392
14383
49207
32762
10475
13250
26691
1027
10777
28662
52853
53482
34317
56715
53822
34524
7333
9997
24447
32419
51251
57280
53703
57679
14578
34907
34182
8566
20
29242
36781
54109
55015
36508
57615
4439
50683
53693
46111
44714
55902
31932
3583
24388
40192
34221
48438
24169
11696
34790
52005
29472
5881
6395
48033
45023
3738
50674
38992
33657
3407
23837
51602
19573
43168
44283
52672
22833
14091
14762
33279
24997
49476
54127
34902
7227
41156
5911
12453
22379
57731
3094
47726
26389
3617
39508
23322
29266
4857
58149
47037
53398
50767
25873
1746
42581
46764
53949
55007
30605
41663
35369
22428
57249
33397
2053
37955
20392
56450
54852
34148
48493
57708
3739
19962
22801
55126
56232
41227
34220
49691
11738
12018
56953
37028
1712
7175
48877
40586
15059
14122
53969
16820
11272
15135
52885
58057
56570
45165
2591
39300
22693
40994
37393
38912
38740
33588
45671
38160
58997
38978
42014
53595
39909
54855
46360
49478
32767
50427
41389
52647
35411
3718
58913
48158
49695
42263
58427
14583
53372
14727
19791
3764
30819
43569
55963
45056
32796
57173
30855
59208
20399
48726
23339
54459
43068
51178
58436
43171
31880
20626
7585
58091
36932
50775
53781
50861
17612
43701
54893
37706
10805
38045
42137
51730
10840
31448
25615
11474
54222
44210
8482
56672
43359
38441
3741
18411
48918
45586
8329
10102
56273
55231
35488
56787
55599
8762
41956
16264
39154
43316
29658
59276
3219
56204
44065
58319
38783
47766
34402
35253
31714
21839
53489
46891
42315
39619
33438
39470
29659
42168
30483
43431
31315
42531
45881
54527
43508
45955
16127
15452
12344
90
51980
52338
15062
38553
45530
1065
4688
56028
40995
55973
38591
23885
23152
34226
13385
54423
11590
43741
26965
55200
30866
39595
52570
469
26413
6888
11739
37437
58043
51696
41809
42651
36945
57204
56937
38979
56396
2264
7558
39581
41259
48647
14428
14809
6003
14743
57622
46800
41109
40341
50519
32695
36533
53440
29202
25407
43964
34748
14806
35018
13414
53331
31493
29407
37696
3144
44239
27380
37947
39672
13019
42245
57230
34245
42965
34238
26613
42460
52506
28337
53583
31930
24377
32462
37876
36056
9098
2893
38219
28728
18151
20668
8683
54157
41662
43165
5473
31273
42139
34582
7937
47573
7003
47400
54160
45003
3468
12420
11340
28313
38930
52444
47429
55036
15120
5829
30776
17361
45047
6107
49375
34204
19471
29145
50180
23246
14467
33373
8787
59095
35481
27404
49758
38280
44557
24422
57744
57585
46262
50899
17846
41676
17420
13095
56020
32644
39273
42318
46155
58679
12068
40646
16465
30887
10821
3759
22815
40463
23370
50514
5969
54431
5512
9495
43391
44579
47499
20290
6342
47146
40433
56311
29739
29643
55404
34424
2663
41586
35207
57973
58890
33323
56908
48446
25297
23920
42894
36091
47475
24693
49297
6489
17158
42715
55347
15866
54819
30599
27236
34935
16236
47770
19120
40029
38124
51131
53404
39802
39253
33461
53168
20438
41464
46104
50918
17687
26685
12892
16424
36703
52101
37158
48477
5891
18010
26342
53937
54570
14049
27451
35436
48771
52315
38281
32660
14985
46413
40483
10752
59202
58364
40596
5783
26240
7989
47211
22305
58372
41591
43466
50217
45945
54684
40499
45346
46979
22626
2191
39262
53079
44826
43208
46142
11720
41327
58472
53953
43558
41098
31779
35224
56397
25621
52068
5475
1885
40104
32933
9256
34146
55824
7864
45005
57926
39848
46501
57404
51573
49467
33091
48845
19382
50704
56517
19309
37912
18856
32344
39892
15250
49979
46243
6209
54750
42188
37475
52950
37688
32589
7069
22539
14974
56786
44985
54872
20447
9206
31059
55494
46852
43160
35284
46017
22775
19437
35625
39444
56976
45169
23937
43340
20300
11726
41374
33778
17522
58632
32505
45849
35379
30417
27259
42098
3564
51686
13229
58429
55475
42529
25156
43387
51169
57442
16329
56380
28414
54848
39773
21913
7282
49475
57844
14946
32454
26972
53694
6229
45470
37725
56495
41002
49922
10450
54864
36829
54242
58206
20914
41080
29382
34919
53876
45260
26392
2339
39310
31905
23849
57275
55450
26581
31104
46565
6635
43809
39391
9333
22304
45077
55873
14285
22037
30569
18601
38656
13234
40663
43443
53108
37108
33367
23890
56872
42016
35351
12247
2094
11547
55476
49039
14109
20494
6832
36472
58407
40921
13352
33670
36079
42355
37727
59252
57757
34597
2027
10701
20579
52142
39158
43349
42865
40490
34608
6934
35112
24789
6460
45990
49445
23167
26974
10667
55845
13362
23268
29501
39119
37003
12944
47112
54674
27998
10979
48784
35322
33610
30742
51555
12272
46749
37021
24323
30725
919
30128
34368
31096
44908
9192
48006
33705
34513
43492
36285
25466
52735
43428
56552
16212
53909
36468
37603
1976
56434
41989
51237
38078
27900
41680
11873
56367
48544
17072
41068
50938
52400
35138
36168
34128
8237
43249
2412
7340
38509
57508
50701
936
34231
17613
55823
5401
11683
50934
7923
13210
14770
18264
30281
30727
41651
44197
9818
46863
15925
42011
45349
37790
44171
54815
7698
25851
53611
41291
2476
49592
56822
55472
56972
52576
32370
3212
27294
54559
37407
14593
12360
49746
34134
41410
41299
34393
2587
8605
12419
18210
40293
55744
16989
34032
13383
12363
47939
49177
37914
37423
45191
50286
22018
37683
10324
39240
4286
10549
37059
16828
57497
53087
51421
49363
29287
41551
40175
49768
30577
41568
47206
53195
10550
30801
46648
2116
57526
29609
26241
57728
40388
34552
13900
41982
34728
53676
42367
9202
57007
43504
2197
36836
58387
44155
11853
30339
48865
41134
7670
42037
8322
51157
24401
13644
52143
39247
35908
38710
42695
16525
12480
52330
24376
22811
51429
2915
32554
20292
53258
31727
19088
40506
51303
16118
43358
4266
7918
48423
8343
56587
57571
47138
39752
34963
39515
15708
53067
29321
28071
10851
94
24320
9941
46682
34462
34325
37118
57423
45632
9458
45501
11145
28005
1435
58233
54291
25927
33781
38776
18141
41855
52854
33197
7252
34725
16759
42051
45245
49380
34803
42918
35064
39991
9144
12353
42552
46818
36193
21059
36856
41973
25697
34825
28195
47508
40268
51714
30325
43951
57434
45062
32752
25909
35533
2098
883
13540
55458
14751
50080
54144
1978
52083
14158
16810
17468
44961
52846
56496
21948
51762
41106
33010
56161
51941
27910
44606
9217
1613
30313
37722
57426
41742
16840
23553
27235
54583
56079
9095
15179
45173
47655
15154
2885
22884
21560
44722
32768
27795
32493
37289
11367
52017
41154
44326
1410
218
50668
39694
34970
2833
47658
33837
3215
57677
38400
2650
41158
18878
39329
54227
26165
50142
48971
27495
11567
36958
30015
34129
55332
32320
13306
58390
54732
6300
22452
12185
41169
1600
7480
32728
48923
57474
43332
7741
56192
35897
23237
56592
23613
35152
19818
5446
20386
18233
20343
16058
47452
48265
28526
27246
16120
20275
58064
24029
5708
13725
45878
50095
7726
56093
5670
34587
39821
15638
55109
39161
57678
37661
9353
9325
44440
34878
55565
1950
53090
42742
9425
50167
9637
51106
45934
50533
27081
40848
57402
41811
17501
42194
57056
10462
50697
38685
41704
9466
39230
53232
56692
7564
24438
18849
53581
32316
47139
51293
41355
49376
58249
11876
11928
15034
31904
58301
2447
39674
25062
40378
56437
57232
43471
37552
50348
40306
17684
54556
30701
39414
4677
44778
35078
45155
52904
57778
42268
35675
40183
34833
54039
55783
27368
47480
48933
54788
53856
41274
53643
13527
58864
45754
19011
8809
20443
42122
15453
18427
49319
12934
30999
19908
33210
12955
51770
22053
58831
40415
52566
36602
53395
15146
26414
17830
30434
29565
19031
3775
10478
15347
53573
56017
51016
38821
15050
54326
40907
42714
34591
38293
42230
44723
45499
25583
3872
57599
14440
57581
45316
43174
55002
56125
45087
54742
55653
42699
10003
23909
59061
30490
26735
11852
58400
55488
49965
49452
38977
7396
53022
3550
45511
8159
51411
45386
13253
48302
39587
45040
41177
41123
41990
13710
12654
47853
55686
39442
45931
40154
37228
27835
2645
51990
4499
22770
14172
20459
2737
47234
30941
58686
42815
30610
6302
55385
43781
42028
31373
42244
46439
39264
51297
47677
30557
13465
48570
8433
54107
40059
38006
26318
55483
41212
32636
35532
30640
12200
57555
47416
37081
10248
44216
5731
51455
46331
40177
3635
54828
42455
27988
55624
54180
38909
51339
1501
52543
56772
58208
47347
21846
19812
47857
16256
31216
55890
53728
27455
41564
5150
57499
14155
10054
38167
48818
52190
34603
7590
44480
43222
18914
22913
7110
62
10099
2242
56862
28079
22370
30984
22276
18150
29395
38017
41562
45028
48435
27185
46659
58259
51931
13934
11995
40369
53312
28820
30687
4182
11638
12984
14094
33164
4244
28714
42834
45891
42793
7209
17711
54992
50297
26649
42972
25979
37139
54241
52508
5317
39782
46917
3828
55077
8136
49048
46168
27111
53288
48582
6767
10295
57621
50397
27422
57052
12841
51246
4083
57277
43005
17646
36139
57921
36419
14885
16729
1029
31486
32407
45098
56014
52580
7796
23421
47143
50212
42238
38256
38074
53704
26350
49630
37842
35326
57372
20302
41247
23644
45626
35522
37150
37215
8606
5660
36901
13505
26585
31285
30143
42322
11797
39233
32490
37771
41133
10595
18462
56840
43669
46327
56030
6105
49914
39610
17623
29978
59242
20553
57396
31724
10919
42452
28043
44193
17821
10328
14739
48304
4333
19003
45856
42854
42852
48824
34851
20181
22522
44005
37370
57457
8526
42140
55409
37899
20512
38175
3035
45422
57607
45900
35622
39901
40119
55256
23272
58031
8046
48747
48500
8527
2434
9138
47204
46023
13683
13398
28860
52682
1881
47106
51014
32838
53599
45343
928
59022
12314
28416
30728
33554
41097
58502
54558
42134
7135
32757
32705
42861
34938
12726
56446
50535
37443
34243
56569
32804
52074
45819
51620
45875
59160
57159
20517
200
38519
37598
12798
19863
4310
42466
51266
30788
10997
18626
40603
50068
19780
39344
47205
40861
44685
58300
45247
44941
51250
59258
51681
46434
54947
30332
34997
51170
28991
54950
54948
37824
57490
20635
43034
12873
53405
56957
51767
53749
35916
57237
11517
36482
38224
35764
30104
11992
57517
40836
42413
3421
47527
57429
23374
35071
51101
52048
58384
19222
15732
52658
4251
50586
44920
35756
40066
43655
48334
1034
34136
43288
13007
24381
34121
48681
9401
51756
53063
54952
58075
33109
24571
13002
41847
13390
36877
9482
57543
39759
36967
4966
37944
56531
8611
19489
56530
29078
28326
48502
11344
49893
37377
12714
3683
30529
7259
25398
12472
3405
17647
13066
41425
17648
55842
58368
22677
53722
58189
14838
35010
10128
45145
42612
55150
57709
54899
27229
4851
58781
18013
13986
37069
35304
6917
35011
33565
35549
2295
13778
35854
58634
53455
10225
48112
24869
49095
15529
15533
35439
54983
36147
18387
3396
35441
40181
35377
38270
57919
35068
25632
37761
55416
14059
14910
36395
56337
47341
48102
31501
44631
31343
5818
32976
37887
21893
35621
56385
52697
11883
49252
26186
54649
29456
38734
22405
39691
40018
6389
14430
42705
20267
44564
26493
53387
56638
18634
51031
8131
38218
36924
44935
41476
10463
33110
1467
53351
41783
57645
36277
53255
39969
52874
44217
54805
57661
32499
31851
44992
456
4330
224
56058
58272
51342
29333
29162
24474
10928
25620
13462
22453
43002
28921
6482
9281
54176
40007
35327
18442
10864
51825
35995
55804
34109
6864
1958
33248
25934
16786
48215
17421
16115
15950
13772
37379
47453
48079
36445
21375
45884
35555
9331
36355
37083
34507
6445
42598
57040
10077
19074
40605
40202
5801
26784
26243
37854
46762
51656
12720
56083
14000
46343
1181
20916
28738
20999
56059
41483
45607
57918
43017
51200
52594
55355
19217
14650
52855
44846
52877
43347
49836
2706
56000
51752
26711
22957
34867
5843
57552
3731
58617
59203
34356
50369
35837
36574
38046
11963
57406
49961
50383
28274
37762
45929
22658
42002
57248
45272
15544
56606
53250
2725
2257
57444
41681
53978
45423
53389
17877
59031
6795
7967
48159
40799
42816
35277
19528
56075
15054
45602
35103
57211
41037
26158
48827
51784
50262
53390
55180
42713
15010
12923
38606
43319
44238
34321
29816
42539
52082
37044
35242
58250
34548
57752
19671
26930
52932
12515
30469
13626
56338
2377
9959
54726
36349
44689
48745
40064
46991
28763
46786
50316
41780
19658
21332
24291
42363
35959
7361
56662
12779
57563
6889
29479
55880
13394
1180
50030
36165
44456
9326
37628
57377
3029
50783
57644
38228
39239
18539
31734
23524
35543
22667
37883
46255
23615
45942
31443
56363
44883
46240
24746
4123
53042
2970
56023
26038
47123
47245
46997
34399
53553
7116
53707
8939
58453
12796
49132
51583
27194
57274
41560
36552
45821
38313
52340
27412
30608
42605
13545
4322
28634
7781
98
23030
44170
25761
37550
57527
11716
57988
54096
8781
31760
48593
1549
51323
3842
24309
24881
35990
58501
23289
42634
52927
8709
30315
48354
37698
52200
57319
54010
36865
38769
25031
25603
30224
37137
45953
52723
56188
45341
17348
52117
23716
33526
33192
52586
46771
56283
13844
58256
51850
52965
42398
53000
46668
52197
13537
52307
57461
6248
50837
31473
34844
41481
41288
46405
31275
46596
42135
49558
4402
31345
10479
24396
54190
48355
22630
57265
33198
5427
55032
33456
35097
41514
39332
37510
51535
13152
28922
12658
28306
36242
19954
49142
39244
13921
44575
13377
56867
14209
36784
48591
52790
47898
31405
51704
46029
58253
11656
24212
39197
40373
53373
22286
34315
22036
30697
42843
496
41386
44086
34194
51889
43496
16944
1900
57550
44748
53852
55906
15602
55214
12400
29931
25799
39768
3712
42384
42439
58637
55130
46301
36186
56447
10514
10617
41379
54892
57411
36543
52771
45284
53829
58380
41117
51849
53407
48806
42509
49351
53632
9415
56210
51369
34567
39891
13891
50091
24215
14190
40843
46517
16217
41460
54263
56135
50542
3510
49181
42359
11384
51877
40419
39141
14433
45253
43372
56920
41610
42362
45051
22949
44594
23578
57498
12331
38736
30997
34771
35942
56501
33906
24277
53447
10689
43311
12506
34924
57979
44222
55134
54277
57226
37910
43095
42006
46058
5734
38777
54223
37095
40625
27690
56686
38948
54514
36705
31261
50616
50591
11363
36792
54009
41768
34487
53334
38042
28217
36946
50901
54321
53039
54904
51706
16470
42298
14523
18833
54521
37658
22348
48409
11047
51086
35994
2480
51354
8947
34822
41722
54829
49305
49628
2372
45952
18797
49383
28057
19027
53574
56770
53267
22059
17707
40283
48453
9373
48019
57942
44084
40671
11917
49972
42354
31091
43739
49456
15232
51685
37779
54611
40488
39825
57119
50530
51771
36106
41752
56184
25355
52938
57244
25098
50847
39868
24937
8354
29448
52309
13215
38842
6592
44741
53994
51053
25704
51217
16611
47422
37036
37964
11104
40383
55113
45947
40164
16371
41367
20549
51173
13851
17949
52135
37983
6214
47942
33941
55481
57069
51346
58225
32280
46534
57072
34460
17723
49641
49136
15063
45500
36027
32337
44884
16242
37891
6992
36576
36322
40960
1512
43133
12252
58175
9289
37720
4689
41035
3131
49582
37850
42333
14746
44983
54483
6083
51949
32993
58454
7783
43963
9057
2226
11127
43236
53896
32729
41149
23981
19907
46363
56885
4191
55611
38735
23544
48393
41349
33904
9659
19160
5711
46044
42201
35523
31491
59182
37172
56589
57351
14793
22905
54900
3251
51753
4887
44027
3823
56931
46865
52875
14685
11843
41585
11961
40327
37898
39149
2207
58941
46631
39832
9244
8126
14336
2353
43793
3585
51364
33497
37723
7517
9619
31435
17597
10227
19683
37457
47514
6904
3732
53457
32667
32941
12572
41654
49398
15496
41617
19672
56459
50492
53620
39340
47150
20681
46876
13624
20959
1374
43075
40593
27579
17074
56505
45779
47784
31387
39417
29094
23098
46756
46387
16593
39370
43229
45080
15018
14655
26644
45927
59210
56102
53650
40329
25159
36528
14771
31891
54747
35635
35685
35944
44549
47622
42296
55534
10602
17313
13798
2469
34999
36342
56916
36143
31241
33782
6712
14040
8804
14666
41294
15229
46785
7014
10614
53253
41870
20236
54876
11107
5400
57716
10497
53316
28309
52134
21494
57010
21918
39952
52093
39077
52780
52599
53364
13546
40756
11091
58382
38474
49494
53296
48082
16514
35392
6578
34175
46280
18913
54151
50413
11948
43523
14617
57531
24031
42221
15027
45488
13367
52356
34143
43092
27301
37772
31861
12846
52080
21783
42591
38344
50153
10797
33353
32073
43016
29146
41851
30324
13927
40766
1476
57654
14154
24460
5761
11098
32132
7093
18084
50409
8520
37231
51554
31282
23695
18968
41921
7281
42200
18693
44078
45774
28816
13808
16116
19424
53279
42404
33710
25050
42458
9398
9408
25500
29405
41262
38737
18871
31229
12510
37060
58173
40408
15077
51956
48718
38862
52206
56481
46450
49349
19736
12664
57300
22553
18816
57401
31662
32267
15265
39174
28483
26712
57700
41779
12471
41890
57837
39318
29341
11930
31434
11882
30504
40985
57862
37015
55853
1673
51961
54303
35701
38069
11986
1601
52193
10751
46963
14406
53295
7936
8767
44388
36252
21766
44603
36434
12270
45345
34986
58519
26173
48404
41993
17039
42352
15013
52720
37559
35600
14548
8756
31299
40718
12982
57397
8224
24348
4290
38875
2175
57445
34910
45911
48974
50453
48963
19759
36368
58589
46181
58741
49785
13400
43176
42008
41452
48161
13987
37744
52152
14377
40808
51087
13959
59222
34862
52075
38206
56783
30632
56995
29385
52655
56066
17590
18573
35925
9118
43416
633
49927
34711
53156
47816
43422
38134
36112
33700
57878
2906
34364
24951
52737
43110
57304
41739
31858
525
13271
16544
28563
51521
46209
51937
42234
54803
28984
9293
57799
28505
33443
18924
47727
35262
56105
16107
44255
35459
47395
53796
58255
41258
34508
52707
33189
20328
45524
41335
45904
9330
26706
45140
49726
18712
36066
23724
42235
57448
29003
36650
22733
50770
5669
51212
45413
41255
7503
49756
37655
51967
22636
57084
45781
50750
36756
44659
53579
4206
40249
58358
40017
34606
45085
29432
35144
25815
8353
46386
12508
56344
33518
58168
48542
53981
10818
57261
43086
13410
38233
6956
36333
24370
42407
34897
34594
39705
29504
40095
13922
33731
11370
48886
25495
33992
9154
21763
7966
41831
58135
12486
1396
55733
42096
56934
35603
55830
39973
57322
30739
53413
31380
8310
58349
47115
22926
39946
54286
32413
24093
29192
8234
33671
32610
46237
58025
4958
46612
55719
42456
38643
52800
6644
11764
36162
16647
52016
8630
23704
14887
54174
24550
43940
10922
41323
42936
40623
5824
49411
41633
45807
37092
41688
37750
16950
56421
59117
48431
2455
26764
53289
44551
35174
33968
41369
10825
23565
3213
8656
50131
16344
45032
2690
16971
10984
49261
58254
9929
21102
53238
16635
3230
52254
11439
37549
57812
37901
34687
50855
58681
36923
14951
24888
13896
40947
47493
55683
50782
43514
57786
1614
33411
46393
46222
31212
22301
8059
50769
25760
16997
22888
44157
10606
29220
57648
55501
53376
45640
20873
22516
59131
36447
52476
48425
12958
51121
17271
56262
57907
12403
56200
45400
8225
57554
38687
46449
57065
1055
2040
52725
54874
34438
38227
45193
39763
54797
2433
15400
58553
44111
5030
34668
23031
3349
7823
52958
20511
45050
29085
48791
417
1028
48433
56929
52147
50981
24153
35996
50623
33624
57336
7185
25298
58826
45705
22144
6458
51295
50158
30586
30456
9260
26142
41934
23407
57826
38197
11821
46303
23259
51622
12766
38048
34939
24395
25843
22902
47111
32964
33250
44036
33971
41785
45957
20480
24559
45800
3391
56260
39163
28240
57633
39915
41399
34437
6874
25042
8658
13579
53233
2605
37747
23240
22855
42210
34604
48476
7169
55074
33211
11377
48014
6893
48357
12759
21392
14011
25538
131
59249
30096
57348
17103
45313
15655
10793
36390
55094
39727
40022
54668
54112
7502
51712
3142
46278
35059
43777
39389
58735
20603
25387
31046
3569
44903
3429
48557
13553
17530
20731
58857
39271
38267
44077
2799
8854
51812
52365
13208
34463
48524
14378
29359
11546
26488
30017
42556
52105
35765
10866
37976
53315
47218
28272
40930
39393
47127
40851
34973
50156
35001
3335
36163
29463
22520
19503
54051
50589
57980
56231
48183
9009
45203
52127
33350
3748
40855
9770
14588
50411
45073
55260
52325
54842
50590
35499
37485
10757
33722
48098
32118
49106
45703
1426
45815
8341
10801
47840
48316
33866
42542
12098
58721
31384
10530
34655
55378
3713
38801
35240
12629
48420
40772
38972
13792
34280
51755
4861
11382
53935
40475
6868
51325
58367
42828
16114
33586
37920
23418
47183
35120
19499
40055
17593
53910
36293
6717
30519
43433
33612
19338
31294
57890
7186
15884
43378
23914
46619
9967
44940
20401
11823
50839
40713
36711
58391
46376
46605
56410
58475
1895
19801
18873
42864
42943
23192
12175
37675
3925
31860
37809
41747
26631
43263
17036
42942
56836
51986
53589
28935
56572
31424
31120
6544
35418
52998
30029
32482
2352
6373
23025
7195
46258
49213
46268
36357
52014
51466
29837
46197
30471
48067
10988
41583
46663
45289
24478
29356
51695
24590
44993
58080
16799
40449
41895
29815
41691
53840
33351
54896
25080
16703
53237
31515
25942
26870
22906
55884
9968
20677
7589
6660
33883
21975
36837
34967
35859
33529
50753
850
28003
58374
30681
53546
53533
47810
8113
55282
25494
41455
31123
10856
58494
12787
29336
55927
33940
31362
53869
46013
8893
29683
45827
42508
46334
55527
43235
49993
10419
42257
31085
33114
9336
57081
14778
39216
11666
32318
43526
30624
56216
42335
44135
58362
56172
56371
33974
8094
41984
40126
52964
27182
5892
34020
48437
54183
38114
45899
36410
15164
59144
39169
16809
50853
59238
54898
34089
40035
53891
45845
58822
25414
12358
19054
52792
57494
50756
40976
53018
25951
12509
19041
35823
41325
2532
21756
32905
54593
26904
27117
56782
36492
33173
38926
52572
11479
44045
35438
23768
52887
692
47683
3456
49704
39693
18920
35171
22708
57390
53520
51453
14297
30485
24563
36192
31850
7714
18228
35012
24061
3848
56792
46530
51531
40128
41204
3217
41368
12940
35514
3845
48715
32769
12051
58556
49002
54776
56443
42119
49556
43776
139
9530
54985
50968
50137
56691
23637
58684
3830
12384
19897
2067
33283
9519
52968
24720
50525
12987
38172
28366
42450
7882
56072
18171
44059
41071
53516
9255
30641
56710
41675
30597
10089
37921
36350
58493
44890
5928
47716
3729
51017
48116
37106
1805
23128
36981
40637
4484
38183
33393
8710
36999
10296
48866
20441
24992
40563
41545
45984
18229
38181
23562
24481
14672
56233
41164
46140
40395
8984
28112
51700
27458
12245
23135
20534
15956
35111
22768
46782
56448
12192
40255
47187
30794
22213
50686
42307
57400
18093
1989
74
18714
58909
38086
34633
43653
5878
45850
53914
29002
37685
34678
33766
4229
33409
57083
8498
50757
41069
50715
16935
54427
38340
44486
9481
38144
40524
40357
5950
17759
47307
56540
54006
27080
32434
53907
17717
1606
53958
55886
29482
42085
16109
46430
57008
38767
48565
32328
28764
24338
56176
46141
6647
50732
31947
57227
19124
39984
46271
57658
12632
9540
45228
23611
75
56825
7754
11586
37518
25807
41142
57686
12348
20371
9859
43105
34836
277
55658
51543
3589
44509
51579
32077
55903
37700
30888
37030
6023
2772
29150
14870
38865
30414
40428
10173
26347
10998
24834
34669
40839
44124
3685
8107
35000
58945
9041
35800
13674
34132
25610
16084
24410
8735
12773
57162
32523
54669
45288
13823
50687
49188
49077
37554
24339
56019
11589
47789
14582
38982
14453
45069
48969
33520
47351
2686
26177
35104
3305
780
1520
5263
8089
41321
29122
55497
48257
58680
49001
54132
39776
20390
19240
56703
7317
43982
45713
11287
4955
54652
38629
42231
18572
3410
25523
55802
38117
45613
404
44204
12870
56923
16102
36030
11375
9381
38250
20323
14782
58201
43426
13312
38060
56439
34413
18118
25110
18798
10878
29048
41998
29384
55867
6612
41658
6271
30298
57582
40672
45379
45157
11477
55895
52335
26292
22742
22962
22464
22417
42659
37950
20509
38619
37116
44957
13469
56815
16552
12868
53816
14455
57714
51614
43398
31292
58001
13134
12667
53411
53207
42447
29134
39936
3649
43227
42173
13785
18450
50724
43764
8952
45277
34363
37703
29728
14963
8879
51465
59101
3193
35755
16209
34643
4041
4281
50504
29813
48800
31265
30447
34637
51487
55454
28936
33509
29152
50617
33910
6665
43563
39796
19118
48396
34763
42779
54000
27488
53367
57759
2236
50375
7460
52734
45532
33707
50965
52012
32268
40000
56816
48359
44863
49220
13535
21686
14475
57447
31440
18455
34474
46883
41136
42205
13283
9040
50657
52275
36573
53612
46072
50612
52032
25375
49271
57381
11674
32625
51476
6758
40649
24779
42387
44200
8507
35680
45396
3875
2370
25266
39949
20340
44986
42109
50326
35907
56902
17702
40184
25555
46336
52679
34
48755
39995
6925
11936
32919
38213
30067
38703
29443
36737
48442
27915
43153
14095
6611
44851
50040
54361
27071
14318
41143
56808
45202
58887
49006
33412
57360
16204
13351
50301
34254
37622
13718
12176
47451
52787
39593
36381
50929
889
54796
31960
37114
56463
43628
55140
14872
2965
16379
52985
43012
10671
30251
40696
40716
34579
35561
1039
41111
35608
12277
50050
15565
46638
43427
58610
58279
54316
12434
47744
20406
8149
32764
49385
11988
6759
49999
4503
57898
40146
47980
12966
13237
37691
43069
24287
4088
38163
42610
45798
25499
23198
41090
34149
34657
36374
56081
35678
58037
48029
30410
59158
40445
47732
47470
42167
26901
39437
16616
37951
9890
33318
45356
31236
20615
32595
58359
51160
2501
29822
29840
57435
55237
17459
40097
55540
53807
16270
23530
34746
34948
41857
21087
29718
34344
29063
56599
2124
23480
58492
48951
46089
24893
52940
51569
36230
12066
42996
17845
13735
56789
31846
39600
31956
13261
11134
54464
49110
51640
57511
43999
57452
34211
7695
32051
54963
33580
57440
35577
44317
16509
24587
58133
56799
53268
36128
34137
43494
12520
57006
57934
32658
57266
57114
53069
15129
25419
47812
46224
31924
5806
28717
55054
15096
49563
23875
8138
9920
35665
59085
51675
15719
29763
8169
28338
20377
7649
54849
45315
20698
10376
27172
53251
37260
32276
13125
37734
37029
57235
11573
42059
2464
9346
2907
51974
36824
58418
27189
3272
40815
25826
37198
53928
57969
51456
35905
35447
4239
36240
14972
58273
13404
18019
52791
20576
44489
40755
53911
31075
50722
3209
11968
40642
57433
33863
56403
31958
29522
40326
2313
57222
35384
55737
37896
28155
57276
12913
37797
41363
49111
34611
37821
13866
14726
28783
40243
276
53214
12935
42616
57835
51584
17543
27296
7236
19038
35498
53678
58028
31899
45052
54175
7206
45448
49994
14991
40141
54341
58667
26345
49486
31325
23213
40157
36174
34994
9155
39358
23958
35466
31978
57092
46994
33928
36868
9259
51363
35545
42941
2184
46535
45656
42805
9804
47016
58229
42900
24858
26257
51030
51481
12747
1529
35586
51887
45646
26337
38678
39440
22071
35250
16065
4570
34652
34817
41826
43585
41318
55629
34419
5385
56933
56199
18565
23150
15538
4783
49003
23633
36281
12530
11351
29776
41767
46031
58213
36311
36554
35943
4799
57872
3754
58488
13607
43108
12470
37531
50510
56158
38093
8843
22552
45509
52228
47440
58788
35644
41736
13863
48674
47983
40824
39742
35745
51888
14961
53385
43840
10876
51473
40330
57384
30520
40923
4271
38282
34978
26553
6716
33108
6207
56623
16501
52563
8987
44936
39501
30901
58232
41055
48700
37773
18138
25546
49169
37740
45824
30580
15729
38638
38920
40896
56776
30397
51428
50374
33964
25891
31830
55185
21792
9358
20575
26003
10044
32619
3758
29494
17712
48980
19079
49054
46337
43388
20318
52873
51147
35720
58190
43644
9522
4227
10203
40810
27113
30186
58711
7522
41685
39565
49337
35930
36216
48451
6970
3379
5990
58456
53584
53199
50834
41183
43752
58815
20175
41725
25263
41579
57510
19813
58237
46892
38858
8350
2074
40657
21360
31499
30232
14812
12891
41185
13304
55105
52331
42999
56032
5260
42400
55849
56185
32240
56267
53220
32150
25896
8372
31175
4806
36321
37925
25900
52006
53555
15306
32572
51301
23584
37991
56556
37753
42219
13389
31786
15381
6138
35226
38253
35723
43344
57246
36370
33924
23907
34410
45048
27070
31870
4270
32239
46348
7028
6680
55545
4779
30594
39285
52272
57810
19378
11588
39042
29664
35707
6785
56429
55893
43330
38534
12800
57982
38672
39811
43397
47027
54542
28285
11415
25804
50773
8835
51190
34164
36384
53360
23127
45842
49742
39184
26792
47705
56607
48312
48825
45290
15572
38884
22188
38038
49481
8320
36615
38147
58152
58141
5828
45762
41215
33123
52010
10650
24994
41848
37088
52962
44959
25504
40406
55663
14544
6872
7527
36586
49154
16766
8384
42206
42391
12112
14153
41808
34684
21581
7953
26961
48871
53556
33404
40660
56498
34530
55521
54052
42703
53563
32560
38601
46192
35509
41477
16243
39687
48724
7345
27762
10349
30231
12359
49482
50034
34535
53503
11023
6350
54134
54673
25471
10323
57135
53522
14848
57067
28333
46509
53225
41620
31084
55988
25068
57328
59152
46694
38877
57819
36757
3841
52778
11119
12395
20975
44398
53140
34126
37885
8915
14385
24755
37985
13047
52899
41400
37507
6225
43424
21304
45078
9356
31953
41264
10390
45036
43383
53408
12698
39193
19302
45418
51953
27160
1147
58073
54962
42495
48563
43475
38065
48145
2527
57163
30581
1541
55872
10593
41311
42832
57596
10362
6617
51127
35259
24425
37426
19869
52831
23417
40271
14189
41195
1086
36426
44904
41358
40008
35624
51183
53072
47852
44633
19109
52493
53670
43052
15999
37388
42537
32281
47786
42401
51758
41778
5635
57180
35321
45650
38963
27449
45694
34573
17331
55516
15177
2134
49491
30253
41490
23950
6675
38788
8604
58914
28799
17654
23308
46345
33692
56145
42347
37756
49329
20395
56325
39304
37242
38110
38781
13787
39224
11727
24330
44079
35275
38779
3780
42375
24418
56564
35014
50007
10812
45853
12578
28616
9309
49584
56954
50516
51839
29045
14130
53941
32133
53506
37599
22921
50403
48383
43322
33024
40936
56181
35291
28506
30084
35928
15945
20227
45793
56846
16521
15360
21914
6219
20492
58731
20309
57524
26280
16850
32894
38225
49468
15911
33720
54881
14574
57205
56806
36264
15547
57961
19678
51978
45809
49749
47488
12724
56712
46394
41830
55856
33999
35812
2056
37692
34291
46272
47035
41031
27307
30830
33970
56330
54498
58245
57170
46052
12756
46714
29073
58079
4946
51439
15454
30292
55168
24207
387
57804
45789
33997
36244
28994
31768
53576
2270
4340
39299
43527
40776
49226
28556
3762
24346
52462
4871
58316
34609
79
19448
36400
39443
55052
58852
8808
55800
8394
22431
25822
32470
38567
23903
8380
7559
40218
51912
30691
4475
56149
9801
53396
53473
54645
47792
27358
19555
34578
48880
25340
43911
35768
46511
44506
738
51035
31267
57301
53605
53866
38143
9773
1272
48675
56430
53414
1936
36505
25383
31221
52700
31454
34800
2945
46999
49896
41330
37372
15085
34227
51995
40213
2382
49940
8104
18180
40980
34320
4186
45110
11463
23631
17134
35630
46702
57895
11578
42949
35734
50475
36223
5505
52053
42157
57940
40124
56433
18100
37304
51341
9488
52110
28503
31648
50532
41498
40098
16246
57468
45276
30957
35833
22680
40736
17874
8608
41860
52751
48337
32272
12021
54500
47531
57870
43197
6697
9506
17202
33432
57087
56153
4856
40652
50629
37645
30712
37434
53096
40644
32285
45360
16545
53301
42729
54550
2081
6490
54622
12345
37905
49081
39555
52724
33747
8455
58694
19139
45168
31331
28750
31600
14463
46855
46522
16445
9698
10247
53303
32715
10082
20249
47866
33857
16247
37263
44693
6130
29819
7084
33946
49288
38892
43438
37752
25573
4924
43575
30614
17338
9243
57600
7457
47946
16133
50582
59275
3818
39780
6010
35037
2158
46937
3543
49148
33085
53666
35221
57532
41466
58119
39940
55228
3132
49681
35493
51994
56104
53839
58441
38609
40319
42614
55288
55218
53276
55446
15437
33942
39882
52007
7284
55425
5890
23858
42532
59183
41896
49593
26387
10802
39513
56541
21361
57964
55261
47808
29442
29183
30274
41148
58360
33812
3834
8278
53049
43867
10511
26366
43835
59172
7805
13617
9825
10660
50278
57203
52989
13374
32002
46092
14215
11314
52203
24312
5443
3499
28167
34156
52951
52187
58883
31766
53381
54167
18101
43035
46474
49298
38839
50242
30021
56095
33601
55325
57373
27204
22432
49487
54531
50011
49023
20333
8623
9625
51637
51589
7118
38059
34436
54638
52803
36108
20332
46666
11597
55898
55402
3172
50581
34186
58033
14945
45299
58840
53187
20028
56285
47870
1811
33693
48216
2063
21998
40902
54155
33073
7840
43618
43895
50632
58195
36801
55354
31751
14766
46259
57297
51633
40653
13703
53939
20346
37716
50378
1897
59226
15275
9027
49696
49299
14828
41391
34174
53211
51378
29363
33775
51397
7628
41868
46124
49651
41976
34155
20344
1685
49473
57296
46289
54079
9413
58230
56492
9328
54820
56947
26869
9899
30478
57780
40312
31848
32141
38751
39867
48778
35067
56955
23997
47545
7241
3849
45195
41817
13241
42316
49974
32570
40739
17453
34735
30058
14282
12456
9728
16009
52427
43993
20387
14101
36811
36019
57717
4884
34658
41818
46661
12485
14913
30854
41793
33608
45006
57748
54914
15756
13186
50673
56404
35083
18255
23601
53425
59204
46189
33416
16190
58151
46299
46298
19724
29483
31509
38121
38826
30312
56243
40738
52546
41292
29828
40661
48580
57879
31449
34712
29755
57476
37798
53586
41160
53652
55206
24871
2732
54368
53439
44230
58894
30993
12727
15601
3832
49930
22230
40841
47386
24265
14659
40937
38981
2163
43283
45440
34976
24479
16556
54752
40412
9629
54613
22536
41276
54315
49025
10525
18965
16235
4963
46983
13786
13678
56814
49438
49527
40084
12286
41924
40928
34974
56979
34794
31838
57634
9524
56982
31284
30464
29806
45108
8331
8486
31404
20397
55287
50371
22754
24634
45258
7016
42878
3868
38888
37278
13193
57167
15472
23021
45372
47394
41938
20695
7464
52832
31833
25689
57724
7158
41174
28959
697
19363
54831
42144
54630
15621
10509
57680
24676
34850
37566
57525
16629
6205
57145
49583
45152
44245
736
17816
19327
58129
32263
12871
26611
36197
34119
48472
6804
57399
48077
32745
41008
12056
45597
49694
14625
12251
42490
29053
32786
30442
11533
52263
35358
8750
57937
51413
29508
8990
7721
37954
53610
14324
49821
32731
19865
28006
22315
20497
41646
58670
7406
16249
43116
58330
58120
29719
29102
37852
51503
26876
59186
30365
56197
48893
18829
45334
32674
57184
43855
59178
26986
31066
53270
50426
36213
21966
17490
58797
33961
35066
46127
51185
44014
44950
54020
59179
32806
340
57821
1566
56074
41054
33254
35429
58285
30790
56142
58459
15767
55132
32055
42365
50386
7591
36138
58204
12271
45121
16945
19119
58329
55461
25613
35307
7359
23508
6894
58551
41179
53421
50467
36423
58158
52657
24925
58202
48091
10240
50987
51448
54254
58260
38404
15943
6637
34005
14903
37948
20565
55230
7852
5432
49361
40321
45883
33136
49548
18595
45016
47540
17100
25283
14539
36386
19374
14690
42403
14404
1088
33099
27967
45033
35464
45274
51689
43295
25921
33382
55990
42875
8920
4313
40295
48833
58162
59110
42994
43056
22306
40442
17495
45154
42312
18020
57606
29750
54414
44954
16879
15939
35046
51467
54246
55529
14262
31347
33655
56327
59020
37641
33929
45795
29804
20434
10555
33583
51485
53383
6761
32045
19293
17503
41333
38634
57553
25614
22718
49192
26937
7228
35080
58408
25318
391
3552
9282
19600
50664
42313
41696
9104
45414
40850
51265
47563
57846
53452
28406
36377
57787
33387
16431
55480
19461
58699
48560
23577
13084
55524
43754
29895
20544
52434
57332
10546
41331
32884
29807
7122
34914
52045
58791
12417
13042
14280
43362
51137
42564
34927
57500
17286
20518
45584
51639
51024
8194
18392
54910
58829
40083
35976
37592
46290
45151
49442
8036
58238
10612
51851
32209
55148
35965
19643
3858
497
45180
22323
34961
50042
13916
54686
45106
39434
40845
1991
29462
225
1943
12329
9274
45724
58876
51786
38966
58183
45324
56196
52428
19883
57282
34068
41852
42648
40211
38161
44963
14992
22336
59023
10121
7123
58381
22979
897
39806
46725
17659
51471
10026
37583
42415
43590
40557
58351
50599
34620
11964
45167
23572
54654
48248
13222
39627
54371
28410
34262
31458
50044
35593
45373
25458
52260
58155
12411
8713
22317
49747
35225
49946
54717
58067
2080
14045
45297
26588
50700
54021
45397
51159
50652
50377
7492
36879
52602
34361
23033
7034
11084
56523
12749
23484
49503
36937
55070
18075
36599
42638
52694
27220
49389
25475
53752
43517
38258
16239
33695
58584
51559
16061
50540
42306
56415
48028
13381
7484
3788
19903
42570
52742
13314
35462
47026
57324
41329
5782
33658
58546
57562
29812
7053
40853
57166
47594
35035
14054
16056
55259
45002
3716
48185
42226
45770
58203
15053
37180
4954
35967
37409
9999
18751
3882
56974
15399
2052
11508
47530
43224
35076
46673
25969
49790
29834
40667
32607
18763
56469
39047
36888
11398
53617
47858
55020
31692
849
31157
54665
109
42804
49685
38891
42020
46830
27986
52255
23762
95
25652
50443
36516
37166
22999
44153
51858
52818
8162
56643
36542
33217
40204
3397
51820
57970
53191
36210
29281
58312
57417
36849
31078
51108
58481
15934
23891
54012
57512
6148
13154
32543
58597
32264
29110
5795
7620
41412
26195
10413
49313
18199
1941
1125
4674
34785
29307
47626
38173
43843
40551
35374
24028
32053
44030
40281
11350
29846
11437
55765
5838
20388
52744
54982
57313
10781
52866
53257
26586
40280
50893
50817
58209
3538
44956
8298
42838
9280
24409
20718
36755
32579
45326
49715
4992
55244
45995
33696
36272
53942
21127
36226
38171
45594
53266
35544
33675
51643
36660
38133
41267
58685
36427
5678
13473
25470
13057
834
42473
49114
41614
56431
8472
16892
42471
38186
5020
15507
12688
44202
386
34314
31671
38511
51223
10643
50445
12074
6560
45075
41578
35368
19192
50772
34665
56426
4326
49155
48618
12624
23182
56583
37781
14533
39944
55129
47621
50600
34599
10142
57183
43488
19035
8638
51099
41125
23067
41944
30945
18377
39410
2563
52268
56456
14032
27838
52144
1123
12746
53419
34205
42836
30167
23018
2329
27671
5998
48762
39268
52573
45735
14421
11604
30584
33955
54226
33913
40919
55368
56381
52095
14660
34699
9705
51902
54694
38068
32136
37585
29568
38120
43294
37856
37922
47728
2143
34491
37755
36449
20694
46765
826
37902
6104
2048
16207
50543
36796
53215
14609
57753
28084
15355
33637
47618
52911
35861
52865
57631
9493
13226
16108
40820
12790
11224
56685
9516
26250
47558
58325
54770
32622
13242
45221
13211
26282
20430
23441
13554
38902
14145
4673
49938
41137
35715
13924
40339
39063
49682
20641
18616
46427
40334
13185
33969
25358
30440
58920
19787
29563
53365
50503
56528
2654
42182
58132
5579
39359
2036
37835
57884
59138
36830
17113
14740
38940
4347
39620
42255
31946
50706
19524
14231
18469
53302
43013
43038
49966
48558
2857
58127
13294
25512
86
45888
27530
13478
28998
47877
53665
29194
57796
2484
13958
46208
19116
46556
44909
39679
40770
57579
30109
42783
36965
16576
35238
48869
29285
57789
38589
23147
38226
55969
48119
43272
56927
45138
17461
48696
53646
26163
13848
34565
53064
52628
38970
40624
45383
11015
49899
42145
45462
25141
5905
2059
54024
25509
54640
20366
57416
58793
52366
49328
58841
23763
49733
51318
52662
58134
57869
57233
11594
52113
19284
53399
39739
34576
38789
57559
19051
25034
42199
9583
52699
50177
35753
57371
19372
30071
38123
42078
52015
10729
19821
40217
27819
53066
28069
43919
20489
4869
13993
40927
25940
20610
42596
35065
55254
46365
37929
5016
55447
28151
50496
59184
24837
1636
26941
54332
56699
20354
38651
13091
48604
57443
38921
50933
37610
43862
36262
57094
43445
5880
52769
21118
52126
20569
43405
12609
40552
47743
45302
56567
14021
28013
37687
59206
33668
7516
6886
58184
10798
38080
37280
58345
46110
34222
36367
52133
51658
5412
56362
39553
30311
35738
14702
36608
57283
31512
44640
35343
48407
53702
39222
23962
41303
30602
47199
30320
37209
56035
17505
56003
39885
9078
47315
32709
31497
53032
14437
50057
23855
10771
32684
40964
44922
52123
30451
33306
33280
56246
37314
38628
54194
54420
55530
11884
53681
39669
44900
37547
8847
57560
44183
14264
28561
45672
41840
15151
35427
13347
59227
34542
14744
46533
56352
41387
39143
20014
56969
42376
13997
24062
38262
57839
43161
27355
8669
32831
2595
56565
54442
14105
22600
3900
42771
43188
56242
32749
50937
51294
40467
52140
7383
2089
47417
54
39483
8175
54676
51617
29137
58118
46670
20379
56302
40500
14010
31250
43967
2952
45187
14029
41786
40634
26654
41401
1856
46730
54082
54230
52018
48962
57412
56412
41859
20513
34896
11148
31353
36980
16761
42124
7957
38517
51215
10153
55122
50733
51769
17991
41356
41929
31805
54591
22313
50932
43365
29506
17583
33868
8475
323
32940
33553
42831
35431
2150
11481
18067
34309
47495
51508
42646
56168
36589
9885
13616
54146
24259
53194
55843
49122
36808
54299
33817
33816
55172
55389
32059
2008
56068
7143
58340
25628
41970
58564
52842
54631
6595
43708
39128
42932
2470
18378
30858
35868
38584
51015
49344
48543
9273
41616
3903
32565
53438
28811
23551
48804
29144
27568
16020
55508
31467
12035
16251
52013
50621
3508
23129
50339
54425
34214
58379
38665
49379
35993
40737
37334
17053
48646
28295
29743
5876
55914
6824
24414
47198
4064
56520
52616
53116
2135
25227
18876
57307
52748
40643
39497
40224
431
19342
49781
57482
44176
58790
14034
31696
54804
56609
53572
8929
35894
48994
54681
32117
51950
40040
57076
39270
55110
38380
35338
58837
58426
36816
26047
22969
23276
12275
26717
17412
41601
55756
52750
13132
13577
37295
13815
58531
7542
56419
50746
14396
41456
51151
10582
54318
55211
51556
39960
19344
6788
34118
22447
46788
41470
33408
47202
41150
41093
33256
40951
39043
44902
31064
32247
30085
51970
18194
1924
32960
26352
45411
28238
38122
42434
33585
52721
58074
54237
58017
41572
50794
48989
37836
44089
12416
21017
51840
51187
36451
7727
32319
56722
41260
44911
58270
47430
36073
8931
43183
45999
6640
27199
56861
13671
2129
55181
56512
35079
41936
49847
42184
43220
23384
10670
35048
54762
36199
1523
46342
55338
27461
18390
10616
15141
32650
57790
25929
56780
44349
50930
3218
20463
57455
10155
59214
16320
16126
54487
55777
36090
45592
33683
12867
49137
40233
32366
49061
14018
42240
53417
36369
30323
56632
14079
20012
51744
56830
34250
20374
49839
37611
13943
36752
6875
57867
31731
34018
40981
11913
41110
42418
8620
26767
57415
38162
13803
8192
48463
15813
19891
58758
49706
32969
28836
37012
28218
31183
31098
36202
49353
48021
15064
33834
57691
45381
55217
47137
42115
6268
41298
44379
53343
53184
32679
28844
44100
22136
57966
45767
46277
37041
41065
29660
56788
27881
28978
43006
53495
43077
49320
55953
38528
6109
4462
35890
42823
57828
56454
53972
7407
45347
58264
36274
18365
42132
53598
483
56103
45115
16678
14908
51034
16806
7268
12354
51403
51513
395
1951
20375
32216
8406
37636
52098
27559
40954
32069
52224
43632
13240
9692
76
59088
2058
33086
35382
40698
37909
44850
13625
41492
41598
14684
39615
24450
12902
31832
9631
3518
8973
31082
40284
16014
2405
14947
57085
42463
18555
4393
11040
11548
43601
39531
36795
29861
2738
59218
55071
45785
38620
3699
1875
23377
38070
52419
41581
37886
57830
46895
55275
18458
4663
28490
42009
48579
56422
41191
30683
21036
29217
55043
36385
42704
35714
45686
22477
33893
28528
33151
55146
27215
46823
34007
54128
35408
51997
29431
27037
22176
34087
38969
56877
42423
52116
42380
50063
5542
54300
20380
10872
41684
41699
14516
37940
42953
56201
38050
28878
2312
20057
43450
50412
40636
56218
55636
25978
32456
57746
46275
1197
37643
19610
33926
46998
45823
26417
27613
28691
14780
20525
52213
55495
27398
42451
53570
45933
40221
19030
42933
35776
42702
56399
31589
4240
22528
38260
54477
44738
43024
16964
51379
40071
25170
51427
8396
11972
40363
54461
32448
36141
41769
29098
52858
53508
8328
33257
52770
31865
41666
55055
29040
22175
18
19479
21489
49711
54780
58365
37528
6902
19959
20963
13348
58563
1449
13591
35228
57847
52898
22818
14151
1953
18288
13003
51644
57674
43138
57586
10715
55770
53137
24850
53013
10656
35383
56853
54566
39182
57346
16231
42229
37261
42835
44403
53478
47524
42209
37484
26448
43367
53776
30304
32416
46873
49336
16121
18552
41444
53227
37580
56584
54440
471
32478
57323
13039
41674
42088
54188
8936
55900
6349
42799
27707
39447
31623
32227
41171
39111
34780
39771
22747
28194
8130
49855
46806
34627
43779
51299
39961
55633
51729
3232
34714
35400
59177
14774
57243
40437
5897
41202
25132
46016
12308
13403
45544
57198
59136
31006
30862
2713
1404
4346
41640
15628
39428
19111
31628
29690
32215
52871
52328
29312
44951
53325
57241
52895
45227
28674
45949
27222
37979
53382
42223
13622
38203
42644
17862
49441
11994
45160
35692
54620
56026
36583
24065
48937
57031
41334
47874
57785
29858
17580
23251
43728
55682
52614
53624
36361
53326
51943
52995
11328
13684
17493
5835
57361
40228
40665
41807
45296
51138
51669
35984
57965
2577
11642
8400
59231
15632
35870
52538
47663
999
7348
12468
52612
49734
11132
20306
35009
50786
40032
51322
37026
39908
41513
31262
49489
18940
40200
43277
30400
58395
27982
9513
44894
40223
344
25219
3169
5760
40291
43182
30936
40230
14076
13989
48428
41297
49058
40069
51008
55749
24921
31552
17105
20719
3847
51468
35636
45000
19456
21757
44974
49236
38774
38580
46265
50762
43026
1920
14518
38363
45177
33341
46947
40288
39159
14512
25905
40081
32860
25812
53185
33376
31094
42332
55505
52936
41659
15469
42410
35245
53159
58207
46059
40045
57574
47981
2386
43260
53004
32409
52844
2986
36435
37544
20367
35674
42392
14995
49590
45139
40158
621
40498
19039
53054
23148
36209
36131
64
40215
25575
10949
45429
49477
35845
53019
37425
51116
32722
40812
15261
15678
42186
26397
6238
18675
45512
16789
53926
35779
58603
40325
55431
9424
51927
49731
45119
43285
20730
27344
15025
45214
44072
14048
58166
31457
34383
23595
34490
55787
14229
13864
32517
44852
28200
19457
11686
52999
32452
57515
19428
37454
5677
53782
12232
41139
41180
23331
54205
4417
15910
13214
57809
14241
57575
14553
31426
11722
33135
4293
56636
33241
44568
42902
36626
57185
96
53557
44761
52089
43078
43357
8935
45890
14735
50898
16754
56060
53358
41488
7731
8233
47815
36288
36151
22711
19370
6211
34804
12464
13879
45113
25675
37255
57614
56384
23194
57696
59270
41986
28260
43049
16267
52907
42680
57577
13218
21
4630
26676
4815
35537
54809
40802
30894
15858
7316
270
7787
37134
6604
41750
32611
35380
30949
44682
55932
56401
3216
57410
58422
50320
39429
46333
36201
40846
3541
35716
45718
11079
52084
17256
28263
25713
48657
56887
10468
17685
17566
40905
14790
48783
49493
36157
43173
8512
50270
50740
10046
35926
49014
53172
39279
24005
13826
50690
30013
50815
23830
45675
50660
43877
53527
26124
48374
15657
47232
47931
58537
46669
14469
41360
51538
52132
58394
40686
53035
49610
52322
38988
41332
41365
8244
41178
8040
54124
6494
7272
48830
52670
17801
12393
41072
24944
58609
55592
50407
58482
48412
41351
50014
50038
55970
29127
23504
58529
46526
39765
39001
27673
16279
57178
41635
38708
34715
50103
44958
39257
11319
51837
40020
23518
40546
13807
51409
54508
16750
47255
17681
2368
53397
29468
19028
35728
27164
12374
48221
32943
4416
31970
7326
38416
5810
36517
58642
14232
29444
31700
39769
59096
5448
19227
25811
42827
34286
11643
46767
56045
42103
24343
32785
9275
54031
5900
8257
58677
14513
9741
39924
45868
44949
39152
56479
27004
14068
58314
41904
46987
42887
25839
51479
54698
31982
19282
35073
46071
31277
42236
1288
52321
8732
28100
48105
48985
2290
43977
19024
25321
35378
49152
56340
42789
32067
46674
51328
58251
20321
33649
36724
43306
34207
41734
46633
54800
39148
58274
19287
41146
17153
50745
38989
6663
27463
50654
46297
57338
56748
45137
51632
25153
57453
44088
57763
40722
41431
58317
23467
894
23041
24976
39180
57137
46065
52066
49321
50661
6263
12979
45144
53088
51590
34700
46655
37182
16240
57569
56394
49900
51245
27626
32697
45330
51631
52661
7634
9252
36624
3924
2910
17494
2613
42653
14716
34640
50502
30603
30623
55401
51209
23795
3733
52847
50781
38964
16272
59169
40669
59272
9486
22656
51152
53355
58027
25974
39478
41839
33400
47437
46161
10811
49770
56539
12268
16479
57880
43995
9228
7439
43823
41371
43147
49850
16053
40730
8452
28310
58344
25694
279
23575
15894
17644
21870
54633
33060
36040
10952
52537
18753
56968
20435
42174
6722
202
49867
55738
3130
5759
12010
51872
36507
49138
14370
45164
42481
53726
6278
8263
54926
33380
52630
23178
56911
48403
35412
12551
16495
16158
51782
40668
40361
46055
58347
14501
33422
57720
58578
18958
58977
45963
50622
31612
22012
13661
23708
54715
34482
37667
57530
32675
23282
4794
30331
49133
55959
7364
56522
39245
37455
11397
43299
8786
43766
41206
46744
57850
27717
45748
58623
41385
19965
28830
44508
30134
32638
40189
53374
44730
13194
58326
11014
14039
58661
37068
35946
25055
53500
47962
21356
49835
48482
23803
56006
11111
57994
35381
925
34909
55453
52349
45412
10994
23348
30086
55781
53150
29509
39130
34489
48124
18955
53662
53950
41850
42744
5042
28693
2448
5952
42414
57450
53291
34741
13976
28123
30184
56679
51725
56002
35579
45828
53642
50983
50420
3419
15560
11106
52002
47008
9721
15640
41872
57877
14012
44943
42979
10358
30988
42150
40201
53152
28257
40542
34212
4762
30139
13957
4152
50725
7757
36909
19290
34952
23481
32090
51564
36140
11471
12336
59016
56678
53236
13337
45759
42442
10174
56519
36444
23106
55344
14969
53197
56432
40585
35254
10691
45682
8565
34702
47042
36853
9270
49669
12476
39617
36526
32075
332
53625
12844
32430
42019
11019
33879
27490
43510
51333
46050
1209
42264
56971
31144
41569
49183
44725
26564
56435
36569
33104
23316
45912
45249
53084
30601
4504
47375
53864
46445
31854
35026
32810
26276
34533
38081
28027
57422
57889
55713
51823
5572
29437
57929
39905
1171
23327
53392
50744
45010
32503
15882
31993
39196
4011
56420
10446
30657
11201
31297
119
43032
23290
54304
49262
10378
5299
4197
18208
14173
52305
46358
11342
57271
2821
27956
39467
13523
43507
35119
12847
25616
12258
16846
40191
59219
37499
12504
52078
39942
29454
33230
36610
48594
51324
42786
30395
7676
32893
50986
3857
10557
23943
55098
37226
31747
45184
35334
5873
33105
46338
17881
59237
58478
26277
16250
56096
43799
50531
37784
53124
56673
56962
32584
15677
41362
48376
54990
41404
38681
41322
12957
56126
45363
25961
48950
57816
15195
26340
53110
9279
40067
29057
881
48218
46022
57394
38938
20372
6513
39955
58121
49139
20857
24393
10896
23266
14584
49414
43795
9729
47317
17
23649
1565
34179
25526
36298
52313
47421
38399
42017
50049
49027
49158
46688
49902
30664
56217
11768
34181
6222
42749
29485
40470
54011
5718
49011
34686
48333
8319
30905
53065
8256
48443
44430
33823
27812
1961
52983
4368
26565
35596
36054
40382
45303
42670
10436
48365
48913
20484
50507
56841
47228
14070
52223
44366
52632
33326
12529
49602
40520
53686
35107
11895
59188
36081
58307
25805
50045
14677
29226
6657
37342
7425
43018
9296
29903
20911
57868
18841
29645
45425
45159
56848
52273
26646
54522
19729
56205
1173
6086
55210
32727
54278
11717
53391
17982
14865
17822
34931
7511
48922
29790
48630
23820
53068
52766
58361
29201
25707
51488
35089
58257
57959
2211
48559
40304
53790
33645
54184
26481
22465
37778
47172
32385
2220
30843
35864
5894
28347
35620
45580
34972
10935
44592
39308
32484
40422
53737
7109
31033
1683
9235
16150
6466
43014
39900
40176
46554
24818
30061
34297
47550
52024
355
44937
34496
2092
53795
12173
58787
33385
48642
42183
18973
49915
36067
55444
39491
33704
13062
11311
19081
14176
17695
53530
41602
50509
57583
55064
12825
44547
46926
13928
51798
2771
10939
1570
35276
57073
54718
38118
40793
58906
31034
14382
45340
38784
49911
42282
52119
36620
52079
24560
29562
42892
175
51298
19259
48625
9776
36652
15981
37355
58794
50111
9324
37789
54833
54320
31266
59230
31056
51807
39398
16448
48740
49757
57098
12721
31815
49535
6792
41145
56852
24080
12409
13416
54280
35023
36421
11780
31488
17560
50922
33487
46105
34056
36309
53541
43747
42102
48863
27992
14653
13618
50558
42732
2087
33556
51624
49782
35911
55790
50036
19695
57285
7431
4693
30548
1075
50825
43707
34408
46260
32545
43633
4142
42870
9600
13813
57074
20364
16587
57425
56117
41631
9160
43490
15584
32826
52529
39703
3033
50520
23951
14005
36154
14276
31119
56478
7605
24392
8037
19773
16028
57359
11283
7167
43132
57441
24523
52518
28568
35044
33659
4117
56581
10879
34123
34551
9817
39323
56359
37801
20382
51545
47028
36992
40310
29435
54013
14397
30528
18909
42394
15270
41084
53275
22964
54468
17183
25735
50913
14893
13796
26286
53181
40804
39294
50108
40695
48254
35850
58281
58130
39996
25234
14925
39228
52381
16658
48707
50807
15262
22300
34152
5429
36155
21806
31055
17997
5743
16985
10157
11488
11602
32
32306
56960
34076
19879
15856
52863
55419
20336
4831
27214
35437
52202
18686
9528
36955
45409
36812
19808
41869
22941
5784
42692
58313
52
2505
29497
53308
36195
50190
17447
2263
29753
41644
49216
38792
31032
51167
47233
11105
2623
41838
37233
43559
40609
52050
36962
45938
6878
12060
19525
35480
58490
1933
33891
4122
24458
13427
52310
25578
14083
44133
58224
32494
43155
10536
27748
40389
57491
43333
27636
32123
38985
20383
42754
31986
55641
35704
33383
4919
53070
40461
56739
58901
36766
45958
36397
58318
10335
34810
45388
59068
6343
45287
21222
29906
31701
11954
41218
21542
29409
14046
7576
47564
28732
55278
24052
51692
42432
5676
5866
17896
37871
20113
41407
41677
44461
37441
56998
41209
41714
58542
39599
56574
20837
17951
47216
5724
37737
53743
36222
42578
53658
24552
44225
45025
57207
16054
14863
36314
51795
9440
48505
13158
52952
52196
58053
43321
55813
45410
13031
50550
11601
51255
53947
13839
27140
23278
57268
48071
35633
33331
23472
8168
14063
23957
54536
2101
43025
204
4278
39151
32042
29269
58751
58323
37056
7033
30946
29106
58113
58363
18792
42336
49863
39850
50820
41784
27621
57260
24368
38904
20464
48764
3978
43221
4209
51652
6855
36013
42242
23835
52136
45264
35964
19112
52711
47562
18671
26725
6930
54774
3869
59193
30137
40534
44955
37626
10786
47948
17809
34954
981
36359
10073
40579
55296
55061
53192
39894
43787
21958
41962
13991
36191
44174
6920
55564
49952
56762
47021
37184
48888
31318
10215
10962
36921
13913
33246
27469
12962
18670
39743
57339
41947
27625
8345
13664
13302
35339
37195
38463
50748
39699
47519
31164
33122
23791
48419
38526
50384
23431
46932
38235
41315
7720
9428
10440
56652
15197
57820
37699
39212
8522
26380
9263
56527
34806
37006
43423
48799
33444
30416
48761
58289
40209
54586
27974
41048
14970
18986
23537
5974
51591
4099
9407
35336
22068
16458
56597
8838
58243
29352
33525
24529
30271
36910
57792
52124
49050
18937
2072
9623
35651
3047
22783
32282
40117
7470
54432
53428
7403
57139
46319
20031
58818
25288
33194
35801
54443
57430
51661
10354
40675
13574
53535
45317
57247
55175
5681
18336
13643
41526
36957
50726
40397
53748
35531
51177
56215
10091
34210
31639
9103
48925
28068
24641
8700
51836
52745
6412
31391
58126
54336
34073
7552
45550
52578
11909
26821
13996
3714
16528
9266
11782
41682
41286
35353
1853
20707
58457
55221
51566
54719
5867
24296
52406
40656
19257
4062
47022
49265
15484
15926
10130
56252
19180
34537
20954
12634
50529
45102
33281
41301
13487
13985
43743
38843
5975
6329
55022
53651
54981
57016
1455
42565
52391
55081
13619
36960
40759
57912
43164
58522
41720
19173
57291
14096
41103
30596
13470
22805
19333
4995
34114
58049
50573
6368
44248
37269
18437
49078
34920
43955
57972
28758
45895
53342
42443
38626
34877
36789
34485
57984
56043
55848
56563
20477
39134
55380
47835
19435
33743
54387
55745
30484
13386
15253
9283
34540
57009
6853
55659
11192
29403
38031
32669
13567
42668
48541
19335
56879
31745
29445
2223
48856
48782
12975
55068
40821
34373
45232
39566
6571
31990
32605
58433
53130
28153
11659
41246
50136
47411
45114
57460
9813
51565
19852
6895
32135
58328
30896
9139
41115
48610
54328
32632
10853
32129
38544
10228
47713
23298
48115
14143
38819
51269
48510
46808
19562
55464
57570
34991
49017
58315
58956
14044
54017
49202
23901
34124
30592
52108
54692
43673
48754
6582
2156
44576
4178
41405
31359
20514
57750
54019
27053
49735
14878
18857
56206
7532
13064
13048
9621
7593
48100
6627
23303
37465
57299
4988
33261
51351
14517
25130
29290
37234
2675
58302
14184
44880
13189
19250
22268
39200
17552
38550
55252
10841
38623
6246
45954
54217
3561
48362
9195
39791
10230
41971
45813
53601
17803
34392
42421
14675
34019
19236
18459
413
36402
34012
30658
47580
43451
50736
53051
34158
53135
27257
43063
40950
9781
47647
25548
37865
57991
22842
41566
57968
15608
55798
56468
35476
43447
50254
50754
43015
42189
42602
48339
6850
46877
29304
40038
35540
34162
57099
51847
18821
29457
56554
37927
47996
46927
48622
54493
56922
50148
36317
44328
13231
45787
25796
38265
2069
24598
48945
50883
56234
4876
22787
26072
35033
38325
55956
33687
16228
6341
26503
20452
56675
32604
37923
50634
37374
56411
11460
14645
29883
53026
16489
22524
58277
36093
46282
57405
54810
41293
50524
51431
52913
52691
29340
10682
50541
56655
16628
42013
8308
54646
33648
58167
52635
33442
47214
58428
7466
47640
10116
30916
58775
31474
6826
760
34313
26201
9335
41922
34527
24582
41439
56847
39827
50662
34398
9498
19509
12949
18309
499
1194
58450
42202
57320
52282
23919
3174
4185
15668
40494
6908
49970
42331
56895
46418
58252
11029
53240
59127
36746
53017
48758
44979
15330
42304
33587
51058
46969
57755
42773
11924
50450
30430
54958
37562
51186
46524
56568
27667
46518
50727
51268
10198
51252
33358
30399
4881
39967
6079
49119
7694
18420
56663
52505
32450
12947
13846
33530
35922
45965
29801
9935
40717
21063
25303
39642
59274
43323
46056
37671
13701
2752
31113
7800
30226
20357
24008
28284
46415
50835
50436
18295
39808
34528
49935
52507
45943
38733
37145
16311
56240
58044
47116
54941
7354
51461
42007
37617
52954
13726
10474
41774
52479
14134
20506
58163
34066
41715
32608
36761
52698
56274
54333
48967
19381
23342
3221
17861
55154
15491
26728
46537
27351
48733
34459
25966
54400
52306
50583
23733
39656
21749
5889
47074
53974
51149
51869
51205
34380
37094
1203
13971
49036
8275
56664
6661
29531
40715
45935
22995
56980
32717
35280
45057
18824
53606
57576
9135
55190
4146
46575
34461
46970
51677
28424
37252
16296
58495
42784
17622
5525
16241
54965
39290
5908
55627
23621
50689
33186
7225
18855
52794
59209
56616
38200
53657
8513
43301
40435
56400
6426
7140
20715
57999
11431
37711
35820
47608
7537
26138
24078
56374
37448
48068
58054
51948
38292
13676
33653
26153
28574
13267
34100
53314
18234
29149
47003
51908
35863
46594
52857
36975
13159
51172
57956
27400
15121
41225
58051
3742
57695
2070
55376
47515
6477
42905
34882
14191
17933
17857
54074
57668
6398
45262
41088
22554
18207
29180
45100
53403
51150
50428
57662
10637
13731
36011
4192
41426
52072
28367
19634
45127
14373
57598
8924
17462
40362
17599
29657
39529
38040
55195
38244
50324
38294
2719
27403
25440
36327
39226
39775
32234
14448
53793
35058
42886
51578
15665
35614
57688
41622
9538
53936
45218
41668
3297
33006
57327
8942
26416
28140
50921
30039
6250
6032
26900
14753
38999
49157
39886
42788
39324
49778
37908
54324
14025
36339
54309
58730
47539
34922
7766
30159
42640
36900
3493
9201
49802
47160
29814
25960
37057
58036
28370
36793
36484
49369
42684
59115
10765
20315
2422
58041
50505
40252
13965
28127
48956
11211
47193
25688
8511
42091
20455
2549
40635
18351
51907
43382
52499
41883
41295
4889
54022
19099
31869
50679
28583
57842
57657
7508
58388
41188
23175
12322
32157
22854
24288
18838
7201
12802
49382
14821
51158
50417
41050
24454
55980
35435
54880
50574
16052
40263
53380
10341
19948
15755
46812
49561
50572
9180
37051
4481
41590
36553
48676
41933
56689
57771
46175
15903
29823
18742
37690
57479
42889
14435
5732
20472
52163
1821
53336
38975
48601
43290
15101
20550
51947
42948
13043
37942
35740
44041
43791
46603
40504
41510
51857
27642
35576
7547
57909
16310
49688
23948
36100
2416
55084
35316
43812
41338
48238
35365
5994
13245
44876
36363
11369
20516
1859
42577
51355
493
53015
45777
36963
50693
43832
44142
53738
50588
22423
12123
43377
41064
19510
55160
51663
48952
9340
16877
56694
15317
6217
55249
8757
18479
24738
7666
22121
45230
16234
53290
15878
40569
23118
45375
53145
49794
49384
53186
50832
13575
39315
54862
41925
15827
46536
41549
14884
8318
19523
57000
1942
30996
9732
49472
57556
36854
36287
22746
24471
51426
58290
8063
39132
11368
35220
30812
43162
47182
55807
47291
7931
42637
31270
58732
35502
42279
41627
12023
46592
54140
24297
23146
41099
21878
13695
50556
8152
58503
41120
51358
4329
43528
43050
4456
3843
41304
25129
34588
49648
53515
58561
5773
31161
38284
32949
33470
5725
38058
29451
43352
32823
3095
10795
37039
34111
38578
55177
35991
47177
35982
42728
34147
48392
31178
57357
41899
51682
36412
41690
23878
37385
37956
2850
29749
11798
50875
7485
22744
11668
57228
21215
53838
36560
19912
23285
9774
49884
49716
25842
58197
14078
49116
29953
36378
12501
53999
21216
15986
33828
2408
40322
49096
29691
48899
33888
8279
24878
52535
27693
37739
3755
30540
39105
11353
1982
42563
29898
51724
14747
41021
41630
57838
9465
46305
55688
9083
57764
57670
18882
35489
38165
6525
40286
37132
13712
47418
53318
29049
29733
43871
12147
23785
37615
57043
56428
43067
46899
6781
58905
2
22266
30426
21644
52710
52884
10601
47017
9761
50333
54065
32459
58231
46625
19462
37061
57414
49642
46392
39487
57368
47767
32917
11811
56085
23007
12421
39753
35410
19769
10548
11082
33216
21551
53933
40432
43870
42405
57601
34488
9854
18907
48926
44352
37900
6626
28737
13920
39343
1509
42829
29392
30755
22779
25687
3884
5019
42179
50132
43493
42291
52729
57385
28164
54331
58737
35534
53968
51305
45208
13089
48719
45125
43837
52527
57636
8744
32626
16295
30268
8898
50925
42172
56550
52106
33887
19263
36429
8648
52686
52028
22506
13336
42383
39087
47910
43749
47846
22260
14329
44406
58423
40305
3837
31222
47918
38255
32311
41336
14712
51536
14710
43448
14814
38223
57234
50237
51189
24186
57493
39498
54348
51018
45234
4208
43180
3357
3532
16350
55167
19653
11711
55875
43720
14657
22400
50713
21778
17898
40174
50416
34740
41083
13941
40707
10885
34697
29021
38201
35842
50851
27685
14026
43483
10959
47082
23859
9820
57983
39331
36290
41359
57220
57115
26568
34103
46736
37875
46385
37058
35323
34112
42643
29760
57803
10577
22206
57028
50717
57310
51959
10804
57376
42164
41390
38234
47733
34015
50578
47433
28632
42885
42420
35434
32354
49234
34572
45907
58557
28015
45558
49502
50739
57126
56094
45737
13164
35632
31484
56650
44348
53201
58912
11085
53297
501
54364
32774
2152
42416
58108
4833
47077
24945
10888
39994
18884
37515
18022
56653
32654
7020
38442
22726
19408
7230
12760
57105
8574
25157
43300
34883
19836
10592
38156
13412
45178
35769
42180
11667
53212
6900
5797
19289
17508
42743
42396
54627
39204
2763
49072
59087
37733
58416
27343
47586
45426
41287
48739
7618
56139
41731
30931
53263
41873
42308
3271
22228
56924
32763
30752
46266
42665
29034
35659
34269
31180
42326
55229
50376
50765
45771
21799
40901
58723
24111
56425
51349
57669
8679
3836
38822
52931
41257
29781
42003
37736
26363
22737
43409
40160
32665
2656
28588
28918
10717
51871
46907
47546
38604
55630
38285
32655
45146
53443
53099
53644
29663
18259
43502
6755
23225
38515
19355
55272
16165
58903
35057
52719
47497
33375
47442
28408
54946
41210
52320
26839
14166
47947
50039
49129
42494
49813
36512
42631
17710
4903
8321
34067
54793
42774
13419
56084
18728
54753
37612
49750
26402
16199
42959
6870
29916
41423
23288
18972
46630
55512
16173
13811
57998
59156
57616
49693
15737
11847
57505
41580
38212
30107
58015
46351
14810
46288
13982
36297
57389
55920
35972
36020
24431
28992
39387
45537
54454
53317
2171
52644
49067
52221
4987
57565
23305
12083
33647
56992
18136
23904
44545
47583
3067
40313
51478
16783
40740
45951
31163
45183
41173
57817
8223
37810
40402
39272
33339
38633
58039
32736
54730
37464
44272
15102
49245
8352
37033
59111
8865
11863
25585
35413
4465
42547
15522
41112
43506
41061
40411
30230
37652
45818
19047
1915
32620
42558
1465
7916
25846
37197
53659
55153
46317
54816
53903
27154
19415
50089
57059
14069
2657
28286
36577
26896
46344
11758
40785
53175
4091
25493
50675
52146
54525
52114
26344
51238
19817
56677
48193
35186
46321
52984
43968
40828
56856
42790
53499
41467
14734
55253
3166
33543
18296
40655
40282
9240
51819
44817
2867
3206
27629
915
22586
16868
56339
8666
37754
52918
43583
2007
39494
50253
56440
47572
34131
5227
7652
47802
42170
10714
58050
36899
16110
59170
24318
43896
34218
41606
30343
42917
45768
53621
20189
19709
22168
49754
56458
16233
57408
55778
12753
4444
23427
52225
14955
57420
50245
38170
47058
7975
44975
25189
25135
31308
23895
46608
33589
45066
35500
42266
30301
16621
52928
10149
8463
30283
22148
46915
48345
19164
44161
45746
23893
33963
36337
58654
41252
25393
58352
11618
9505
50150
9061
19246
37631
48072
19553
29859
7221
33080
44021
48653
47494
18464
43861
34911
11432
20270
26149
56537
20711
23466
37978
24340
38953
28876
35108
39220
43729
21910
28362
18445
1954
45811
41010
49334
50695
48663
57933
40826
32425
11682
3145
56029
48222
47135
45043
44415
57049
52099
34171
27999
50731
41893
4488
27714
446
40354
32304
10936
51699
49402
45199
17655
53148
34326
9866
34820
57109
27429
8704
34161
53271
40527
18868
23077
20454
11619
20220
53180
39792
19237
5282
7760
14687
53735
12890
7452
41516
50022
56313
50571
13338
50831
8801
17967
32156
56608
58897
32948
49387
51437
37341
45105
45374
57861
25211
11021
36908
27232
40862
38239
48995
53362
37277
36754
42945
33212
34554
2716
57143
56926
57989
57290
54660
32196
3158
34453
22988
14694
51760
47246
52157
40973
45070
29766
45371
24306
46582
27786
19506
29148
42672
46304
27480
42597
39261
2306
35344
32495
41337
56959
48341
31256
36246
46647
25451
39176
3238
33666
34949
53513
35406
44978
19194
48142
42417
42253
51007
43432
9225
33440
33271
45163
5887
59139
32888
14347
50072
50718
38532
9906
56990
57866
56646
20542
33917
6049
13744
24524
42937
44617
40703
48441
11058
41843
51011
55899
9034
55858
13932
52519
11614
34734
44887
58016
12174
9268
22532
38257
21164
56704
53603
14111
36016
37868
50812
55977
34596
38588
8938
55042
49567
7400
15359
51068
46722
45817
9511
31765
41144
4890
19507
45460
34407
45852
19339
57309
44871
18308
49199
41963
23604
26442
15962
55489
2305
27793
41283
35781
51321
6208
42468
56984
14100
46134
4092
8326
23798
1232
14014
36005
44149
56526
27027
36939
54666
9248
29469
49748
38542
25460
47438
58404
54601
22920
43481
42162
48059
39103
48373
11097
53745
15035
20912
23162
45352
58047
18271
39095
13529
4976
30797
42138
52896
16527
41576
57116
29263
236
51386
54741
18765
46407
6646
34289
27797
44739
17354
50720
31808
12965
22217
44224
38866
47043
31045
34427
14867
12574
40063
26603
36217
28949
51646
35185
49638
52085
25299
10655
42976
59155
25672
82
54347
37832
48232
34458
3385
2035
11637
20465
34476
16580
42092
45901
36994
10449
30366
36160
47361
36568
33641
46886
34629
54085
48179
34206
23754
58399
49469
4387
22558
40289
52151
49786
49881
47476
6387
36379
3588
52115
50064
7450
18866
3864
45973
40626
41791
55119
19454
26720
42026
45095
32290
58683
6629
26478
49440
29856
56726
54115
50842
36048
50827
42573
11559
32575
42077
57111
40056
40852
43500
54129
31550
46658
41011
20591
59255
1228
26224
6337
43973
36072
56515
2568
48307
45940
38495
35302
42872
19728
47225
2208
56051
54979
36028
26024
39861
44999
11784
50640
13768
35656
3302
18834
19269
28649
55517
30942
24102
40011
10256
26294
44916
56753
43389
58582
5796
36886
38967
3156
28328
6633
42422
35308
12692
11554
41664
17631
39231
58219
35092
46267
47068
34718
7981
18002
38914
50079
19447
44168
6315
37972
47522
30639
40159
53787
7404
30327
40574
41894
54772
5394
27597
48086
36915
50523
18466
14462
29376
5884
30534
25598
58115
44223
4892
2673
43317
35160
28767
25665
1880
9517
19057
31822
41540
42512
23304
47065
50511
51214
30897
59201
34766
13711
36831
41665
58412
44832
49386
6485
57981
40781
1540
10681
36113
47806
49370
7599
35848
36328
23691
59010
56970
51262
51065
41858
49293
56211
56164
8561
40471
51163
44172
30955
54274
56101
31182
46069
26172
47651
53976
47978
55929
7319
34788
22190
14718
51391
21411
48209
57737
31896
43920
23006
35672
589
40517
39096
22501
27615
47498
50856
38273
6845
40019
42722
58827
57590
21634
884
7303
58034
10658
6185
2695
47968
51352
41273
48921
26519
6206
45939
48242
34891
39972
14715
46294
53663
14851
19798
27989
15361
43737
10768
32583
11609
55277
52674
35952
53112
52112
46512
34580
51822
30535
42159
6031
51037
36124
15283
37638
43242
43462
4194
54736
38159
23257
3825
41871
54301
7039
58022
52169
33748
776
49534
25481
42778
56259
50527
33508
51635
47212
42136
15864
51451
56905
56991
3270
42850
21659
30006
29797
50743
11718
44717
2707
46645
28808
11483
12182
56801
11513
47398
21384
35731
36125
1909
2463
27732
27325
50751
52118
14862
40380
20604
25702
8510
42733
47666
46139
42435
25938
45769
45186
54416
53357
37996
22314
33703
41384
27342
6822
44563
16508
14418
37093
50709
35335
44647
31330
57900
46951
15869
7203
44125
51645
34858
1341
28136
41366
14555
39313
49086
56387
48518
12297
23235
56392
38762
5727
52683
5822
45225
54618
40664
32643
52587
46805
7630
46205
17426
17871
28352
24979
15970
5877
52473
26191
56843
13376
52582
47560
18071
9525
12279
3235
33437
58180
56559
6417
35212
9251
58258
1099
46853
58698
31368
41033
42546
50077
49528
51064
7315
45950
17558
40731
56824
36579
29945
44776
48191
50418
40946
42523
57418
34641
5546
53538
33258
18285
53062
45837
50806
55820
5874
53805
42751
29543
3724
25473
33170
14194
5692
43232
57221
35440
35061
47496
42175
58021
32228
46248
18851
10956
7371
35884
46382
2166
35244
50846
35759
58181
48010
56417
1021
27614
49973
16047
33483
43790
45408
26027
56133
42599
59191
55012
35551
1693
8145
40789
26743
22637
23078
58504
38389
48889
264
32312
48499
43540
22582
35951
15629
32068
41571
15740
43399
18410
31151
37290
40167
45308
9426
3159
16633
53705
28953
598
53095
38211
48298
26574
7663
52411
36130
50653
59050
38360
53016
28543
37491
40971
10527
48089
57431
44743
59224
50477
37495
41529
54546
43857
8754
50703
58629
29756
36164
41361
55063
36603
58766
18969
47906
48052
41608
45956
35992
39981
40351
2149
57250
9254
36515
57897
58520
14540
30670
41198
13139
56112
56813
1050
49809
11194
29138
57675
40777
38771
18135
24184
56225
52414
42995
25280
37529
7393
51103
52718
23233
53154
36775
38637
57210
30556
58385
57745
36087
45492
56919
57905
42676
26490
15988
31969
38824
57472
476
52148
39327
31537
45244
52232
10294
27315
41673
56538
36834
54212
42314
13078
21197
40934
30333
56402
58122
40592
27396
35310
16517
35069
53434
28971
33462
25421
53985
49454
41577
37545
53645
37467
34893
15460
11026
23043
33796
3164
57971
31477
52619
6487
48703
59205
57465
39404
14521
10004
37742
37578
16082
58974
41087
40823
39388
14156
14197
45093
19202
34639
3726
58376
16185
47738
14327
43822
30413
40838
54323
12997
12921
31615
30035
46483
43897
24731
54055
1415
48954
42488
40345
46276
47181
28973
55471
40912
59164
34904
20570
38531
791
52976
52807
20702
52708
42204
21189
51574
12276
41282
16949
27434
9291
35937
56212
57548
23210
41019
11069
17097
55991
15431
23922
18480
33329
54902
7711
16193
16210
11035
46930
16940
36983
46709
4187
16895
55465
28638
57242
36346
26555
35746
24592
22938
57808
44755
40348
55432
12855
4339
53056
49576
46315
4424
47489
14017
45014
51107
50485
37640
46291
42758
57190
31468
50368
11161
8388
2340
45854
26749
32301
10886
39112
39188
6231
22634
51424
52379
38652
58919
39881
35589
43178
46711
41876
28627
23539
37217
8368
20265
5403
487
27619
52481
53304
18186
37959
40114
35450
18922
54734
37365
31204
53348
31181
18818
7270
29984
1908
12401
38374
24828
29793
40450
55161
54787
30415
32151
58269
37315
59163
40829
31197
36156
280
23940
22032
50559
47689
37103
2292
7049
42227
5865
11945
49112
26094
57638
25428
26731
57857
46971
25133
31481
27873
6046
40725
31782
41932
42562
42796
37731
50070
7530
38125
19260
2230
3022
53366
26866
56850
28305
35446
25692
40767
49635
42926
41641
11770
42286
35504
31951
30052
37105
46732
42891
10842
6434
50962
37866
40744
42580
35363
14892
30696
53597
46564
6844
16248
35246
5944
571
39626
10321
35371
34096
40631
27876
48076
56186
28365
6671
20235
47005
27527
33634
32703
22350
54150
41952
56462
34912
56195
23853
52574
44632
57936
759
15583
44824
41575
27723
53590
1041
29288
51688
36256
34541
57068
6486
24801
37152
39985
47997
37890
24833
41078
46223
12840
22695
48165
8517
29669
5481
40270
50614
8640
9981
48182
11515
56177
5716
44928
45848
36057
8420
36869
47492
35084
22162
46555
53615
52464
56536
17988
18322
11032
33231
31192
49991
10604
57449
56582
51832
32556
32615
18258
45903
56388
32346
35031
48878
59048
11453
41016
59153
2784
40627
40434
55197
51879
9311
42046
5752
24872
44923
42224
51664
16337
25590
55227
15033
37760
48036
57798
23402
10646
10355
2665
9437
41671
49803
44332
52717
9796
50603
32574
31087
33242
46460
2202
41834
55572
43341
28239
6522
52588
36676
55164
51335
16522
37210
46643
31801
44609
15203
23416
19441
22307
10775
16651
36433
14218
38018
31879
56545
55479
48787
47680
26100
7160
42837
25237
26328
44409
13305
30115
34662
25700
18503
5036
12072
50087
39536
58223
15562
40607
13907
19776
59246
57045
47509
47427
12339
16636
35332
58581
45619
50288
40961
33716
40519
58235
4137
115
26569
31438
51561
37540
5837
21006
49410
6565
56875
57726
39866
29191
4342
16831
38527
39049
55622
28716
13415
54329
10678
27660
36776
52517
20510
34467
54836
43440
46792
43154
57779
14880
56682
54343
53431
50033
33561
58236
40997
39211
2243
42213
11833
32859
33266
43603
46691
50633
12931
31414
7519
28724
7215
57121
32057
15779
13530
56907
8468
28555
42382
1202
39348
48430
59058
33853
39502
54250
47829
21788
48439
3749
2972
49736
40887
35646
31042
35750
26253
56700
9087
40116
38240
39131
36742
38033
3722
43243
53692
11605
42540
36118
23522
2840
20188
54822
26135
33234
54748
58743
42947
58172
29708
51056
34751
17884
50255
11389
34021
10383
46494
19265
43652
56680
44275
41176
47842
32480
40988
38115
33276
12438
50491
52685
59082
39029
42440
53332
2246
10738
58682
8975
1256
3080
45806
42444
40409
33831
18169
39424
40640
52894
11654
45361
41508
42907
45851
56137
29712
7850
35032
9639
13812
34918
29585
34653
24791
2062
7019
34024
48062
8090
56658
53647
50015
41468
1114
22154
20288
57604
6877
43497
33059
20154
3242
22795
41837
47425
42310
33003
38907
48516
31735
41254
31829
41175
34943
4501
46760
11020
4306
31445
48189
44103
6415
22738
27688
50006
39449
37804
17576
40948
40168
52733
50795
49789
30904
51432
35610
49858
52086
58048
40526
20393
9213
11092
58092
32957
12505
43415
28838
40537
14060
48735
8497
17407
56639
9681
2482
48987
31073
52267
27810
38679
49364
33677
36882
28894
15029
4254
25498
50399
16159
46417
41157
9073
35021
34945
35229
58383
52939
10050
48444
23986
28025
8609
4599
56871
40302
47669
41153
8867
28205
46710
9211
34510
56591
14752
18165
38194
40658
1645
45928
51777
49666
46283
9494
56382
18467
8944
38965
50029
37399
43625
21575
35827
6195
40161
12608
30382
34295
36025
41505
18933
38387
55075
13373
56116
1654
52812
24464
54755
20566
36845
52579
58309
51367
31016
46009
53002
9164
49697
28923
9675
53327
18685
44882
11763
33253
18500
5339
46986
46546
9526
35328
4106
32336
28342
23636
56138
56709
11329
46590
43602
48458
34481
38154
48389
46811
15637
37386
29388
21949
18403
49917
2112
38276
14064
5860
45812
58299
34898
45354
55829
24477
49131
29896
34253
44296
51621
7806
41573
24769
26878
48046
57883
48687
35789
48848
13732
50620
26861
50317
34760
51143
32353
44574
49134
57802
8001
5776
37937
49815
47434
43404
52551
29387
33729
71
21424
51985
40819
27747
37588
45449
12321
35198
13601
54523
28276
3769
29010
19689
20225
23700
22454
9713
23124
23827
31231
39552
12995
44043
8284
49701
13219
30729
28369
32639
58565
55500
4309
42873
39183
39562
33830
33343
41324
9269
40074
58660
34774
7369
40021
17941
33909
51216
58343
12821
29798
24546
49051
57594
9908
23238
10649
30686
34708
3286
8052
52424
44976
35264
34577
12312
20734
49959
12741
11585
39171
43284
58131
49304
51562
53119
29268
45083
59123
43664
48535
29402
56049
35573
37820
37411
38204
18176
20593
13849
29676
50562
15611
56966
34230
30236
36551
50840
52696
17966
40036
34349
58451
31963
57976
34742
41281
39135
23179
13200
3030
14358
36097
30077
20498
41328
53466
46961
52593
41309
53208
23065
57466
57123
50555
53697
50926
30354
33933
46093
49890
36220
39371
6184
4238
14457
49553
10958
7932
43287
54101
24145
23947
42618
46440
27703
2039
30004
28047
57932
14300
56542
41828
53339
30432
12822
35433
45969
16909
9604
50459
49838
34736
42076
37245
23038
49097
15803
41096
38288
55946
55286
44369
39986
45677
15194
57091
4807
42549
17063
53073
39295
39281
17571
39381
44519
12686
27575
39122
39186
51993
36998
58242
11658
57424
58928
31908
36872
40294
37960
24295
58160
