14088
13395
46257
43637
35161
34929
28802
47575
56918
45552
6584
54951
43546
23203
50628
51628
2044
28234
30856
41885
50327
46374
47282
53048
48277
57944
52949
45399
41406
58700
52208
37713
57004
42608
24549
14804
16821
8418
42781
22239
26261
46024
7743
25459
48766
12804
52848
43881
43612
37348
23721
4477
46129
30706
4317
1498
57108
10502
46819
24197
23786
49585
7767
32210
32027
48144
36080
1156
28636
34271
38067
45788
13192
27054
1783
14363
53785
6846
48639
3507
37096
21115
26212
29661
31255
4772
7623
59273
39557
58544
51541
12002
38615
55162
47952
32968
37450
8560
845
37250
38192
14006
6464
48486
22211
56865
9329
20150
56324
42897
22880
32686
40027
8332
45997
15131
25253
50498
58946
50225
52011
6536
52109
35896
50935
8365
48664
55273
42337
29954
4311
9706
28007
28383
23409
13276
35485
6305
43194
18939
24236
33699
17210
45478
54306
7075
31707
37668
48794
32084
46148
55652
39839
42192
4321
8397
28604
57002
695
55391
16401
12116
43478
47296
45084
18373
49167
31656
22542
48164
14126
5684
1309
44150
58
15899
47533
36728
27314
35519
59108
43121
43946
30974
44017
43915
48056
11813
35081
22193
32365
53083
59165
55982
10987
8749
7289
38903
49033
35455
43926
38861
44189
40151
46743
3579
36169
1762
2002
47848
7322
46143
28625
19137
47528
20862
52094
15660
27799
41052
36032
38269
15474
54187
28330
8696
51032
36053
42808
48017
45188
50850
49510
48906
53359
39982
10369
47391
52422
29976
1179
4909
35654
32174
17756
44173
28933
7387
57160
30403
53165
44616
41544
16016
34259
31933
25553
28593
17386
18409
54554
54602
121
50352
10214
33698
1485
20915
25568
36777
52049
52290
30762
47144
14381
9106
5519
31965
30668
30655
44960
6127
56950
46768
59190
33396
2610
44724
49500
43246
45158
9246
35005
58099
26248
52059
48607
51843
54955
698
33937
44618
28282
15907
7499
54555
37664
12708
10289
20478
6935
34200
23460
20298
51581
53040
43981
6399
34659
43363
45170
50106
40748
33867
47500
42615
55213
31810
55303
36037
7524
31399
25008
10676
5011
38522
58889
29951
8812
25778
47544
25853
24222
49760
27815
47783
7125
55096
8357
21137
38827
57916
35843
24018
38614
8663
48045
40706
40061
28397
55310
58657
52155
32699
33986
227
7006
53668
23054
42983
25884
59055
37321
33725
40511
47165
1574
8980
42690
58567
45076
27208
35456
3796
24076
40881
46021
46558
33498
48708
2363
3438
12673
31677
44891
28402
53932
35679
48885
53832
8305
56277
44382
56506
1496
7943
50332
22987
35548
57572
46353
47642
40801
43550
54775
43949
44042
48858
21784
13006
43659
43139
30576
15088
39402
22849
36669
38745
44800
51222
52067
30
2128
34157
37568
43722
52516
47448
13802
1117
44507
10423
36773
5683
37863
21479
19096
38922
21186
42747
37415
52960
51971
11031
49075
19455
1229
31090
4662
57701
40963
40670
39795
2670
54064
39203
59121
15553
24773
24665
8912
30749
14756
50124
50764
40043
9191
6251
30373
39425
51484
18036
28665
11480
6435
36041
8958
28390
32464
43196
53885
9745
8471
12459
53282
32109
43772
28614
55336
51671
46373
54826
38335
53827
49872
37481
7673
39609
50230
24045
53012
6666
37308
57629
36663
51891
24325
8745
46025
20563
10032
52886
54089
33132
32510
46543
47909
22293
43875
47987
31498
22178
43442
1129
48702
58246
52909
55092
22653
10030
21156
36846
40266
24938
1387
10202
31145
37007
47888
30195
19253
42977
43394
35763
54438
58935
38897
49925
24743
38893
10380
53593
154
50358
8359
44132
59018
47742
1722
6797
36751
31959
47915
33536
15228
44789
48632
3692
35836
3180
1279
14984
35557
50630
8316
50878
39472
18630
21666
35695
39682
36126
38275
47484
28277
30748
57805
36344
30265
57917
35094
18527
51613
2497
23749
51020
44446
37048
55091
57557
45420
41511
54568
38091
2214
8347
30570
37962
17818
23458
49919
54582
25777
5659
47505
21861
48965
34921
51989
12879
54605
46070
52186
31471
46606
53113
35414
17705
35404
33741
11222
30424
51842
38063
44068
3948
27211
23052
55258
47856
45248
4294
9433
57689
26168
50721
29484
10184
57924
38453
14316
43874
29131
4886
53512
35871
5906
36269
51991
46423
40460
34345
36250
22459
31135
46247
19992
42045
55766
17690
38576
51499
55187
24066
3446
35395
40798
52467
48485
31767
10414
46906
54574
38252
39053
39965
33474
52876
41613
39603
7784
13950
7515
55309
49275
47253
58278
48511
47125
42931
30322
49924
49392
18087
50041
10800
37349
31791
57996
54171
23857
58297
15769
2115
19657
22895
39527
37558
42374
42656
23672
52515
40356
13821
39639
41919
50019
8439
39948
42623
41348
17172
52295
50110
49762
10
29390
48614
41344
40099
41127
59268
54841
13401
14948
54382
41759
39953
47809
28859
26797
33174
27867
42112
32772
18440
19935
50577
56621
15368
27850
43954
13123
9668
27416
52431
39930
24588
59074
31813
46595
43798
54354
2229
55083
81
40632
1618
9916
48792
42767
39195
26931
43127
36103
23516
40309
33938
41051
36050
36389
13393
25769
41263
54832
44333
12328
52352
38872
17255
34228
53938
799
39962
21794
16699
40480
25194
9703
48955
58560
23086
34283
10466
38366
49898
42734
32592
42812
50271
42082
12085
28094
47298
28713
48964
44645
49529
47765
51867
58455
46498
55198
3581
36936
8033
51482
55321
56734
55860
58458
39913
55188
34306
39026
40320
29370
17833
50003
55078
52993
19029
30719
26780
37539
3808
49988
41036
22421
7703
44376
47867
15580
2203
52279
41114
36820
45517
59008
54600
4722
54025
9897
22013
48080
18991
37763
9165
29614
38434
46911
40015
37010
39126
55603
33166
25503
6442
39298
58820
19127
2477
38645
37993
26507
53815
38707
36479
52501
37581
53038
49846
16962
28956
2213
17918
24305
47692
53868
39860
6463
8424
54015
528
8832
38595
21241
29825
44338
40747
49876
17254
25850
6053
36917
45986
21190
53057
1444
49519
50287
31631
27573
5774
51166
43730
39386
30989
24892
26798
56883
5698
33738
47095
40760
2743
52564
18548
33836
43773
48861
13613
47719
39874
53347
58006
517
20425
11133
46690
30351
54441
4698
27302
4131
25231
14724
30176
35772
51694
55913
46361
35598
35873
47175
45764
34261
43553
9310
53797
56551
25220
22651
47454
51452
49190
35460
50390
54761
33352
35136
35594
19753
43751
38521
45283
146
25763
26828
4917
44367
25748
56024
8122
57238
44098
47571
42923
32671
37878
9635
34049
10630
30778
1664
10272
43878
43748
14789
38945
42929
30336
43230
55482
23635
30587
41422
53402
41977
43680
27572
3402
50394
56805
33894
17107
43461
58779
42925
35949
32420
35303
54825
1497
25602
11254
23173
27130
1207
55021
40577
47693
55143
51522
43309
52837
57506
50012
49827
53305
25448
9286
4115
10531
43225
1191
43953
30492
38863
16035
29169
17873
57124
50936
8009
22416
44573
31071
53952
46896
40307
5531
30316
35852
38669
34296
25780
47264
59228
16219
6985
50141
33905
38347
31118
50949
41937
24601
57925
34098
38535
55996
47568
43622
13083
54314
29449
42519
58465
33759
39210
50053
55029
47126
32217
56146
7044
52617
29779
44613
8447
50052
34673
18592
33628
53089
35729
49717
38003
40794
6074
35824
49650
44191
39266
50659
7746
35547
4400
52329
38712
42049
7352
1270
17184
8340
44593
34615
3425
47271
52615
33289
58548
58062
7636
34813
58019
39585
49859
47940
18683
54911
32677
46099
33082
43654
36858
38268
41342
56483
41709
15090
55157
31588
52300
36753
25412
25442
22769
52903
49480
3226
1590
40749
33084
2711
23916
49172
24321
11615
12183
51146
19543
52404
26140
8540
44674
51665
10488
23825
40918
50747
48284
53725
38991
28943
29492
9372
2258
2364
38027
54257
33169
36859
34838
39465
36065
55017
48411
7388
40150
44879
42424
53588
24196
41496
1143
53458
42513
52654
38800
34473
26283
38321
49807
30891
51475
48049
33765
5621
38028
454
2146
51228
41645
53687
34429
54275
53825
21504
47284
38353
19310
24003
53913
58575
32362
45012
31283
9232
50636
26684
2196
25993
54814
52149
44218
40662
2054
32587
36667
49913
25608
40709
58530
36043
44768
54879
1557
15223
5555
20901
7716
56580
3304
12795
48680
1477
5422
38471
18314
44662
41638
2173
30685
1971
23163
54436
53560
43298
56472
18347
57915
54933
42475
40455
37264
16325
13860
48635
26622
17510
40549
55179
49278
33548
56286
49153
55562
43606
35184
28788
37494
43337
50990
51509
23685
49883
36007
55433
5397
52461
15192
41799
1879
33884
47801
43430
25639
48864
18157
20696
35915
38667
1819
57687
33760
10964
48346
7157
30913
36591
57298
27875
3203
29168
23774
36799
55566
44076
4679
18648
17875
15810
24686
57096
11144
38747
50054
567
13096
53956
41874
24904
50626
57110
48744
14449
1445
54970
52247
28030
45190
29695
36658
43374
49886
37934
30798
7667
23905
39958
9319
12903
53472
25729
27005
32250
50791
44582
35407
32911
54857
33218
39376
373
12514
24730
5489
1926
9277
45484
35196
52052
31363
19508
52488
47905
27224
14830
34497
20727
35087
55679
39293
6823
46798
36880
17910
24907
14178
180
55546
52520
23667
21655
42073
46628
42378
5259
10260
38237
36978
47951
37022
44996
41430
53190
18041
42373
48039
1048
51353
2432
20689
48620
44688
40137
8993
59216
36873
42543
57155
53437
50419
31176
43884
41910
27980
35869
45516
21371
30069
47273
38939
54258
29783
54038
47782
51316
48016
49606
18895
36802
10486
37770
7327
35627
43975
41753
30621
21663
31532
54889
45246
54267
26854
9502
27829
43641
14486
37860
39774
37230
1442
50940
16006
54720
50793
20966
23559
35074
46120
35762
15773
14520
31037
51080
25162
40496
35969
22989
25630
20894
41168
55343
45864
2303
55255
34266
54352
47984
17463
35477
47045
49921
40314
24968
20423
57637
51097
36074
55712
51923
27176
10278
37633
42551
41214
35129
22901
49526
52585
30726
41745
52008
9345
42131
38248
22039
2003
43513
39354
14665
24225
57659
56628
57058
39468
32506
43239
33555
43695
38520
49800
4384
48488
35236
43640
4802
45992
54529
56511
29711
53784
36991
27933
33776
46857
25052
47648
26626
36170
26710
30388
52666
4877
51940
26317
55435
4738
35986
56025
39316
33943
19566
48127
4147
43452
40041
41192
51289
30377
36940
8599
26668
4990
14785
8473
38668
50247
30418
42056
43085
16079
30953
50931
34568
55957
36375
32547
26659
54229
46939
52271
38312
34281
37957
35998
45862
53254
25720
35652
36905
46874
43574
42389
8450
43762
51526
37384
1243
39760
38664
45430
1043
41615
49710
15048
37396
50273
54370
34045
16768
36294
34989
47477
44405
23108
52567
15049
43460
19153
36922
1845
41119
16162
30225
40685
53352
47566
21482
36260
14797
38053
57529
44721
24307
24107
57995
57329
22561
26435
34755
36691
54935
33721
39252
49538
52494
1807
36518
48903
50028
10626
55757
39048
2356
45994
58674
25803
47534
23296
34201
38876
42991
47609
12309
35342
40082
16046
11960
41009
36764
44093
35902
55916
33982
37119
37071
8313
53321
54922
51707
43718
46995
7643
27695
51267
48879
13801
39520
29991
57438
17868
38025
54067
16738
27079
57088
8615
35761
8051
49149
7360
33549
44116
13938
55392
42497
58221
7528
56476
50763
48968
2881
44401
13202
19418
34707
37587
592
24498
10978
38072
50696
45008
50996
57294
48988
23496
35312
10031
20295
54817
1577
292
14530
29795
55156
38744
51184
246
33614
45443
48148
43425
45044
44932
39794
10420
53923
19710
25409
3387
58038
47837
39213
6038
44962
37313
46028
54867
51701
31744
48661
50944
56308
8855
50465
53877
30376
37433
39871
48382
45250
40333
37717
56784
37787
41447
34719
28608
51962
46721
41854
45523
31825
46704
51601
31344
58114
38624
53468
51636
5445
43646
36033
16
58709
11173
30669
36597
2324
41450
51717
13969
25567
56543
53097
24522
47119
52684
29503
28688
22517
48829
37070
45407
19475
9672
2245
24903
8221
42658
40165
32432
38149
38164
39481
47250
26391
50138
37828
56766
2018
47020
35819
25338
51404
34358
50596
6601
41159
55656
56619
39335
3521
4180
3374
32143
28318
11551
7493
25725
29178
37430
57344
20369
28852
25774
45444
20752
43642
23987
8963
12493
49631
55846
43925
25477
28520
36439
16782
6153
48160
55270
23638
56289
38974
48268
53772
48336
54486
56561
55305
34761
9617
56600
57196
35062
5416
33398
31539
34845
45391
26320
46354
45960
5909
42745
45122
13689
6484
46462
159
32261
58552
37735
13652
38279
58338
58486
38631
57467
36399
50694
40452
50200
18011
16511
51013
49516
46287
534
6707
32107
38242
7910
55158
42351
2111
15966
31147
2021
49316
40728
58669
29716
50642
30174
22527
24593
21261
22225
49450
52245
24355
21746
57019
35329
3492
41308
33005
50975
48233
30044
50282
53337
18832
38315
41392
10493
49174
45564
33829
40991
44201
1815
10339
13067
19384
44635
35331
19347
49182
39256
7650
50818
44858
33204
50241
55819
555
5694
59071
36647
800
23542
53294
48426
6662
2293
27691
55405
38177
51077
57054
43890
43880
29800
30296
33018
36465
20598
35709
47186
24495
47639
30000
41515
6914
58476
9782
35143
52809
30834
13612
57192
20967
11404
58877
7856
18174
9305
54760
41582
25210
51445
24455
46712
3744
4520
26275
22907
55304
38092
54252
35148
9375
58432
34666
51678
50974
26361
17218
19831
18413
55755
42848
53924
54126
58568
53837
49053
58140
8675
54170
36782
36388
46875
57519
49810
51666
33482
12828
53887
39879
20496
16915
35114
55366
23883
19080
59065
34468
16672
44226
35940
9089
42944
57153
33513
44158
19504
30016
27077
25563
2488
24857
27161
5495
20067
39635
52456
27512
43320
55894
45861
54181
15949
20582
4289
49436
14839
37082
11116
47723
30272
57382
34777
11625
52314
2496
48855
45278
25634
31407
34610
31921
57794
26826
54956
3168
32183
7978
42477
4746
48842
5904
7964
17417
46965
40441
54355
39845
11872
48199
13013
31842
41710
41500
53912
41607
34389
6316
47991
24653
13334
29971
8306
6994
50995
1550
25294
47526
15046
12444
45855
20359
41081
59033
56612
54047
23872
49397
4519
47797
33455
7414
399
6702
49108
35038
53880
18977
13104
55163
47634
57469
9924
40857
54925
25019
8003
52439
35093
54501
34783
15642
3640
34681
38786
40522
57462
50272
3995
56343
54106
52649
42603
54163
49156
43690
6191
53319
40485
36452
44199
44007
26364
30859
52376
33392
5490
44060
38932
51954
10632
17266
5996
51420
55299
15297
39543
51277
17609
32083
3987
31358
47064
48797
15220
36771
6602
44243
24939
33492
54334
30244
53846
1718
34690
32249
49447
14244
59234
47759
46772
444
2509
27742
30441
47079
36446
31220
57021
46458
29519
13884
4348
13119
58656
35758
10051
54433
58939
31641
55522
54534
44512
4720
25198
42178
52047
3104
32479
43119
19627
55925
3148
41122
50979
29796
36227
50978
45060
51731
51718
3626
48020
19667
38586
13087
1223
25741
20639
55262
49339
55350
53766
46960
20009
34677
1568
12145
39342
56264
27947
45913
9529
42041
37037
47300
6621
49617
1888
35802
24933
37144
39836
17839
54937
35169
24954
4505
6530
42693
36406
52681
58288
5656
36009
45133
46880
22572
7331
45450
41892
44767
56576
32003
57704
20785
37089
49243
24276
41107
30040
24314
56057
39217
6432
39056
48930
382
36144
29561
12588
47151
8465
15541
39928
22998
26393
55100
41679
42297
39236
44138
39710
50076
11792
33499
32469
17912
48449
47324
43956
10977
14990
47961
32094
33504
33027
54835
22157
37128
47757
51653
26111
58545
54360
53917
20581
34298
49612
31847
8116
43608
44731
58111
18614
36862
25847
54959
36312
37104
37916
40121
12307
34208
30147
32858
54032
45810
27720
36319
38653
8399
26456
30151
20733
36101
4640
8151
53820
51552
13704
50380
27424
35347
34590
23401
20458
46843
47794
57741
30087
29656
51044
2237
37288
13570
32816
29722
41950
34252
2204
44031
34319
25306
58003
49270
54789
30832
37002
53476
53944
19844
41435
44000
3955
45505
29166
41825
36672
48768
37224
52906
947
24918
51129
19406
56697
29477
57419
46523
20688
53193
44118
9313
26736
39519
43412
39623
31927
59162
57039
31889
19417
38100
37075
50565
32872
57061
1655
56268
41900
8048
23767
2231
3038
11991
4230
41418
25167
4140
39450
34189
48175
15875
55097
43928
51287
36897
36977
55046
10268
42814
18230
42777
3560
35265
9828
47588
56507
42127
12435
50018
30209
51213
9839
32308
32641
31504
12880
42301
55412
12280
36094
9660
49479
42574
49022
19320
45887
44295
2655
494
39390
49417
12305
54403
684
5936
52168
6932
59134
1234
26126
50920
31482
40328
7588
54073
56284
7764
34059
45309
49589
40115
29428
49201
28156
13862
6234
40476
47197
5733
10973
36120
33178
56641
8349
49895
38639
22844
37419
39459
52021
10034
50896
36734
43842
39423
36698
25605
42545
1804
3348
3199
20877
15480
484
17232
56373
2033
49629
19132
3430
51987
4709
3651
59167
43785
38026
30083
47130
34628
41314
13706
54563
58792
13357
25574
51078
8552
7085
6783
37232
311
10210
40993
51075
37998
55467
10545
49118
43187
34195
13833
26211
20106
3139
48656
32870
36267
24237
55351
37846
38686
38935
16025
57286
57788
56222
7539
24154
51881
29140
44503
34798
51874
48613
9661
5474
52030
24930
24604
47231
43775
30800
55331
5486
8391
5737
22778
40113
8160
32367
30546
50988
49777
52901
9088
48398
37431
38625
43883
48597
25718
6449
42980
47229
29956
15713
49730
50649
13118
54169
37055
3605
43524
52204
30394
40051
45390
41121
14996
839
52150
6952
55556
37286
24161
39903
51968
9175
44995
57751
38931
55345
51720
17440
40834
17230
2537
55878
44791
16825
43191
56648
22429
50389
55041
58334
30852
45459
56395
29397
20326
59244
55716
39963
34887
45972
41701
37483
33833
34776
23592
13038
53568
37526
3719
22664
6782
37023
51572
54644
52503
32154
12303
24408
2351
135
46644
14454
42323
24700
14425
51464
57896
46133
19034
19273
31370
7191
57335
27981
55486
25039
7921
42719
19193
35346
3482
35274
46623
52997
52447
39422
37371
27383
56157
56668
36282
22710
50430
48317
16643
35324
15957
41353
47110
53400
57358
39457
44946
45256
37398
39798
41396
55057
40779
38916
52057
19094
34592
53353
13384
6825
38574
52035
4975
36684
13876
13
10642
858
47604
13631
36109
22163
56859
34452
49105
56470
33927
47511
10472
8191
56269
41724
51944
602
11153
49845
56191
58437
36296
55882
29425
8114
18998
39935
18096
44324
34456
50398
22886
16968
51960
23009
41199
48468
44391
37961
56534
56812
4829
14268
39382
1030
35866
41703
892
14075
1674
36670
11868
17367
1832
56938
19974
46103
57851
606
2011
8901
51307
52377
18615
38216
52981
52757
53125
11769
52031
39492
32990
56239
44475
28210
37253
30266
51286
51366
42544
15880
19110
25577
7098
25229
48538
47467
40042
25423
4775
14296
45589
13753
6676
3890
584
10766
33689
33394
9994
39959
37938
18807
40778
46194
26732
31160
42921
23410
54988
55707
49355
2012
23697
40516
52234
47776
40939
57617
40244
44414
25997
49636
57473
11544
25292
8286
39061
25786
52159
30773
43996
38612
25257
49451
13477
384
14085
36167
7233
6852
47023
3831
48619
55283
35724
37383
56493
58413
58331
52034
10023
22974
51104
37569
40185
47247
54845
9145
21760
54802
58425
49712
14939
40403
46796
7664
41797
26449
58035
40171
39235
3466
27798
35356
41805
46925
8392
16091
27653
45268
17470
28720
34472
17222
42647
49209
58973
40979
39445
37992
43610
23395
31162
13423
3073
24142
51952
52156
47813
56657
31009
50902
54844
52029
43538
32598
13960
24514
39911
12288
33651
47329
52440
27267
28395
56169
49120
27044
31789
28710
37270
51982
48774
9208
23186
29100
4587
6160
13853
56113
38152
43549
8995
58943
49998
5528
30043
26384
47320
23312
49879
19898
37980
42156
53755
50423
4492
37639
44484
23813
53931
30227
10830
55379
3567
40885
32088
26789
56771
4300
43833
24558
36275
307
44057
35958
6609
36036
44678
56165
58717
54584
49647
38640
41095
36982
52767
6963
28002
48811
40940
42730
3170
53545
42740
43525
53287
49362
42265
29248
33116
55216
38760
32876
43000
38787
45604
23800
33697
36326
38467
30730
36203
49103
45092
43703
38295
29250
2942
55067
5633
48984
35297
32200
41249
50972
46335
45389
33259
48839
9503
26661
45653
51094
36694
18645
46504
25490
34239
40472
7497
50009
21065
30808
38533
39654
37506
35213
49113
27016
50947
39439
35566
45318
48292
13361
48026
42642
55403
22588
57229
13963
56952
34425
392
434
1069
7751
34324
39876
38113
49020
27560
5379
36292
39797
4846
58533
33535
21354
44764
39383
8293
11509
26311
48207
43289
49849
10262
1137
30567
25059
54792
5736
17667
51273
30385
51775
22291
44075
51306
12080
26080
59223
55358
23394
31939
43960
25150
25235
24624
40999
58350
37054
44535
19552
35016
193
56819
48781
58855
47340
26486
37121
38593
43974
51749
58908
31139
9537
11815
47152
55687
47969
427
852
26073
43908
38592
53800
27391
46990
41312
47200
32237
27550
47799
41738
15349
19712
45270
19136
40387
8290
44307
27624
37709
40318
26197
46547
41373
57255
59051
55212
54589
11209
28275
38109
23211
52524
41887
53640
21732
10382
38241
19226
46572
10599
31941
11851
48285
29283
51577
11195
26841
18126
33165
30310
14071
6026
47263
38210
43212
35070
55761
12109
44447
17740
56123
1163
46020
30444
29458
38599
44601
52631
53706
54479
50997
23164
46199
31167
37435
36052
53529
36758
11528
50047
29559
48281
46253
41341
43788
45467
29775
52293
11062
27299
52397
44095
40898
15595
7190
26330
35389
38034
460
48585
4226
55762
59007
20606
55170
29674
29685
23443
43128
29985
6828
10946
1264
32444
6492
12346
18928
21625
41126
54375
21557
29583
21496
35605
47756
53786
14832
35639
55741
58929
43156
451
31172
57650
51568
17916
40173
3461
4338
36071
29480
42334
48710
18640
51006
55455
53818
22904
40565
47982
8720
2118
53176
36541
5285
15060
35330
29324
12662
3414
4537
37294
25158
54182
17950
30030
56886
6272
56502
17042
34249
31427
26529
8016
21569
54728
57922
1572
37589
9786
39086
45893
27102
47804
9242
13638
48138
39480
39477
40509
56773
42370
47894
10501
35518
59036
55245
54569
49908
59207
36807
19721
56004
3799
33682
59092
49975
37520
50645
49591
38054
52908
52020
3017
58159
54783
55513
55271
45575
11985
45325
35359
47446
9140
25998
35877
46609
39258
38701
46359
55661
8542
51816
32663
9261
49041
40086
50702
5417
30407
51347
54478
55395
52914
25762
22382
47747
6618
2981
126
43530
28785
56858
52435
34614
25624
2041
41916
8694
44131
41465
56802
36546
41669
46086
46144
9294
23662
31517
56067
49761
46263
4166
35469
54595
46809
41388
47174
51975
49618
40001
32405
42381
55322
5850
33797
56618
36609
45207
58986
23455
35421
18312
51226
65
46910
56578
46198
34414
24332
55298
51966
33897
44554
47832
43573
46513
36605
10594
58392
35671
55317
26550
35647
48749
23336
13872
43629
25781
39162
22756
19215
47241
45988
1790
20469
48259
34471
16645
42485
40680
32668
52244
25217
58070
39400
23143
38547
27362
52372
40399
12104
6200
11907
30503
28515
38856
45058
39317
34799
38770
24544
49352
16652
39306
25750
40144
58932
56408
46758
19719
58218
3364
28051
8209
52227
11560
47055
44431
9459
58477
44945
41032
46157
40080
368
42559
56230
871
43686
41151
29464
45089
50415
22622
33914
50208
44805
4272
27537
45404
36844
38507
43834
28985
34375
31976
19205
6915
5277
35210
44677
47266
56874
54587
50967
57231
36926
39601
17670
30818
9150
43903
30157
50067
38968
8905
54799
57258
10492
55274
39068
15842
5537
40822
58248
30785
37705
45222
27169
15498
30964
42840
56510
8954
37765
14273
21249
44570
37062
51302
50437
44228
49848
43711
2005
9805
25380
9314
43709
49433
57641
55994
1217
41978
54786
28055
8312
16300
39852
5917
29279
34404
35961
43547
53788
41623
56521
37650
28377
34885
41420
6100
49689
27010
43710
43402
51118
24733
39259
19875
55289
25242
37474
57093
34418
43856
415
38158
49471
15896
47301
25353
49289
40762
13406
28982
37624
46933
50084
32110
38320
56370
19496
29913
18718
49982
51357
35256
48347
58293
32128
58346
46946
17528
13232
8788
50906
52292
26396
7965
46601
34539
10027
52496
42780
6679
30346
53750
56015
58761
37874
14193
41592
118
35248
55649
45526
1715
886
25100
38851
39021
36332
19015
10665
35541
34831
53053
54541
2502
12681
13970
42504
43965
52531
32453
17942
35851
54987
36428
54795
56237
11438
53859
49880
46916
56055
52261
58148
6622
11993
8050
31003
8053
31872
50864
53836
26637
57102
43830
35419
44485
53967
59154
37018
26192
32140
48137
22928
55248
36786
31306
8245
44773
40335
32279
6946
20466
53128
10897
34863
20612
39099
38004
305
43308
48260
59090
9019
48002
35029
48479
55992
4895
24473
30099
24327
19584
4476
1536
55333
29080
41570
7785
9151
37497
54861
12084
315
37222
19474
29829
17050
19904
14051
51201
1352
47097
18820
1753
50941
13157
1760
43302
53243
52592
34193
9366
25775
17635
57262
14577
54806
31065
25580
38572
36530
57303
57120
50889
49028
54838
50698
23314
20226
39084
58580
54538
21774
49598
48230
11241
54206
35251
57030
8449
21015
41983
27213
37185
39255
39322
54517
44527
33125
41152
37502
10498
33370
14731
53024
7656
38287
41226
38342
28372
54871
42856
52337
6991
36747
46250
22610
43435
2468
8559
50337
46731
49954
53146
22126
27428
37867
36380
34538
13516
12733
2987
55137
41060
58002
39914
6745
54162
58154
6939
35648
52257
10992
29079
35793
26326
11118
36887
52182
34638
51074
44487
35841
35164
37776
32741
37769
38837
42429
58860
18750
31772
37608
52753
9080
13121
43705
37659
13387
18348
44790
15015
17922
11951
51026
1492
29996
11984
37221
43914
5899
46614
45017
32633
57129
51903
47259
32713
33723
54765
55033
24292
56961
37473
52103
44749
36726
51768
56973
15123
40832
302
50360
40134
39822
46739
10007
901
36459
36382
35258
14164
51996
33465
44965
58216
32921
23075
9708
41711
14150
26358
39740
23063
44233
24114
39884
48947
49427
49798
39241
3946
49707
47993
33033
9245
37153
3907
42220
39050
4086
47919
52209
44458
10305
11640
4696
44982
21927
31733
40440
47019
59240
39594
52287
56299
49634
23493
29071
36208
48167
40507
854
40340
31352
50650
27539
35839
48949
56270
32564
38661
41442
30046
10024
3717
48589
51123
37439
49977
41307
37276
57758
1843
2050
37440
53481
58020
47880
39816
16055
51540
7832
39804
16871
2753
30975
2793
19923
33292
4307
57649
34400
39844
6871
45018
16541
29173
10429
49543
31507
49343
55171
53446
51282
17688
35409
488
38196
43679
1538
11898
3192
48187
41063
29446
55183
2095
39764
32062
51036
1154
38071
59235
28278
54325
49929
39160
55773
17192
58377
54123
48743
33632
50062
50821
23099
7083
49013
25788
51741
39785
16081
38166
53733
20033
59145
50392
57535
51493
45442
39187
46366
52460
39970
5637
56774
17986
49536
47535
3319
43136
816
46763
44285
44214
40621
28028
44385
15566
25114
34933
14781
2140
39523
42256
52351
30256
5270
32501
24151
38855
55554
35615
36646
47603
13935
26619
32258
40132
34824
38583
13524
10552
39544
35451
37331
41960
53669
12118
5221
44141
54515
11139
47449
40404
11117
34246
49864
24326
8005
53071
49314
12481
53700
23787
34585
1360
44994
56452
41643
1322
37240
28221
47814
48683
48691
45336
53011
54984
53247
58559
7015
1851
40076
38673
7846
39278
27321
36127
55138
35179
56106
3594
23066
33401
7280
5953
40510
23446
38881
41913
28368
19887
11253
1786
53744
29650
37695
30443
41595
26999
47486
35305
11126
41697
33182
38952
57920
32662
47585
22025
58247
15117
50166
56238
36198
29773
2064
43247
47376
19397
36122
407
47871
52166
6563
42191
8460
37973
41193
25108
33967
30612
55082
50274
9568
43719
57947
44102
54677
24602
36988
41628
49088
40503
53496
48031
39375
56272
47032
47326
18719
1767
40105
35826
49356
880
37421
38753
24825
43845
35815
50354
10960
39155
27715
35816
52650
49310
12310
39277
49672
1328
39709
12925
17246
47930
33605
13589
50730
54710
46637
39976
57521
46184
58622
23161
19163
50999
58768
18232
54005
13583
55492
14359
39561
3821
40009
43390
12852
55490
2234
35333
30837
1839
32330
22663
13320
34062
37181
27561
48801
44433
30704
37803
32165
30347
32187
32184
37045
45468
20495
48908
13820
43676
30335
38379
55614
31901
32163
40587
40871
40811
50292
19472
45097
24446
2660
30507
49083
29493
39925
38448
36973
39071
39522
43454
9509
40469
41317
47985
47720
49586
34216
33570
46401
25125
5702
24417
26775
52107
30098
19230
3495
45266
54635
47525
27853
15653
37812
15648
35182
25569
53420
36441
53344
50323
1921
12988
10059
41897
23675
31072
24758
55102
6310
12820
46388
41732
4012
43331
26315
58879
52966
10480
39350
47734
34722
36692
33735
45024
54391
50085
17156
39829
44261
48054
28118
43806
35255
56514
32345
26335
6455
419
59171
5766
3044
52888
7872
37115
4621
56182
46185
28805
33966
45778
57962
29186
42487
8296
42216
37237
43615
19445
55934
18035
56869
47249
49577
32886
43310
55035
20858
32724
49325
10881
47280
45816
23549
58500
13263
35744
31816
18007
33958
23004
33152
237
46544
25910
25544
41372
48917
10361
47704
12371
2659
37573
26119
32005
34166
12306
15016
50609
39737
21499
42472
45482
42070
48338
25772
42433
1716
50992
56690
10887
54390
55349
42153
35689
30839
46159
23306
21637
29782
33674
40265
29303
1385
39227
39002
3618
47122
36493
1809
43592
15162
35397
29471
38044
26680
39745
33576
15051
12159
45384
10539
14614
39993
31060
6132
34350
53847
32746
26707
52633
57624
3747
34000
53249
35215
47502
46217
23430
13008
57427
43994
53394
33032
52198
3657
2248
55739
2524
22601
7613
53286
24636
37710
12502
45251
57693
51955
34849
25782
27334
36356
12238
8997
26960
38016
8742
44164
19633
42939
51263
41251
18557
44056
47847
8348
42453
56577
34737
41459
5993
44853
15594
18512
12457
55089
33821
53710
32497
49065
47740
43137
33804
15198
51736
35219
49551
6891
21876
16142
44087
51148
19564
54866
7686
49619
619
52463
52480
50336
28919
1867
4260
52062
35293
45322
56928
7000
7074
51198
35266
52296
32410
47254
6653
55377
29912
3065
46109
47854
56119
2345
52713
32122
49655
45204
51383
43821
40692
31100
38345
51331
36616
52834
30007
47279
35804
45790
46252
58102
39328
29295
51841
4703
48857
17701
3039
12094
11405
21964
10178
46560
31281
6416
8247
52091
58470
53960
58572
3182
40813
43634
37677
41594
47752
18715
43237
36458
11904
9680
46045
37844
9644
244
34292
3813
56981
27468
43312
50048
12004
48723
11918
39368
52970
6995
46369
7469
32568
31153
36224
58378
56818
57018
50759
59151
34724
37459
25791
53459
45438
58809
16769
12324
36004
10483
32647
35552
17642
50957
52815
55203
51022
55520
21374
51558
56509
25236
49595
9223
42222
6789
50343
29412
12809
15658
17718
53536
33923
27308
37446
20670
30987
35364
29905
52188
15428
4336
29671
30688
25776
41155
40880
7025
46715
37179
10401
56221
31323
11653
35895
39612
1145
43778
31831
38116
56598
43893
52237
16566
44006
5781
43181
34284
3937
38896
40109
54938
35857
33598
45031
54411
10586
3798
35559
3339
44015
39964
23068
30062
39921
47830
58652
47876
44855
34499
15303
37715
56466
24822
25476
52302
25401
26920
56263
36432
47976
56594
41428
23715
52738
2162
2777
29786
54248
58068
36785
22596
37427
24960
56765
56548
54808
27124
40990
3472
18650
56977
34409
37159
9851
38852
30497
6178
41587
25944
44330
20460
35582
17574
12564
28702
55219
11889
40556
40398
52550
29278
30590
51249
41866
51260
54008
25142
45784
32649
58032
53264
48123
48916
34749
32657
47791
42252
41728
57927
43854
11888
47826
48919
50224
53689
37884
19607
1578
45522
47190
57171
5153
37498
26997
29631
48946
6166
45128
37924
45830
34303
38743
8600
56749
15396
48069
34420
37319
55528
24854
45538
43853
34721
18121
16492
42989
5972
26470
39842
16620
23428
37136
36699
23706
18881
36366
3108
57855
47136
31462
51206
50845
58615
47845
44505
36443
30565
33119
51463
46878
4512
41417
41889
21600
56949
14163
55026
31626
47385
44687
32089
51175
31548
32797
46375
40505
47009
56224
43123
14919
45291
10105
9638
52796
18360
12281
38621
56147
56033
35613
49871
32466
29215
49166
43684
39051
11824
35239
35465
7506
43699
46770
38834
42197
38942
32039
52283
40833
58891
54209
44306
17960
34028
35345
49603
40148
48581
44069
26035
48489
18318
56383
8398
14541
52777
49046
10923
35453
44416
31997
26944
42701
12041
1576
37870
2815
28772
11010
58896
34184
53858
34287
14086
16188
2294
25747
6448
19648
18676
13776
56173
57928
55184
24238
5345
35313
48295
32451
36286
46621
16050
36084
36371
24709
37212
8327
4154
38119
13699
23015
47611
25468
39139
34550
32645
1037
46306
49435
50226
19362
1704
49962
20170
21754
4016
55837
50667
15573
8189
8576
11450
10560
14219
39732
4756
29396
22374
43905
38568
54972
42350
34422
49557
11238
12341
3506
38608
45598
46847
33072
46004
49448
12712
14114
38015
55815
33428
26430
46748
21805
51988
43839
38986
15578
32148
44720
53731
2791
34750
45471
5840
17382
10257
10283
40962
39456
31143
25664
17175
34768
7733
33372
4563
14920
50362
53340
24800
34623
27313
29979
38020
44205
51757
7775
2068
56128
23171
48592
36324
43408
41509
18620
15789
19267
54466
30146
32355
19440
53142
46618
8800
24472
40370
38666
49887
45975
59220
8919
47485
51563
42560
18864
54220
52430
25392
46964
46061
20475
20574
54016
8226
57216
22259
56651
34493
33484
6568
18867
56684
53870
12986
27093
47971
27170
23256
40508
40558
26327
8229
4735
2262
29440
31234
38075
9121
36219
28464
51000
51457
36966
22674
42369
50046
54689
49963
43418
46769
42030
3730
2427
37154
32580
35117
47269
34717
46727
52512
38510
47686
14965
43487
7295
30744
8657
5932
39680
36137
785
26061
41092
33469
12462
30358
45569
1738
56474
3659
35696
49743
10181
56087
37091
38215
50836
2703
46339
37358
6
43714
54094
42685
36885
50306
49187
25030
37775
36821
11626
42133
31780
54724
46689
44754
8642
47257
52490
39938
48881
44346
6793
48940
44091
56860
21388
46496
19805
51394
2073
40903
46774
30051
35235
56062
4038
11631
38723
56213
38209
46868
11886
56516
59028
10482
35385
32096
11795
56747
40616
10862
6620
10119
38214
43645
8591
50908
49066
49443
16679
35231
53014
27304
42792
8360
56360
59044
19052
43824
8028
55173
36404
26005
32961
19213
18612
4821
34058
56295
49215
32524
22103
41277
46913
25965
54444
49302
40879
23076
24626
10458
48244
7702
41042
53727
48093
26662
54745
32161
58498
55353
44345
41237
55510
53987
17521
23687
33244
55904
39289
42636
9932
30012
30660
42207
47627
28223
32526
39413
6710
45427
46859
54029
22631
24658
50823
16292
38757
44127
9613
32683
56271
53631
13238
22437
54964
3078
44232
23617
23283
30360
16718
7548
39024
25207
53850
58780
57823
10011
32840
54894
45477
28447
8363
261
11036
2550
9454
52890
42320
56864
8725
12006
29770
20201
26117
54319
39361
34980
43468
5272
50431
49907
37077
36686
45026
47619
50259
58528
3048
19775
3204
47456
30895
8108
10310
50355
9017
43465
26837
38603
22657
49005
11753
42187
34232
1771
51082
49738
24617
37743
38513
45364
46573
8333
51039
19933
38934
49009
23333
10330
57978
11373
1343
40186
48166
48323
45042
31857
42521
50466
2256
48673
17995
8377
54913
9352
27472
35934
53077
9284
31348
58921
35818
20491
19358
19429
49141
44380
20745
42349
6600
58608
7789
8219
19518
7609
3522
47024
40790
59066
58594
22207
12474
3310
43376
1929
45327
43724
52646
14432
36173
10152
40054
38512
7583
36653
43413
37525
46835
52811
39346
47698
685
35831
7188
36431
49531
5775
48606
49358
36104
51650
420
30804
47041
35860
37560
18099
425
7448
31885
17311
40091
54236
31821
44397
47819
6538
35281
45755
45519
52037
4661
30883
56214
10241
55852
2318
7582
30422
44128
46901
34965
1583
55144
46672
42548
46026
53463
31514
49632
33451
51239
36749
58447
18063
9507
51732
37148
20437
11136
3376
52569
46580
11066
38537
43065
8464
33702
54130
42594
51361
57874
34268
9146
49408
46531
40241
36791
58725
53630
49403
52466
51896
32369
57573
58853
1889
55047
34848
29373
52963
25545
42709
36461
24123
52299
23058
30164
19340
16842
46860
28963
58668
39146
35875
57784
8158
57783
54357
57854
4440
45983
50958
56562
35784
20504
35105
22201
40331
23802
38825
44411
9835
45879
9640
47943
45035
53341
19859
34671
234
31523
42572
55330
40065
52210
54942
26383
29780
34752
49267
54081
13225
29919
37551
44094
19271
19514
46815
54156
37381
45022
42321
29017
1524
38043
55112
12877
55312
46179
23411
53758
10447
4022
29687
25771
51359
51511
25205
26232
9052
39108
37076
21744
44276
24867
32147
11162
25783
46320
52161
51033
34534
7263
39274
58505
25737
34185
27155
3878
39618
25913
995
44759
18495
36076
54133
33030
11411
53679
45192
10131
26298
41187
1190
42327
5554
48690
45582
12536
16334
18653
47778
55204
35609
37681
31480
47033
50575
25947
48228
30252
45782
36723
58549
35423
52667
23792
42859
51241
17804
39168
39120
43607
13027
40140
56379
48495
49766
19196
46686
34403
32748
13868
28319
36354
45741
26325
19595
44694
13810
58989
7173
32630
58541
52458
48640
43167
14213
42772
32590
16068
43364
1441
9829
48065
42057
13430
35702
9308
22137
53144
31876
29769
14841
39302
39405
45123
46850
13094
55532
25310
38105
56306
6573
39406
55575
38597
9457
47281
48898
33467
44804
47332
16582
35473
17999
36430
8188
45378
51449
54939
47358
41047
26753
2192
36502
54801
51855
16149
58538
24528
57888
49784
48194
55050
8041
35935
53975
22716
47463
50951
10719
50881
31601
2459
42341
15772
16067
5846
25044
51191
12114
37712
23923
37894
54562
48883
22311
54969
55538
28600
55280
41815
31604
52334
32820
28012
50808
30782
9068
39538
16904
31051
33419
44611
275
49951
9523
52289
58573
54335
8072
46497
27365
44429
36529
55292
19214
8651
34440
44529
38153
2967
47890
8387
32755
57470
13576
40180
52905
6911
58357
44608
47684
45182
51494
37268
32773
14348
50285
50474
50604
32635
48043
55381
2473
39305
35924
51829
30959
22014
40614
438
50598
37888
18781
59075
29328
25596
58849
43214
33388
33621
1130
44044
11952
37726
15542
9357
57593
57567
43927
15316
50714
52194
12719
48807
34301
54003
52470
9587
15900
49365
8143
45977
29820
47432
48915
34706
44215
55974
44589
55468
24946
56494
22167
5745
47632
43079
18960
8534
37086
380
40004
47772
12842
8300
8868
5487
41760
37107
48712
30329
43687
18673
2181
50755
41216
59254
27865
48366
1
56695
19092
7995
54388
25391
51272
30628
34432
39415
41375
55396
1597
50429
18461
51856
33501
15555
13313
5276
4847
19076
12850
25742
36794
4096
47688
44899
8383
43957
43882
32561
57782
49615
46903
34680
43204
2672
54705
12282
31823
24540
8301
1975
11024
32536
47328
51329
9752
12443
55215
47124
50133
50370
49933
28267
38960
2898
50814
52358
30278
45454
36631
56717
58040
20699
49306
30909
8402
51945
37335
29865
24067
46723
1554
3628
24897
40443
26213
34689
324
35721
41804
47569
32936
44194
35881
2608
27851
38699
3424
18854
26703
54811
26700
6505
29529
32634
10710
8753
25764
40548
58525
58643
44658
39208
51115
6327
54708
58483
9183
28000
34108
29914
32389
32277
50263
55300
41639
55587
48416
13999
47574
52634
23222
3728
48353
27300
34374
36685
263
18680
50311
44049
2344
34260
33349
41891
34071
12951
35585
49180
7375
46821
34732
58763
16687
40343
49444
250
32739
47780
45424
36645
44984
51809
47069
8064
9662
42769
11414
29778
49040
255
30973
42803
1213
44877
19888
54503
47052
37482
45147
55133
10396
3137
37438
26167
50264
39857
23014
1937
47248
40568
7097
26612
51279
39044
48348
58424
5352
7391
2103
49687
58262
686
3342
22310
44235
8390
34516
17964
40678
56796
30772
7626
58484
8601
30588
48714
3960
4233
42441
44478
15105
52265
50074
37043
45946
48659
58370
44806
43083
43866
54696
25566
40206
26541
42072
48836
54565
21138
29774
44680
52382
12895
54070
10537
44195
10661
38094
35590
39207
36523
25501
23844
23351
37575
57201
6608
49906
888
30723
12817
54553
42437
1090
19830
45783
58566
34265
3494
38973
16278
53813
42457
56013
39678
34248
35929
37800
37424
27599
14611
53577
35340
45054
11061
57289
45578
44009
44444
37511
7708
45111
8288
50692
29882
8317
777
47892
22671
50199
49684
57849
36633
9863
57252
34821
15445
36765
40674
38622
5913
3512
38854
52177
42662
13371
57194
10287
47945
24530
49856
53333
58276
39851
58480
8311
34695
37986
20813
42149
52620
38008
27127
15190
5623
55631
53715
44381
29867
39917
13756
35478
3210
53711
56129
45577
45103
4646
2030
36235
43353
37203
54211
54282
38869
17265
51271
50005
9701
49165
19102
47979
20822
745
17299
36588
37593
35461
37945
50735
22723
29881
17225
9178
24087
17068
9909
55308
20277
59161
33534
27203
28677
35932
31610
14580
1166
57734
35880
39254
47420
52441
8351
7088
21256
22643
48483
19042
47831
58649
38102
52239
36003
19315
18269
2692
59045
2047
32421
45046
22573
50973
48621
29603
37204
55267
25209
48555
29196
50760
56018
50699
9674
31540
49309
30539
46600
15625
10457
44231
5560
39613
22451
35640
10865
52022
53449
9857
53046
52623
2159
25886
52096
57706
18528
58265
58295
20521
56701
31839
42510
50526
9970
23591
9607
28451
37461
38151
29319
47506
46451
58773
45241
59029
55962
3214
36031
52387
9224
22696
47460
45683
11877
14278
27832
36233
54340
17143
53335
3580
48192
17567
51373
42654
51893
11216
51992
36531
51046
36606
16293
58817
27635
50446
35007
39374
25627
52288
15850
28979
40457
28169
35278
8887
19036
52668
36391
13481
31106
6527
29112
57279
56842
579
49107
49286
2332
56820
50891
54344
28145
9550
51553
41777
25467
17621
53442
25726
32753
52558
11965
7129
31984
16591
59211
55135
4059
52600
31926
58659
46169
52264
58590
44691
42489
39920
50960
1401
4432
43231
445
140
41376
32708
11896
1244
5617
39912
51876
33783
7091
45573
30482
15254
3024
8571
19665
53672
58863
43373
20637
44452
8015
29794
54616
29923
25728
55607
52561
43539
38600
40791
45275
42930
38148
57534
18819
8241
5802
46550
20893
34051
9086
36623
1158
36736
6756
49675
38064
28247
43498
38377
36632
2451
20809
10854
43811
34932
16710
26274
7422
45353
51490
48270
8998
32983
16146
32182
50594
58555
37788
38013
44038
45206
34607
14489
8964
43609
6815
27888
3807
44025
54385
33503
56733
32676
29928
35165
52712
29703
51182
34197
50737
24670
7938
5618
58757
23270
27242
42390
41574
5411
2108
23189
44329
11459
52785
36584
12473
56571
4506
44001
49404
40290
30731
36979
32664
34759
56880
23102
51854
20886
51224
50919
44211
7525
3803
53432
36907
20422
32273
52081
39411
53283
47702
15630
576
22776
47482
50964
58774
48805
41836
40492
42669
29986
3149
37113
8873
39849
30041
40044
42966
36618
36161
49221
24809
39583
54367
19644
35041
51885
13775
44105
45132
24017
6281
40464
57827
41886
30878
7836
43143
44318
54145
6983
56288
29027
45013
30848
25797
9265
1932
51783
9480
20835
30357
53363
58419
35306
23050
53591
35216
55955
2667
18617
48130
14929
12229
8717
514
34327
46041
18416
48905
17326
11809
25087
48796
54779
3577
43689
52226
2038
40629
54961
40317
45814
46884
50083
39786
44112
47596
42089
50955
56351
14534
458
36594
25785
44185
55348
25588
36934
24015
11442
36330
54349
51670
2286
27234
33774
9400
49000
4159
38670
631
56223
4205
26698
35828
38649
31213
32056
49723
15439
25173
53984
37595
56832
51810
33282
54680
41536
18996
23511
43366
43093
35690
33717
49419
25443
8618
40883
50678
3814
22256
24840
50219
51811
28175
50613
8755
25745
15892
12597
49956
33936
14641
25029
23340
52426
48729
27968
43392
13588
15068
7077
30249
31374
41748
43021
30986
48852
13494
39097
33813
55301
58975
5060
45088
17439
39662
29473
44697
24776
49926
56835
7031
47399
52714
18008
13752
259
43902
50966
44169
52253
4184
53849
36417
11969
10405
