29969
35017
1579
29982
31214
12249
31329
6809
32882
58452
55315
44629
50130
31877
33919
51929
31549
240
45742
33120
59070
29875
45716
32372
48078
31209
45699
31627
31717
30844
54671
48461
58612
31837
33285
43044
12129
33083
45736
30152
58927
45704
33540
31890
31622
32329
51924
10079
27046
4656
32423
44003
45456
49759
31594
8358
32985
44643
31191
9143
31529
45740
53310
1609
1798
31658
31049
45725
29280
21602
45719
30488
51911
31534
422
31578
29298
32883
58626
31616
31602
33061
45749
27157
59118
32270
33486
58969
45723
45733
32999
31582
31670
45720
694
45687
31536
58579
