1635
51628
31619
41406
24549
39282
5937
29267
8897
14228
54058
47635
11128
54216
33730
50127
17210
35024
6766
47636
2899
50016
17123
43084
19126
48906
47100
23681
29864
27638
59266
6796
32254
36767
27460
34101
7534
16785
16309
34532
7788
33299
42747
9722
11100
28831
9409
27432
6108
30129
35977
23335
26660
10202
7797
51492
44705
11164
43101
33770
17705
30424
9360
32440
18759
38019
42791
44362
41517
55487
26079
42112
50129
51113
53951
26693
59265
48688
36237
44376
7565
45610
25319
48765
47692
47673
24487
6721
15414
8953
47062
30374
28024
27323
26691
26015
47722
21037
15805
9603
54519
31118
50053
17925
3189
8844
10389
25193
15947
6107
6760
59135
7182
10368
52149
6927
15475
33548
53876
43443
6934
27697
6454
12903
6711
10461
49775
9941
38939
13292
35533
16476
55712
16367
26317
17345
8599
51088
30941
51526
33721
26086
54922
28536
39532
28860
59132
20543
57033
8693
46028
6827
33947
30420
1539
54366
6727
10554
24952
32499
31316
24119
7411
29479
9926
32402
6662
47896
8853
30834
42911
49608
18413
16124
50959
47625
54723
48422
30016
40383
44048
41521
48108
35523
24397
26826
8264
54355
32492
24653
10497
43690
47685
50464
21906
1673
58741
19589
44255
29213
48746
39836
30739
20611
17290
43029
7778
10955
33624
48983
25042
9731
27424
30163
16974
11423
35300
24519
31294
48175
293
33883
25196
49589
7714
54985
30213
48866
39499
12245
30794
17263
26681
47628
30888
40428
36422
8179
44396
41121
658
29259
43764
32782
37376
28098
29887
16379
7811
33191
8114
47732
10476
42996
18689
584
58599
53678
33928
52034
47247
49581
9113
33892
12912
54977
25033
8995
35467
4515
28814
30594
31706
10111
33116
2901
49103
30131
48070
49294
6066
35213
54362
4252
10309
54369
32394
24020
54912
11727
39482
7072
49640
47777
51035
26841
22045
36904
32444
21496
47870
30214
8381
48094
26674
30971
42710
43116
26734
31023
48931
38404
36476
48259
31596
19719
21798
24723
8954
36937
34406
27407
41420
29246
56643
47660
18377
6936
54934
36187
9127
49776
24695
49966
45508
34193
265
36530
54838
8682
13762
20354
6886
8559
7165
45579
7143
39128
17614
3255
27539
36843
56956
49420
37836
38196
17192
48634
36202
801
28844
9692
35451
40100
49621
49525
48083
54566
39721
30204
28194
21745
54766
17289
50462
48447
4664
25219
38379
29555
40423
24545
50478
21619
28523
32886
48917
33734
9218
52321
49900
13008
9634
8101
48153
50157
44056
48847
1473
19920
47752
49669
32430
24621
32893
31747
6801
1140
38896
47929
4678
26646
32727
32649
33288
10388
48220
28827
54699
6166
48097
17277
8547
48991
50188
27374
55967
18318
5916
8398
378
54092
28062
58542
48862
33331
15891
3870
21754
21958
10440
24493
48732
22526
58621
35237
55788
11052
31234
47713
8479
47960
30203
48100
7798
50836
54094
11626
54724
55956
16628
30051
4185
40494
42524
7694
30012
32526
22812
54400
6763
55746
30294
31740
14373
17462
24617
28011
38934
32234
9187
40735
53077
7789
54356
30882
31691
17220
44012
44770
45519
58290
50780
31514
9883
8464
52341
33063
50132
16462
54942
29919
25410
16380
30931
32763
53679
28845
48713
53144
15933
7916
50206
6859
29231
47926
30283
33590
55774
46062
31360
48000
50353
40614
43214
33621
9357
29820
24524
9787
47632
7869
22067
31573
8616
54388
27027
29265
19752
47688
8431
30942
48416
25598
42769
40517
23985
8601
31330
49091
24510
48117
22015
16343
50077
42523
42751
32228
31288
32312
30707
38961
24039
6064
32855
33534
7437
48912
15848
27297
55991
16855
18244
37310
49635
6089
7091
51335
9395
55961
10516
31042
54385
54397
34024
43106
25315
50396
4254
48178
37399
6814
22890
33517
24015
54349
54523
54045
11451
5292
48088
