374
22873
26872
19837
4160
27473
24057
13456
13892
25001
15280
12596
10129
9907
22462
24430
12235
21543
272
5530
11935
24891
17396
18421
10694
210
12670
26121
21593
29083
3322
12244
5201
19020
2803
15174
6971
5173
12653
26386
14681
4485
9207
4631
20042
7449
5159
4571
8082
19996
13413
24578
23864
28460
3205
25275
26068
9152
3034
17293
16259
72
1267
24118
5706
17517
29225
17148
21071
25800
13663
17673
10852
15240
9393
11693
20305
2633
6880
5879
24071
15835
2680
14547
11708
3967
6495
14115
8240
12061
13877
12458
27264
23969
15413
11174
17808
9301
13639
27566
19155
7867
556
12600
6719
29116
19469
12758
24845
24100
45639
17569
17595
7669
15334
12709
21165
14179
1754
6198
24774
8303
13525
27782
13657
28357
28231
19718
12616
28567
16400
16218
45722
1721
25541
537
10192
2724
2559
2304
16539
6735
12226
6532
27320
16575
19777
22709
23959
21339
2315
14575
27702
27729
24380
13666
5915
5482
3761
21041
518
24228
16095
6570
15786
6579
12101
5209
25801
25650
27802
19717
26852
27603
14426
23619
12919
13790
10083
22639
16650
9387
5338
15698
4984
3923
17838
17945
27103
9258
27408
20368
1690
27724
2638
12415
2700
1658
6274
6836
18963
22363
15844
5119
9394
27045
20986
45475
21530
26099
2875
3844
22635
2631
1891
7904
1946
4830
23737
23196
10702
18553
12261
2666
1640
2240
20931
2359
14261
709
6007
6574
23024
11068
17751
27849
4628
10263
2999
15960
18076
13173
7313
13308
2814
25977
23717
14376
10743
17370
25744
11188
25852
27596
3735
11830
45696
23247
15721
6944
22269
18531
28920
11204
25887
50886
11713
7205
15758
9915
4130
54968
12241
23536
26877
23017
12607
16866
13072
14564
25511
8519
23299
24168
55293
28190
3972
12367
20735
16164
22713
10895
9011
19040
9979
7363
32788
16893
25447
16959
17451
6741
21072
5436
3020
54072
21301
21943
17700
67
19375
27544
3254
3968
2185
29767
26123
22131
4547
5372
16965
18058
24004
26595
19617
19130
7824
22541
15641
11772
24178
10538
22031
3077
11577
11541
26885
21427
23398
17698
22450
26036
16996
5611
1781
21615
18692
5199
25243
3355
26704
1481
1304
479
28637
3515
4610
7126
15023
2866
6069
5074
15467
4545
13551
22185
8236
17016
19101
6122
7685
6187
2769
22620
17677
9376
10223
27758
25923
19351
8115
4582
8899
13905
5799
19283
2872
27187
27914
24448
27794
12655
13366
3963
15443
28103
14767
23087
28784
25894
3917
22489
23160
9794
14613
3625
848
3316
24349
20007
18066
17079
2804
18917
16216
25165
13183
19893
23929
28343
23961
7440
11444
19266
20817
6899
5808
9148
2383
1221
3278
19453
51971
15176
16536
29315
26955
16948
11401
15185
28547
6670
28225
15243
19803
11003
11679
29187
2721
19147
27776
842
7310
973
19861
19264
29662
6071
8948
46838
17127
20044
4343
1928
10062
15909
27015
529
28665
761
4805
1904
2696
18190
26151
8878
6308
4119
17481
18769
15863
8597
6237
16387
9843
4809
4650
9371
11501
5686
11250
26308
5307
15147
20926
29581
22615
28748
8518
13023
5842
17140
23404
16891
24777
9760
21498
28939
20166
14883
13077
2627
16355
17787
28065
45657
25317
19014
27668
2916
20697
4516
21218
8324
26592
21592
19399
4406
25502
18910
12647
3395
4539
17662
20935
45618
21598
8147
27193
2838
3086
19450
18858
8336
5218
22704
17394
21268
22441
18635
4764
19221
1367
12937
593
21585
8535
14933
26633
17683
154
12413
5281
6377
17178
24365
10971
45668
27084
20965
10773
18975
12744
17004
3317
16691
26977
5130
2648
17586
856
2859
7124
20664
29344
11684
13453
23399
13339
22240
23912
9288
24722
24164
16354
14488
13448
28539
15497
16856
28981
3794
3006
22523
8743
18584
20353
16432
5069
23277
17282
10859
7531
24264
3344
25439
5550
3313
5083
7555
5615
10832
26228
27736
2446
459
8791
9763
3208
20156
10521
5306
13975
3249
27994
1631
15322
5566
8849
26096
20036
14562
17902
22603
6901
45698
14476
23275
12350
26176
9015
3157
24684
17934
10850
4497
11613
15485
5225
4902
16157
16936
17364
28134
1277
5229
25484
26252
26436
17865
27936
19083
12754
17773
23346
22722
15215
24014
5649
24394
16730
23456
10190
28466
14596
22000
12234
831
24482
5674
28854
22297
20595
28050
3276
18430
26516
29046
24077
25349
107
5156
12889
4769
12370
27128
24016
26933
25937
17291
10985
29393
10540
27402
26141
19385
6753
25996
5101
13475
23946
7857
4169
4425
23115
19379
17260
21576
12650
26431
15877
14876
8112
15754
21545
5839
7644
17778
21552
9989
4638
4752
6036
21701
12896
10863
25137
6328
6059
27017
16203
1489
21120
1984
25024
6703
7324
16953
21952
5037
238
16519
15157
27419
29544
28872
2215
15738
28782
23419
25169
29452
2761
22048
29513
15031
21561
14545
21767
25396
19157
27576
14206
13220
4989
8937
2767
13628
6091
7723
16369
14805
6073
16558
20059
10981
20419
27192
24082
11788
13141
4585
7974
2861
45625
17285
18218
8610
18161
14323
10114
27137
16597
2396
16577
2556
28227
15001
2844
26139
25386
27804
2247
26518
16005
6456
26979
14626
3983
21531
18046
2500
28685
25109
21865
21155
24565
20841
28001
27604
19761
23778
15407
2848
5079
7137
12142
25479
16872
18481
19825
20937
16723
12942
17879
22251
24911
16865
22011
3601
11672
23442
3191
26947
15785
15095
21820
4419
9803
13340
4243
4308
24202
26028
24310
5645
25367
17215
832
8093
28708
1251
5001
20446
17891
5991
15650
15868
27390
11635
20786
5170
14073
847
28698
11725
13345
15438
13103
19037
13269
17674
29129
19611
24824
19395
5056
16618
23794
16074
5303
12761
10444
28962
5048
15840
17750
4410
21159
27195
26374
5089
2065
23141
5073
17889
14118
16896
23854
19135
11800
16578
17038
4603
46833
15038
17588
25107
5334
25331
21070
4544
26145
21699
21425
19357
11692
12946
23201
2946
5922
3563
3114
12849
18646
12920
11141
18162
19884
8647
12772
24885
3053
3671
24780
24616
664
26251
2639
3475
4399
9591
5967
17212
16426
2810
7150
14204
21034
4579
21568
12256
15380
16437
8961
27471
4443
19249
19433
25415
5148
3966
2418
17151
18160
20238
28970
23352
7722
4993
26428
17188
4489
11641
2530
15290
24257
25272
10792
22089
26578
28996
4617
20955
21588
14807
23061
4473
8373
3227
15390
5696
12876
10377
4744
4551
12644
3358
3100
7982
4826
26914
10366
23990
17559
27647
3308
7410
17219
27283
16417
7952
16752
28061
5176
29013
28947
45727
21495
27975
12412
27147
5144
10456
810
14835
10135
25308
45485
28066
23607
27634
9082
11587
984
17895
20864
24838
14905
24914
11461
15898
9898
22952
16238
14962
21917
11044
17228
7979
12961
4672
17514
27326
2376
10590
14093
5224
25254
10720
612
18281
26217
18256
12682
24439
14601
8174
25432
2300
564
18471
23886
28186
29011
2287
5610
29714
28897
9075
14338
5664
3434
8442
7993
28671
27032
1049
19945
13627
19673
6283
1003
11009
13106
16225
29644
20922
6678
25104
3887
15607
17713
28952
7273
240
19017
27754
8198
5057
16391
10336
15841
27097
22809
12382
22084
26013
17596
27142
11495
18205
10776
14819
45742
4498
3289
9010
5102
29093
3323
4725
27739
7373
23231
9992
3953
6835
22399
13268
27895
26323
27589
13069
28426
26249
28705
17738
17118
18223
1878
18485
25145
11702
7815
23935
24983
9691
16524
16813
17147
27581
17305
7176
3307
21566
8462
25888
16758
26889
26695
17939
27177
5310
20866
17805
10251
15341
20831
16986
28908
52500
27731
733
24369
4165
13640
1393
20844
8494
15493
1874
25554
5247
6729
27785
7631
21759
23548
10443
13783
45493
2790
21847
855
14427
4864
3171
5065
17295
22392
28727
45716
17820
26055
2897
20728
21928
26882
17164
25175
26607
12519
2198
15313
13923
16374
28291
6321
26718
23347
7543
21628
15075
19058
2971
25073
29339
7891
19268
14322
19181
21240
20075
15733
3752
7680
16764
256
49728
14615
24176
27978
29673
6572
26034
489
4548
10966
4055
5351
15241
2232
22689
27934
21565
8728
545
2629
1380
3071
5447
25013
13515
26515
21942
13169
6102
15255
45678
152
13489
16526
4451
16972
8646
21613
19279
6569
26120
26891
27287
3040
25952
28715
13750
28358
14658
21834
45643
21057
5092
5336
11561
17853
2975
4168
6379
21696
24373
13180
2702
3720
4235
17682
19986
19413
16017
22327
22823
22613
10122
5100
13260
45497
3782
15389
8438
29579
26446
14569
22758
15299
21043
23517
2269
17675
6063
6265
14514
17327
12049
24526
8314
23727
27118
25989
19938
8091
17973
8850
7030
28341
2974
10664
26178
21904
10868
23369
26189
13742
11869
5053
16152
17948
14473
11303
19231
14988
12189
21939
21245
21151
28969
14775
22471
4446
9421
3708
24861
2860
22006
14561
2310
7155
19682
22782
7738
27241
19145
15955
23330
27818
3403
8807
13032
8246
3916
18270
26985
18580
2296
18745
10983
16497
5314
19567
28842
18122
21753
25429
1676
28875
4161
6590
22309
2529
45495
20161
10675
5078
12163
3021
12656
19991
26945
2868
25520
21111
14405
28215
24613
3958
3971
27759
27628
5217
15450
4960
4817
20671
5015
11584
24775
27364
26322
8564
25441
15403
44016
24940
19105
8250
20662
27920
14325
17233
14971
23471
14928
25307
26166
2658
28301
30198
1918
14281
5855
2309
24556
17480
25357
26996
7779
7247
16857
16793
8766
3815
21009
15207
12623
13060
16946
18018
10484
14738
929
12971
14750
18289
13433
1035
11181
10391
10737
4533
8969
17239
23513
45629
1440
11243
29414
27276
2467
27492
10790
16089
4508
5820
13422
5320
26057
25139
16403
45712
17087
6687
24748
3586
25648
6615
2735
16428
10500
7625
26946
28582
5121
21609
17369
4697
24253
20945
45699
29724
7159
21056
4994
9877
25976
24361
4541
8378
26473
27554
13751
24788
26204
13001
28822
23326
23703
24210
24652
17630
23046
12177
26509
1172
15537
15775
5363
3225
2785
13249
5362
9508
21004
27931
7820
24600
26269
28653
29058
13405
3011
15331
25519
17536
11197
14667
7481
4431
16992
27354
6517
10576
24860
16589
14256
5821
6015
19281
11307
9765
11905
6962
23489
3661
12883
16605
13255
5634
5954
14217
23874
27462
7380
28540
26867
27531
11916
15930
22090
4507
5133
26132
11154
26970
17970
20793
14651
21872
14314
8211
300
12139
27813
5098
5244
24900
15996
18825
7413
21365
5238
14585
26557
18206
21563
610
16023
13408
4771
26534
27582
10679
13397
14950
20111
21722
6905
15114
28545
5091
12780
27494
3865
21907
3399
22821
27042
1331
15346
6628
2206
27862
19550
14568
5096
26763
2222
28755
26981
15879
28236
2889
18211
14911
13425
18638
19797
19063
8567
21097
28192
27854
19529
15735
26746
25931
3965
18921
5132
28926
12070
33034
26105
6051
10347
10400
18995
27020
4804
15319
3068
11732
1723
2651
15201
28930
10565
15967
1599
14199
8676
3939
15278
5232
10770
20186
8355
15082
21641
26129
6475
4845
25413
17767
19055
14389
22861
9545
25330
3274
10836
17055
10512
1462
21511
13818
12777
27166
21987
2612
29476
5387
26645
6684
10857
29566
15975
6805
11799
26131
26594
26791
3324
7657
28312
16261
23661
23492
17323
18652
26233
24953
19161
13227
7076
14299
25293
10572
26116
4998
27639
6965
4341
16775
20426
569
12377
18388
3264
11137
11214
3915
642
6197
24761
13259
26751
24947
27167
13635
26830
5730
26062
23232
5369
27133
26056
27646
7330
21595
7297
23863
5457
2798
16346
7897
21555
27098
26046
8892
16289
26403
17133
21180
14546
19308
13571
29698
10810
5191
21264
17335
9390
9727
22796
21761
24875
15307
4560
20627
15441
28537
896
23867
19597
12033
45732
7094
21931
17405
22896
5305
25290
29193
22056
14182
10371
17170
2391
14082
12888
27058
4449
19871
27845
45661
17437
24125
14443
3531
15693
24274
28766
5318
9059
13653
12000
4556
23788
5354
2588
4079
23532
17990
14958
8959
6865
26187
24570
21633
20256
27665
1917
11819
12843
2493
6739
5424
12999
27536
12390
10760
9173
28455
13829
28206
19882
17774
26818
11200
7462
29147
1681
29511
9474
5202
18863
2323
14108
22507
2876
23113
27159
16876
45644
9341
11550
28669
5350
23972
12221
10021
14180
28166
10235
2157
13881
3233
4781
7080
18315
5331
9612
17864
27445
14140
24089
9593
3970
10659
17633
23265
778
26988
18343
5346
3353
1998
16529
15750
11834
29433
3523
27238
19764
16258
20952
19224
4575
16088
12034
5616
15664
4939
3487
21322
28032
23450
11379
8758
9565
11395
19969
5094
2887
14783
16778
45630
16456
17131
2807
29729
8581
19401
26850
17605
16659
23949
2854
8258
7237
19885
27197
16716
6461
56189
12622
20248
14379
19961
12573
3075
6673
14802
45858
15173
20629
21826
6120
29365
26514
20904
26475
8831
4916
890
15260
15954
1898
45649
29067
5834
3969
13131
23002
10489
2462
13511
21169
27892
23045
10837
54528
23286
1295
25160
27567
19377
12046
7876
8307
21743
12439
19737
14788
45721
15816
1710
1910
25959
4217
20628
18779
4195
17827
27500
11505
12422
10849
4934
5624
601
25963
19851
44462
13573
5851
6916
18333
54847
29490
15412
21808
10653
21953
21995
14334
3480
19668
15137
25010
5097
2797
6346
1296
26455
26558
1302
6959
19838
22605
9006
29377
17589
14652
5147
27817
12436
14465
13359
21255
17035
26858
28749
6737
27410
11967
4591
22420
19405
4647
7682
27292
21209
26043
45465
27863
22846
13824
5603
43933
11553
4594
3411
3106
14003
3055
3943
11955
8142
19414
27345
26598
6313
11101
8598
28518
7687
13055
5090
11806
23629
19762
11388
17870
28420
22700
23479
24423
19743
15500
21048
21336
13009
16486
21787
17243
8086
646
12854
29036
6543
8891
15461
20665
27565
28650
722
14504
4040
28771
4502
5494
8193
22252
8270
21312
12830
28607
9018
6547
11089
2017
38
21035
2615
4614
19790
17883
22502
15534
16925
18847
2849
10749
14973
25083
411
5278
16339
20716
23036
26884
20717
19255
17919
21116
14977
19046
22482
24232
18784
905
3959
15483
19307
23310
2013
21242
22589
52472
11348
308
23403
13266
12950
3566
15103
3257
3727
23000
28977
21961
23523
14321
19353
25247
17419
14492
24289
25344
3220
16982
18195
9566
29521
28468
26017
23057
6848
4557
7888
55894
5875
25399
9900
13708
45736
19299
19247
5161
9657
19751
7378
23126
5118
12423
638
8490
18702
23503
24280
24181
25328
21856
15130
18994
18631
45691
2244
23965
14283
12320
63
19554
11836
23587
19932
17974
6831
5580
8436
4651
5989
14597
21929
5767
18476
17191
27487
18655
18147
10937
29404
11374
1671
17152
58517
4360
7773
4605
11542
3134
20120
7678
27807
1752
10583
24579
29216
17769
23848
17752
26284
10819
1692
4277
28882
29496
8839
10541
5214
17129
22638
15952
22918
21205
20216
10404
19760
16874
7610
20917
28602
11240
17238
27135
15606
2925
6404
27475
28105
23405
13461
11514
25411
3427
7934
29167
45704
16955
17721
1023
21642
18774
505
19007
5650
14936
16994
17666
23850
28597
21285
10622
5364
26234
21814
12752
29142
22629
15017
24585
9451
17216
45739
21055
5275
23776
5370
28502
26364
25559
14975
7689
16573
3102
15372
21460
26367
16474
16980
8469
27218
10954
10441
19569
13647
26037
27844
24437
3330
28746
11213
2843
26381
10734
2878
26697
6501
27522
19134
3277
15597
1968
28792
18916
7900
24511
17719
45637
12222
17661
13651
2388
25088
19768
25287
6243
23097
25912
2360
5721
16183
35758
4928
25119
23602
27774
20147
20855
17424
26634
16034
2238
17835
7619
16749
24416
23475
5964
21687
4935
9348
17814
20784
17516
14674
18954
23412
16418
13693
28853
25709
13087
10953
5309
24640
8007
13166
8785
20609
1340
13492
17890
15989
14761
25571
21771
10575
3234
25525
17250
28348
28890
13417
10838
26721
26398
21463
15032
2828
12079
2841
19400
26682
20823
12568
22342
15036
3003
19059
26911
9114
28356
12619
23216
15599
6531
19902
26554
26291
13655
29222
4700
27592
3800
15004
18658
16037
4361
22384
23989
9814
15277
20687
6099
4586
9855
22108
25022
12991
18809
6669
26288
25164
19154
27929
20241
10823
2394
2311
15838
27008
15531
7398
16641
23823
17636
23262
12524
10931
29682
789
20347
28903
8132
15263
21233
13052
4618
9905
4562
27753
13201
11665
4349
17020
19325
23630
3301
12224
8532
24398
19591
3295
21596
23206
27136
28995
27898
22034
14503
12659
16113
45692
2195
10139
7651
25564
17009
7379
12517
16864
28968
18468
9711
16837
12983
6982
16973
5055
12799
16123
16838
11623
1948
28579
9226
28083
5198
13572
15690
11734
14605
26816
6511
8215
13510
1479
17322
2414
12769
17180
2823
45667
28867
18549
17294
10469
45663
21647
54098
13144
25869
5593
4098
16322
116
22996
9468
16666
10831
11354
28243
3423
22549
28866
4427
16129
27788
19565
8569
21751
28331
5192
27866
2628
14940
28292
9430
14526
9455
4283
13766
18870
23116
2855
17007
13734
3072
29235
23936
1990
17109
21875
12710
10374
27335
13605
5122
18761
645
12707
5458
8590
9725
18817
10543
12886
22478
8344
5947
26133
2739
4973
16584
19979
16571
15545
8837
19806
15997
29289
27139
13937
7346
17199
2026
21438
15344
7540
17443
28279
20815
8065
26625
21803
20162
24286
5070
20171
28915
5000
15906
17709
19731
5893
24924
28803
28177
17157
4825
4713
21302
17300
5770
28029
6103
5129
25462
16318
23579
25758
15264
26040
8056
27352
4060
4442
5358
5504
26940
17247
2333
13228
5803
19640
25973
29118
21366
17110
15245
19512
8157
2387
6699
16151
18303
6331
28864
2547
7421
25179
5496
11537
8488
25094
19070
19845
3260
20782
15464
8203
17886
19498
16655
11446
6861
18511
16808
20062
14620
3913
7512
14637
10799
400
15273
22490
10938
25268
17766
7598
27256
21230
9847
16733
2733
21044
23541
3947
10517
6378
13467
2307
17784
5228
26103
16001
17878
24672
26089
16920
17783
25743
26785
26903
16138
23476
13142
22602
19326
13460
17888
15656
19901
21109
23938
19975
11086
6973
29741
5287
2046
19306
7614
4863
28470
21550
26290
25183
17602
11566
5064
22794
3933
12064
6002
25684
28095
17288
13668
9016
25377
1397
22981
51874
26844
5813
5062
8097
11771
5607
10654
10076
11190
11752
2883
16851
24589
27115
6481
26599
5072
26279
8020
11512
28400
27452
2858
4611
11429
9712
28877
26196
8822
13150
408
9064
9984
3092
5174
10898
14290
4132
25835
3074
12019
28304
5619
15478
1638
26411
19176
5106
12717
23090
5870
23397
16777
10063
45561
15853
16098
17448
26984
24177
2817
28317
16848
17135
8795
17304
16801
13017
15199
21968
22862
16917
12628
17115
24074
7103
20280
2979
4656
11735
21924
13636
16494
15113
24372
10243
26969
7571
14195
45731
29244
22654
9856
15983
15921
28114
4108
16122
15752
18339
3801
20005
26390
44003
14889
10357
6262
55
14309
3584
25172
10222
10705
16755
12151
7985
5149
25988
7427
17207
19368
29060
1713
2816
861
7861
13707
5003
3591
14786
24110
29208
12446
27035
4832
13994
5231
2495
15780
26667
27602
7224
11217
13621
15140
18102
21265
544
12834
7491
4649
16816
13606
7429
15225
3930
3049
14139
19693
26982
10234
18901
21521
3773
8974
23964
11099
25067
19156
4879
14438
5437
29299
27727
11695
18726
28535
21174
8484
4931
8983
7717
2299
5112
24284
27953
14646
28324
17438
13904
14688
23343
28730
13733
22840
16442
527
25093
11748
20778
7328
12916
5337
23376
12030
15987
3672
25291
6603
1596
21682
6651
22580
14852
25388
15037
28329
1413
12001
20523
5456
17815
26934
16430
22496
27800
26355
8733
17715
45717
28281
4654
28916
18700
18302
22092
20284
27146
14445
24882
9793
6955
9029
7639
22992
8228
21991
13660
14460
45706
7001
14576
45456
13901
14230
5957
5194
14116
14536
23459
14522
2929
11011
18696
3486
23413
1860
5929
9601
5348
10298
17061
45591
15172
24783
26260
16549
14853
8220
6968
17782
14121
4415
12933
5641
6562
50191
36815
26076
3162
4581
26975
3784
10303
26433
4305
15631
19877
11773
2153
2319
26958
13046
11607
20889
16984
13452
13477
26919
19032
45689
13434
23454
22333
4827
18952
4911
21547
5050
10789
22772
23338
5117
9975
17876
12770
14930
5658
28694
9764
29088
19822
45583
11580
15585
5211
18874
23234
15978
17334
15626
27
14291
25831
12414
2492
17258
113
29488
11262
2122
15323
26806
13797
8335
19295
25113
9922
25456
10451
26030
2491
6353
17470
11774
4906
26916
20121
12044
1630
24536
16639
28668
19316
12677
28696
10697
5465
22171
26156
15746
14141
6631
5534
8127
13346
27712
17189
17515
11426
20640
16013
12788
5116
13981
19171
23921
28395
17010
11669
22740
2461
4940
5261
6779
51982
14181
26980
16588
8724
17541
13909
18446
6028
6520
16619
13329
17837
22415
4629
1906
7763
24607
19188
23928
28570
27961
3503
13740
23318
13873
4492
23422
24781
3812
12882
6977
19577
2562
20271
8769
307
22041
16176
28141
9008
20789
21945
21549
12050
8117
25482
24406
24844
28733
2425
27682
22495
16180
16684
2839
5483
5243
22120
15695
21501
11378
10769
19706
2581
16867
24887
12636
8740
23719
21940
25368
18422
12553
9775
13223
26297
21508
24483
17165
2888
5871
5086
17872
306
8238
18752
5047
4345
17467
5515
28624
14823
11600
22149
15716
45645
15383
45601
28219
9069
4872
19511
12774
4549
27057
8481
17142
26188
3184
21139
17519
27243
2652
4742
16555
16873
4970
9767
3195
1913
27188
22568
8748
23680
6599
23752
15760
3973
11234
22485
24562
1836
10337
12526
625
28265
24605
8830
26148
4930
5197
13764
29000
18850
25646
28569
12433
19182
22470
21518
23190
26963
12528
24435
5758
9892
11636
9987
22650
23555
25339
5945
6938
16237
19434
12115
26289
15405
15836
13437
12699
16385
11728
7219
20339
17023
12206
23100
3615
15828
5300
9882
26575
18114
14472
15251
9596
24073
23353
9005
17735
27564
28486
8018
6126
13741
7693
28929
25438
24625
11070
10522
1931
46841
2957
25174
21403
16627
23452
5171
9986
13506
12032
13990
23337
13730
26629
17186
19410
10758
16713
5081
28828
17244
23424
16040
15377
4671
12054
12859
18992
22948
22612
26372
28021
21099
9496
13093
4763
4666
22860
21986
28744
19008
6256
3723
727
8563
4405
20114
2958
12063
22679
15124
20151
5451
14214
16757
9037
3008
26155
6683
17021
29517
9410
13838
20396
17947
2249
29551
3085
5186
8259
4980
20058
9452
5136
15325
18081
9278
11244
27517
13603
18140
14944
29487
29032
5075
3061
26566
1977
412
8810
7251
432
7560
21882
15971
22093
26113
8446
10763
2426
844
13199
13898
1653
11908
7839
21747
4842
25593
22141
17112
21321
12255
17831
24650
18738
15061
11252
20013
5103
10520
27840
21217
24049
5200
769
12690
4690
21996
28917
16839
24864
15812
9580
7998
7827
26912
24583
5212
14634
14496
22129
17800
23781
11349
7453
23094
13755
5308
10709
27711
21157
26699
20634
1200
20476
28527
13867
26772
12739
27009
16569
8927
17627
26936
6320
17441
12055
4979
25185
20145
28389
10826
9190
12631
12866
21395
22299
15479
20751
14392
45350
24717
8889
23223
12554
4623
19615
6047
15691
14008
45740
26657
23219
5105
19072
19167
6506
2616
22871
1551
19206
24886
913
9520
21921
13365
24132
20457
5182
14019
7526
45642
28678
2912
19330
24195
190
14664
12668
35518
28768
25925
15798
13737
12191
3187
17303
27025
22587
15239
18321
23386
21335
17855
4411
23889
12959
5585
18191
5466
15208
22784
8182
2365
2334
27149
25370
6151
16938
1107
53310
17048
19431
18651
133
39058
25489
1170
26687
21211
13781
19784
20648
28270
11171
19148
12008
4681
5234
14442
9716
9769
898
25324
49176
16546
21370
20329
27366
9595
21471
14456
21238
17259
17008
1429
17858
5477
8525
17863
4318
19620
46698
6465
7054
4457
21447
9384
29139
10699
27073
11592
11077
12081
45496
9514
11210
25667
17114
5864
659
27373
18079
4905
2199
18547
10996
26093
9487
24341
14686
19166
24797
13568
12630
8166
9946
13817
1947
11644
8572
3770
21390
17905
2273
15548
29064
25701
10718
4865
25681
2580
5995
2164
18672
28280
17632
4082
16224
14923
1120
25756
3019
28538
26893
15473
29627
21091
20638
3879
24767
11958
17859
9812
450
20902
510
24608
27377
19532
22229
1425
16414
24975
22958
13451
18310
2102
2856
10677
19220
21797
17137
2009
5764
12323
23169
23365
25127
58341
25074
20069
29099
8285
2677
2465
11804
17753
27401
11057
16169
26496
7405
7719
10884
19297
21750
18695
7971
16066
3883
39113
28628
21541
11229
3043
45725
5004
12768
8493
13445
4203
359
21714
25369
26137
1542
2812
22371
14360
10311
10117
17200
23588
9370
16042
19807
15831
16327
17343
617
8885
2288
28895
16794
5943
12396
16990
27065
28075
11138
25304
3341
12748
17081
16069
23082
7782
23899
22128
14020
14328
17314
19319
9998
15423
3711
5595
22545
4606
28321
23209
18983
6232
17625
15994
7395
8076
3054
8798
20685
15692
17744
17777
15687
19727
26898
14831
29212
9696
3497
26071
16024
3116
8103
15849
12214
6192
29207
45744
21901
27513
17034
23429
23543
11611
2025
10487
27010
15935
10829
6441
28868
12914
3118
15100
669
17582
5274
11785
3505
26953
28850
35910
21153
27483
28360
5007
6040
8862
12972
11175
12687
5639
45726
26041
3547
19681
3069
5655
5131
27687
13187
17749
7761
12544
6942
11231
14986
7213
26834
28643
20663
4215
1696
8302
22020
2792
28510
6194
18340
10808
12427
2852
1962
28288
18690
15282
28950
73
27970
11757
16145
17062
16852
17028
22267
4959
16601
21553
25100
2796
18567
17694
12447
17413
15099
3993
29313
1175
16622
6428
3811
27837
17362
20317
23709
21584
19288
29232
1552
4866
8986
11866
27996
13948
4371
24204
16175
9184
14895
7477
26702
28191
7329
8008
18737
16712
8726
20580
3262
19789
25347
23597
15005
1423
45719
25956
25038
11478
29221
26888
45693
11072
10716
16097
5115
26604
9720
9112
5269
17241
7240
7881
3527
15792
13378
4561
4926
7756
21307
457
17236
24706
27439
17729
20680
9219
45666
20433
7640
22764
17139
15206
25818
26487
24699
4105
16841
28573
45503
28532
5145
24757
24633
879
15804
5215
14022
18735
18581
18164
45654
25880
15127
16378
13326
6137
16993
2903
27414
12343
26265
23151
21935
28308
13550
8730
28675
5204
18556
721
27482
16330
11286
16213
12680
9402
18893
3312
14567
17378
13662
18943
350
4553
3426
27594
14758
16362
5294
2900
18371
14663
24106
48725
1036
19178
24400
13827
11276
19486
10363
16229
6921
17045
7655
3201
17497
28116
2209
26109
28162
25463
26162
26296
19185
25871
28777
9062
25824
12683
16551
7149
19019
4483
26929
19880
8456
3590
16826
24304
7177
18523
16482
21864
19086
24146
25721
16934
1629
20278
9676
29072
21640
18125
20351
10056
17825
27355
9043
17584
16787
24727
6961
15871
568
1969
15682
25168
44837
3934
17652
6021
28883
20620
16937
12198
16315
20060
23642
27839
9470
15941
17525
4198
18842
26425
28546
15748
25037
7172
13270
4885
15990
17693
23746
21083
5777
29353
20905
28199
15540
14483
7108
25134
24384
19151
5720
14202
9369
18355
12179
6841
27312
1325
8789
24451
21357
24669
18493
27437
25561
15612
9733
13450
4634
28224
16676
25161
20072
21244
4181
89
6733
17746
8268
2879
23944
6594
3894
15905
11248
16592
21679
13747
19598
23244
18664
4658
25492
17030
28411
3036
26722
13615
15073
5088
8496
25724
15424
5107
6613
23545
14978
28752
20567
13251
11392
1843
10253
4967
16260
26894
23457
21362
6037
23738
27443
45676
25274
5014
6391
5071
20331
6123
10120
18970
19274
740
52423
26978
6011
14271
5543
10638
16221
18399
16987
26338
10871
28399
5304
19809
20644
17842
4033
26673
9742
9904
23420
20389
7705
3388
17504
26101
13804
11794
4840
18488
9914
22729
25478
25362
21815
55073
45515
22721
27162
16798
12775
3715
20601
18396
7298
27593
4207
12599
11507
11332
17375
16941
29107
27274
19779
233
27306
16317
5328
27637
26185
13265
5521
24772
7753
13446
15564
26563
12059
16411
16988
20263
13521
7479
14380
25759
19785
25117
21148
22397
22858
28184
3458
181
27548
18682
16291
23153
17692
9689
6420
5166
19740
21971
5165
1905
24981
16031
10814
23805
24697
6616
3052
10844
10688
21022
24445
22016
8965
16882
1431
14458
23469
5690
22096
6937
24787
5033
19946
22843
26468
22330
14953
5252
28335
14335
2131
16171
20845
15170
12237
20941
4602
11150
6133
9434
25819
14519
1849
4620
26090
5177
22684
16767
16168
3177
12976
4841
15272
18698
14120
13322
16861
16696
14983
1073
20125
28757
17570
17253
20054
2674
25821
21243
10824
13426
4531
15492
9718
45652
28139
26628
19876
26205
11803
11854
26160
6596
13463
9053
16903
22296
7111
27284
19637
18006
26174
28323
23609
19795
1320
16780
26880
20673
6966
7256
19547
8440
12488
18235
13748
11383
29434
12851
5289
2676
5009
6950
12922
28834
13719
12549
25731
1265
26222
12204
980
828
7489
25437
5594
25792
11157
655
16827
25147
2218
12317
21804
17828
9510
16889
26159
29322
7862
8514
4279
22127
21629
27919
11516
44534
13675
22204
2694
15819
2028
23448
13486
19277
16434
21488
16030
3444
12203
2224
4648
1081
10839
17867
28287
45648
19857
23759
23616
11394
10735
28516
4920
16166
6787
4241
19747
26042
5695
9947
5059
11182
2997
12665
45664
17657
8667
5265
6393
15726
17198
21519
24404
6690
28147
3989
8903
49254
17296
6183
26341
18987
12201
16835
45636
17908
4530
28575
28534
15055
15222
16429
11673
3763
17269
2607
16829
1443
24389
3291
8900
9937
17532
21505
18452
1236
6638
8002
25302
15440
21135
2417
5508
13449
24758
13439
17579
24631
10663
13825
15914
3288
24765
20222
23011
2820
6273
15846
23529
4222
2921
3138
45670
27713
27701
27251
20632
14388
20529
19670
26688
8148
7801
14308
16700
12723
25103
5151
28739
25830
20818
8698
3876
16282
22106
9396
26832
17581
11371
14138
19432
4323
3296
2697
21075
6369
16106
8775
5956
45658
6498
29205
23998
15563
16507
8538
26237
25002
5790
14964
4867
18032
4221
9753
3252
2453
21443
9925
10209
15086
15968
21782
26874
15292
25436
27770
29298
22113
24242
16585
2729
18290
17764
29514
26968
15298
23292
24104
13682
14450
9762
25738
28623
25551
26128
27349
26395
27894
11864
26908
14791
27962
16602
19348
1734
2863
20790
28725
28672
3919
27333
1945
16464
2940
926
23731
2813
1273
4430
7752
11189
12701
11140
29200
15559
9026
25112
23319
28823
27121
2731
4583
22002
22456
1382
5127
7596
10651
21387
16215
19149
20666
44898
123
28824
13435
28577
6384
18155
19195
18534
25348
13749
14759
6215
20643
16008
12043
14623
22386
17280
19892
20250
28572
3282
23866
13843
15143
4870
6953
17568
28965
20703
538
3347
4224
12326
5162
16818
16277
28344
21183
7612
28525
27700
1419
6430
19412
28613
9714
15505
2710
19133
27152
24737
17545
2298
15643
2646
5746
21635
23945
9616
28858
28663
26459
14549
22434
14368
20997
21426
27805
15654
27269
27388
15761
1412
20879
16033
19376
4835
26087
9564
4232
24664
11680
10196
12743
27392
22134
27912
28934
12365
20956
21054
28682
27939
4434
19175
27038
3300
22767
22418
2057
28931
15525
18246
10387
22732
7337
45734
28818
14907
16039
10052
17104
13428
6422
25510
26647
9189
22792
16301
18951
25337
28659
27132
17770
14001
9780
8098
29172
13822
27855
25719
25269
25698
5926
5373
24456
25506
3745
4703
14850
14869
12373
18892
11690
22321
10628
24033
6336
911
2720
28034
20594
6058
13902
25334
27969
9849
28332
21886
17604
18786
17813
1511
20657
28373
7257
5673
12194
21791
14036
10780
17166
12666
11841
15311
6045
9364
45438
24113
20974
21275
5332
4018
29135
13648
15296
22752
25379
23942
25106
5415
506
28902
16886
18897
21646
3556
20578
19641
21957
16807
25121
23193
4668
45633
29696
27356
27029
1623
27834
11707
19690
20951
9972
13455
24140
8856
45635
10070
19360
15205
7306
45662
17324
15057
2144
11236
2239
5340
27856
9472
11381
4036
17041
26405
21402
3772
2189
12404
11755
23224
22598
26377
11865
20445
8848
4204
10332
11206
8080
27734
6142
13190
23634
23540
22931
23390
7308
20163
18839
5565
5160
21198
19669
23142
11333
10809
15305
7106
29121
11706
4964
5648
21525
16711
17027
14056
24053
16951
17603
20055
4369
2503
8842
22584
18844
663
14162
15696
5046
25270
2834
26998
27705
2423
18981
17679
22183
22419
4633
22024
9891
22712
21221
29478
9058
20205
25572
3326
14175
12611
17733
25261
28168
18694
14736
5066
19792
27360
26321
25021
3113
3743
14902
5740
5705
18209
13068
28912
6772
21954
4542
6364
21524
2762
13598
2825
5699
26409
22087
19849
27370
45749
2764
1342
5242
24013
1031
21391
28595
17392
16443
3096
28229
5420
8430
11090
22691
3004
19607
25834
833
16928
12057
841
1010
26907
6656
28302
13819
28008
12663
15815
27157
45486
8505
18204
12679
13763
15701
21678
21203
15973
26582
18367
1591
28773
10858
18900
10585
31
45751
9896
9724
6227
7988
13097
14528
20744
17739
18400
5707
14957
19621
26546
28289
22734
4615
4200
17261
15139
10317
13280
4223
28598
11103
21368
12095
2969
17843
15166
1657
29042
23815
22616
5330
26987
23355
23396
20281
4172
9012
29331
836
8858
15339
16688
13279
29301
5124
23793
26864
16725
16394
45609
4612
5297
3909
22424
4375
21564
19488
3710
15711
28837
14628
3303
23777
26959
19162
26506
14253
14024
8760
7498
9707
5643
557
15561
1105
18406
21833
17761
9024
29109
17754
26184
4589
14777
22633
21607
26584
4463
28340
9128
12184
8249
16921
25547
26508
8034
45616
12042
12675
2795
21601
25915
17298
27916
18544
29284
4139
19839
23740
853
3261
21490
17268
12172
45547
27872
22599
21993
9749
28679
28132
20192
27265
2794
11838
23933
6523
19313
20493
28542
5279
24655
27375
27860
4986
21103
7362
35964
10880
12757
29082
5168
20737
17533
45655
21594
5325
21591
27558
14474
13195
4578
29143
5368
21849
3449
15388
13679
11857
25312
6290
29239
8967
5246
45562
9605
19700
27247
20411
10893
17022
9463
27796
45452
23485
3200
3041
12227
24541
16721
15367
14459
15009
3283
17138
28906
6429
2543
17163
19873
17452
9630
2781
2922
23693
860
21730
3299
4574
13743
17257
21289
28707
20910
11255
13291
25417
7774
4637
9022
17124
17671
8768
4563
21982
23016
8880
25968
22480
28159
10075
17182
27021
45707
17019
13942
9996
15881
14557
10732
18890
14279
22099
10410
29018
27563
8641
14087
9895
2571
12617
4573
19252
2117
7829
16361
20410
27859
12652
22223
5700
22376
3795
24996
27112
29236
19013
3792
18424
6508
20998
21528
23694
45730
25431
28237
25878
4972
28092
17040
20621
11131
22479
7935
7851
4245
4627
28832
4635
15242
24646
5058
21340
28762
25513
24902
12861
21210
13944
6598
13834
9574
22625
10078
14035
19732
110
16657
24069
21660
10727
21854
14943
6597
2553
22674
27338
12512
24792
16134
21963
14606
12187
4526
2787
14599
22110
16706
7314
6252
6642
7161
26019
10914
23111
12778
11543
18379
23483
17915
6698
15078
5208
25404
7553
12764
27331
5738
28821
24453
11596
887
28681
5353
16048
14092
27448
27541
10329
1882
8908
17535
4063
4212
25576
7275
12627
27281
29025
11186
27666
50306
17275
28487
899
24476
27129
7444
24462
23954
6096
7843
12762
20528
13587
15550
27686
27090
12703
24719
5581
28747
18942
2227
18990
23902
21129
26605
16830
25711
5085
21214
5010
23658
21941
20755
45474
28244
2093
11142
22076
3881
9032
29189
27534
17201
18005
18731
1254
24639
6593
314
8783
16811
9673
27260
10855
28170
15635
16690
22882
26587
22672
3644
11552
12202
16728
25221
4639
28789
19563
26408
2831
26915
28700
27908
2284
8670
3862
6303
12017
6295
20538
6838
22535
21926
15416
14563
16451
8415
23301
6159
25699
4351
10290
27116
25565
19862
17067
13761
29329
8702
19889
17834
29176
28726
16064
13696
27830
28793
23414
8626
14837
3491
13254
9197
14952
8541
15662
17173
23568
13065
18674
24105
20149
16425
22631
11616
28040
45747
18280
27640
15979
12981
28652
7896
8213
4787
10597
25394
13608
10794
25182
28126
20174
21830
25890
45723
27689
25434
7302
11280
9648
14339
7849
19138
7991
20064
21580
45641
15019
22254
29595
22577
20667
3996
17686
22062
12266
25507
1470
25011
91
28886
15833
24272
27932
19464
13805
7458
1070
13641
19722
1051
6885
24984
25323
10706
25808
28857
15364
6189
9147
5744
25051
1022
24139
20943
12325
16132
23645
24714
25457
28722
927
18980
21643
10136
18094
19025
12527
24764
48970
2835
18880
8860
7739
1399
21058
5849
21300
17849
4572
10764
11277
12477
13092
20816
5383
22278
7838
9131
5551
16187
2589
17231
21532
23911
11422
11828
8994
13111
6723
15774
16498
25516
23313
12077
24782
18356
8792
15404
6216
45679
18679
10917
26994
10093
8596
18193
10255
25281
16194
278
14840
14103
28296
27148
18724
23112
14794
5049
27783
21800
27293
17160
5588
23375
22660
12167
12648
8451
17012
16737
27773
6175
24294
7776
22961
7307
26957
15008
28786
26913
16581
19285
22328
21421
21829
16172
23612
13929
9036
28533
9342
18846
23771
7718
21207
23729
439
16743
3621
18782
21046
5326
103
24452
56473
24244
22655
11396
3066
5189
20846
26302
25316
12732
25084
13442
27901
17347
4819
15675
23847
3259
13293
16273
45733
22583
7816
14745
4977
24216
3986
45555
27570
13444
3398
25802
4938
13739
22960
24001
4435
6818
3211
5680
20363
4593
19143
17765
3509
12223
25184
22422
3901
22953
10733
24147
782
23953
14997
4608
21516
28639
16819
3377
15688
26600
16192
753
12570
23956
25118
13182
18656
26971
28250
6202
3155
25814
28819
18978
390
23582
14470
20811
28101
14769
22130
5185
5848
291
10933
4622
9142
2951
9489
10785
918
3318
9549
5190
22627
16195
26255
12180
15549
29120
2454
5175
5139
13697
640
24962
24350
24041
9442
23873
11178
10112
11199
17224
3229
21110
9608
27631
14976
771
19398
22611
22690
17651
520
25078
13715
2862
22816
8739
27109
25333
22686
15227
22985
26444
5080
29540
3107
6979
9355
11322
11123
2178
2747
10281
18791
16131
21903
27329
9382
6239
12188
12606
20797
8039
25422
25679
2865
7977
6479
22023
5254
443
6318
28039
26561
26183
26956
22233
13972
26748
1220
28660
18603
4024
12494
16059
26658
13176
22262
19304
15432
5941
657
28795
8921
16970
21574
4601
4595
17011
4418
377
1848
5785
21577
53
28686
5203
23436
10164
27051
15160
19783
18393
24989
26664
15247
11576
19323
23887
26766
5051
15510
21956
16890
26453
3154
13458
11296
26088
25623
16604
27676
21515
13298
27286
8408
14361
1454
5601
173
12837
3082
1866
25986
28892
16669
14733
5219
13746
27272
24842
26246
18641
20925
25992
10767
15807
24913
21105
29601
6203
19860
23287
16708
25825
4796
6664
5962
3797
16667
14671
20526
5667
6777
17276
16563
16373
22135
14921
23599
2082
26596
21025
4334
19300
6989
16586
6794
4027
20586
21228
16326
9543
22980
18915
17065
14566
22927
44474
20602
7476
636
15024
5146
1850
1469
2349
20776
9423
29618
26753
15363
12166
19006
18999
6006
18783
17307
18031
14387
10999
16096
28778
5026
26967
6407
13041
5181
2338
11760
14879
20559
10993
502
1967
26533
20348
5625
24122
22227
13441
15258
10822
10200
6775
885
12521
15
21620
17745
25435
10397
11343
13161
7700
6507
21638
17273
5268
15489
20958
1992
7826
27273
27546
7886
7573
20599
17728
978
45587
8962
26991
27405
19652
14062
27367
45685
23486
6057
2687
44429
376
15459
18404
3520
28647
24441
343
2167
15519
5321
26875
6549
16353
27456
11203
8729
13681
17120
10636
5589
10982
9013
25712
17538
13576
16931
17442
966
14932
12904
8135
45620
11598
26932
1628
8425
16607
14332
6567
6075
310
11990
26420
2808
28646
6811
42
4315
3091
18242
12213
9955
27586
26773
985
10698
19365
48573
14099
948
24091
4757
4767
4653
10154
5230
1855
24489
12576
7707
25361
5052
807
11974
7120
23993
11335
17730
15189
26498
25474
5180
22923
22703
13375
20646
7408
24492
27606
28004
27880
4179
20713
14813
16656
10430
4898
641
26851
25651
19638
14041
27465
35
8852
17572
17355
21119
3135
4385
14511
21113
8821
23711
9221
3568
15728
18529
12532
19190
4576
3511
17600
16698
7915
15889
12024
9253
23329
14319
27553
5035
13016
9097
17901
10875
27709
17209
24922
28521
19491
8957
16252
3005
12755
27694
2481
16899
28035
17434
26616
3013
28735
25343
16377
4600
2851
7793
7951
18272
5951
26006
18383
26520
13432
19968
15992
20350
464
19129
18822
17722
16290
27846
1291
3885
27332
20146
29495
22619
16553
23510
11364
5262
7734
19189
24682
7292
4951
45743
10707
14680
18932
3152
22436
2892
28622
25124
19972
9049
28459
12742
12941
12685
22367
23838
27504
17716
10943
17302
19473
5298
25809
9988
4761
14689
3059
6085
13438
5386
15040
7253
10205
3653
7863
5315
2988
23482
29181
15259
3756
26331
21185
11621
28938
5493
19848
15633
5164
19899
19541
21672
24516
24311
4237
28059
14649
14833
18993
24054
12640
16245
2136
25322
2291
45720
21636
17998
4808
5125
19389
27976
17057
15165
25371
8163
18111
7912
8235
26865
21126
18654
25381
1246
23995
3110
7907
4461
10846
8580
6634
27801
15623
8874
20624
18297
14159
5178
21040
13004
620
17032
26052
45622
19556
23212
2924
6163
13688
3224
25549
578
29175
16499
11778
24632
13368
45684
23334
10753
15418
17793
18710
18359
8177
28349
27511
20313
26242
6110
17903
4695
7911
5104
13049
14403
21997
27632
20842
24638
11257
14875
19549
17117
16797
5631
11911
12869
13491
23444
15923
10553
10302
16540
25335
673
11539
16957
16923
25727
7841
19911
24261
1461
5163
7338
28558
27378
28937
18823
22685
19301
4584
11155
28121
22930
19925
28666
24433
12263
6954
17487
25795
25739
10506
45570
4352
21888
19964
23810
187
13197
17539
15676
19296
9141
5113
2641
23461
4211
741
54195
20690
21937
7100
17848
19043
25144
10756
45673
10344
12531
9807
11814
21841
17851
24034
6566
27275
45738
18474
5031
27661
4896
10746
21002
28642
27871
19411
6136
6623
2805
20723
1323
14798
3767
11647
45715
12219
7828
28635
24829
29069
5172
9671
7844
5959
26887
16911
20633
16836
22395
25086
19251
5661
11975
28680
7514
12674
21345
16222
4882
28964
21868
23202
9589
12711
17393
29622
14608
22212
19152
20870
6933
27346
28706
19404
23107
11829
2032
24442
28673
3992
20247
17880
2619
25859
19513
2139
7616
2609
18730
27453
8434
25327
11406
4354
16285
25836
4133
3582
18643
1608
23734
23894
10627
15314
1446
19533
7321
11535
10162
5222
9978
8366
14799
22912
18859
12838
18613
14979
25354
12561
3290
28320
25906
10434
2148
16918
3806
25406
25496
28989
18501
21158
1434
26640
917
20927
28245
8410
12585
20822
6784
20221
21776
45729
11468
17251
26485
14676
24936
18426
17005
28909
12065
20760
27684
577
18292
59161
16268
13501
26011
11783
19858
12555
27806
45638
7412
13835
22898
9965
7601
24547
8797
8444
10481
27768
1478
19044
11775
21539
3109
17551
17689
20260
29124
22055
3239
25222
27095
24674
17637
26021
28230
20759
28925
8176
3057
3725
4974
22353
6158
7007
7691
6625
24561
16370
1650
51117
17899
13832
9651
27477
14873
4466
6094
4716
27316
20826
17373
8190
7420
9562
9933
3105
17703
13457
28651
21570
23930
10693
18198
13908
7814
23932
9007
11714
10452
4824
15184
45688
18217
13258
4642
8419
4714
14942
14909
542
4568
17771
29065
17141
16748
13984
6558
14508
5283
10533
16440
19931
27174
3015
22699
26223
8686
28801
27261
12814
10568
215
28742
29241
4791
11352
20358
8111
8978
26883
2511
23368
5024
14148
18760
21627
9535
11697
17383
21283
27011
2265
26464
15333
17435
21843
15395
6951
8134
17798
6170
16154
15301
25064
14498
23550
5817
13771
10345
4356
28552
595
20099
21347
17747
21088
16206
21167
17368
12771
338
20875
17208
27551
17002
25163
20268
5833
6035
17416
16352
22292
23373
29577
7688
23183
9446
23879
2567
25645
19452
821
25827
12560
22170
18571
1334
20557
26952
5979
17656
24574
7234
26303
15826
9894
9541
9405
184
26823
22897
21590
13474
17316
25313
9964
17306
2277
5126
18721
21112
7478
19146
28456
5179
490
11860
14912
26293
16119
28580
28891
37932
14639
23028
10364
45559
20907
7684
18611
8276
21220
17518
17900
16906
22132
16232
5140
7747
11017
16952
28796
5123
4396
25123
29111
10375
6967
14787
6425
8996
16196
4626
16595
4729
22966
13300
20355
25295
27319
23640
22652
10523
25629
24906
10580
26809
28253
13861
6052
11703
6111
14822
12243
2956
45593
21497
45687
11628
4141
10634
3433
5395
7924
5155
8504
18432
11008
29633
22697
15066
352
24099
21472
5319
28839
11496
11870
7513
5693
5361
3624
26962
45344
9046
24917
14058
15444
19999
23520
9411
2880
3783
9347
23023
17727
5152
6488
13754
9533
45623
16516
3484
21258
25522
7202
12418
21027
14331
4377
13230
19187
334
5256
15224
22079
27498
22005
18691
16634
24591
3562
19770
25640
24035
5257
25856
18182
40560
11184
1152
5226
8654
5288
11670
15764
14693
14257
23366
7065
24255
12839
8546
17963
11871
10140
16803
12860
3178
22701
21437
29156
25677
27899
4220
10762
21944
45608
22166
27336
23311
14330
8727
3911
6747
12750
20700
26051
11165
6589
12319
14346
24692
24532
7079
2097
14602
4971
21670
23426
9980
17025
11698
20741
1141
10035
25714
21728
15495
28562
6269
12199
45714
15516
16071
24703
28951
23614
3432
28960
12783
10189
19799
16823
2271
23309
28428
12233
43233
15289
162
19093
15873
43770
25329
27447
25838
4078
8583
6402
15276
15115
12040
9658
5077
14205
12228
24876
23834
5726
27386
45674
28893
29550
15672
12581
4559
1059
25176
3380
15456
15340
6223
3855
14643
930
4433
19816
27864
912
22497
15155
2682
15288
4100
10043
29113
5927
5609
5728
290
21827
7984
12318
25972
6019
12661
26136
12140
4438
22078
11326
19419
12784
10176
24260
24687
18167
29086
20000
23267
21608
5137
22072
25311
25041
3240
48748
14861
28611
17371
3093
20152
16975
23538
15707
19702
16000
7890
22368
3287
17108
25655
8806
5280
28578
12824
24931
20949
16022
11169
14591
23739
16834
5714
13752
4312
8649
29552
23567
28202
10006
24127
6024
2545
25131
14110
16271
25486
21538
13949
7260
26410
14994
