9449
34139
2708
19446
24612
13646
2630
32862
18016
40570
22139
24799
2634
1508
49246
19575
42716
31214
24839
52164
48528
13723
51296
10282
43081
21890
18625
758
56610
33613
18241
23534
31693
2449
32331
33224
10409
23415
45007
28863
16484
6277
5778
22265
35449
35660
32882
56092
37418
22074
8069
43266
167
21364
44622
34381
36335
34756
5524
36006
18903
10629
25685
717
8207
39221
24209
57640
46703
43071
44417
44629
14245
31126
57718
14560
30027
24379
38993
53561
52935
57100
26765
1359
28976
30398
34435
8866
51844
58703
47148
3284
19207
47938
29875
18489
25
17653
48325
28268
31559
5248
682
23499
25146
22033
30979
23677
24870
8691
48831
41213
13623
56226
21523
17411
51130
507
31903
46849
24816
2966
21076
4686
5467
35607
33901
24415
50711
57769
56499
45631
20537
51512
37463
55909
27255
11327
23501
58072
32629
46836
15401
24391
15969
31928
35902
7370
40427
19645
17812
34837
12728
22337
14407
21898
37907
28810
462
40484
37324
41609
41652
27056
17410
14196
36548
57608
43210
9876
48553
26370
31837
15202
18508
44638
53418
16155
34809
39312
26437
10519
21599
27387
33365
42372
52284
19616
1852
33784
51514
24382
25095
33083
38174
13637
41235
5831
4494
47741
8042
23487
8503
14610
11270
58215
27318
43698
23302
29736
55857
41907
38131
24218
21793
24909
35912
22649
29310
27086
46125
31725
11198
31890
21912
20654
57611
18415
56152
22900
23180
18736
3000
51774
44028
20233
17496
48434
16900
2644
17161
38199
27826
33528
50879
39616
36307
25789
26429
4641
48309
46300
50422
20968
3891
14668
13717
6292
31633
38137
53027
23710
37816
19184
14874
17618
22592
49359
28115
19820
29245
12452
33773
36580
39052
50331
22151
44625
52595
10008
22425
28761
40690
33945
15528
57665
28161
41964
9471
23554
48308
2884
32904
41279
33012
36710
35243
54524
15685
16751
24470
23761
27893
2051
19557
21908
47957
17136
34224
1609
23514
35655
5671
23690
17587
28835
24055
57797
23432
12881
42284
33791
46383
36273
13502
21790
49767
14860
54108
11944
16929
13780
25480
46502
31109
2730
15670
56910
17242
15285
55786
27775
34278
45286
39309
41972
17089
51539
38062
44818
30869
31534
38955
47523
28044
11075
31741
18522
36398
43986
6147
39869
42739
50114
624
8607
12449
28023
22054
48240
14820
57540
10911
12124
53217
21173
18566
5970
54690
6307
47465
38135
46454
29758
5830
24890
32883
33264
37169
36612
9110
30609
30674
9893
54225
36944
8260
29675
22804
26942
31616
44733
19438
49248
32221
21410
9307
13454
34187
21894
42260
32952
47239
39115
46708
37963
26855
28689
21649
45201
41996
28060
58695
29022
42052
10316
36021
28596
11662
15922
57639
36581
23451
51831
24736
48379
9435
35373
20669
48125
19872
25395
47366
29824
39121
31503
26754
49307
52145
11449
3791
32743
27887
24243
21960
12603
17554
6988
6267
30547
24133
27966
47753
2437
54002
37394
18380
41184
27457
11310
28314
6453
57986
39489
41028
58701
8688
8711
44656
42978
18251
16140
29325
10346
30720
35618
33559
35530
29746
49391
51444
14043
32278
7082
14719
28946
895
11452
11538
19819
41116
35495
53534
26666
4914
45487
997
5713
22460
12909
44590
38541
46839
33960
39677
16478
51105
16707
32946
15788
42718
50090
51336
50790
44378
11761
26692
11064
30014
34267
54886
4398
3473
11676
30375
2519
18799
22003
39181
48231
20259
10426
52795
8741
1603
32238
37864
13738
39534
45614
28812
8917
23207
58439
2182
23563
43828
33219
44628
48567
35496
34083
53309
27376
29761
16682
32041
32845
33573
19677
18891
13952
36077
24024
51415
9700
52541
22486
13672
31083
21934
38552
19493
