59064
30501
33872
31171
31365
36372
27699
34125
52285
7637
49607
24098
30855
33438
31493
31273
32644
50918
51555
47452
7590
38074
11797
12726
3405
6482
48591
32337
6904
30504
58589
51087
33518
54286
8234
51295
30519
49993
27458
49001
50326
49006
33580
58815
48825
27160
6130
51503
7591
8194
49313
31696
51556
49706
32969
32416
31623
43728
31552
32860
33376
8040
58642
31277
33400
33060
58623
31993
29903
29562
31815
11780
7605
31055
48071
7033
33122
9428
58277
9180
13043
12123
49716
29953
1509
27429
8704
50812
49469
48086
54274
12997
9796
51561
52517
32859
7019
20288
32957
49666
8001
33729
33830
7932
49097
