17196
15651
21533
23606
5948
32377
872
10924
57495
46285
39365
41411
5687
32577
57885
5823
22088
36225
33133
57464
18460
32194
39473
13925
44073
35401
21755
28142
33413
46399
24660
2260
34106
46371
28363
25670
3896
20613
35766
9512
36719
35468
24964
6976
34990
36289
36248
29104
35567
6842
13686
56983
1656
54428
34354
57208
59104
4214
36278
16863
42345
51436
30549
38009
25618
7255
54071
15557
15727
41343
29992
34807
30135
54228
32544
30512
54138
51865
36564
45331
32426
57865
19026
7243
51575
36304
24137
2194
25584
34888
34730
39790
16410
55192
27820
13110
39065
37674
28662
34907
34182
44714
3583
33397
37393
11590
36945
29407
8683
3468
12420
15120
50180
23246
49297
35436
26240
49475
6229
38656
20494
20579
10667
34393
37683
10549
16828
52854
49380
58831
25583
23909
46331
18150
11995
16729
36901
34851
44685
43034
9401
14838
38734
14430
18634
56058
51342
29333
35327
34109
5843
38606
7361
57563
36165
31734
31760
8709
54010
4402
31345
54190
19954
14190
46517
11384
10689
54277
46058
54009
54521
37658
25098
16371
17949
16242
58454
14793
19672
16593
42296
10602
33782
24031
37772
28816
13808
29405
15077
38069
21766
35600
31299
30632
34711
36112
18924
57084
48886
6644
37092
58681
46393
45640
57907
57633
33211
17103
8854
26488
12098
31860
41747
26870
16809
23135
54427
31947
58945
35104
29134
35755
4041
31265
34637
42205
3875
48755
14095
41143
58279
4503
20615
29840
16270
56789
16509
5806
15096
59085
44489
31325
24858
18565
36311
35745
35720
8350
31499
30232
14812
42219
35226
35707
25804
8320
58141
24994
39687
11119
45036
43383
53408
39193
42495
52831
14189
35321
38781
53506
15360
58245
29073
58852
8808
37372
17134
57895
9488
10247
37752
30614
35037
3834
10660
52951
34436
3172
21998
34174
47545
32570
15756
14659
38981
47394
16629
49694
57184
51185
15767
53421
20434
49192
42313
29895
52434
10612
36599
56469
54012
58209
9280
45594
53266
41578
14032
33955
35238
40624
54024
25509
19284
53399
57559
50177
52015
25940
23855
45672
43188
40634
31353
7957
17991
58564
4064
57482
44176
41601
10582
8931
18390
10616
14079
13943
57691
12354
32069
29217
34087
38050
20057
43024
37528
53478
56584
25132
29690
31262
49489
21757
32409
57515
33241
43078
57696
35537
40846
35716
28263
48657
45675
58529
36517
25321
43306
49321
14716
51209
25974
12268
10952
6278
13661
35946
35381
9270
38081
57929
15882
11342
7676
33105
54011
4368
33326
14677
29645
58257
39308
30061
53795
42183
53530
51798
49911
57098
34123
20382
54013
25735
53181
25234
39228
15262
52863
35437
42692
35480
58224
33383
34810
41209
36222
18671
34954
39743
27625
4099
29352
22783
41526
53748
52745
31391
10130
1455
36960
19435
19852
25130
3561
17803
15608
38325
58163
52698
55154
35280
55190
7140
18234
29149
2070
17933
18207
36327
34922
29814
18742
57479
45777
14884
11368
42637
53515
11668
36378
21644
52884
11811
3884
53968
14329
51189
26568
34112
35632
6900
2763
49072
41731
22228
34269
47546
18972
44545
37810
37464
11863
25585
30230
2657
11758
51238
19817
16868
43896
57420
7975
25393
22988
3238
50072
34734
34407
19339
41963
42468
58404
25672
20465
36994
10256
46267
37972
5394
41540
56970
26172
589
21634
52112
6031
35335
23235
3724
35759
56133
9426
47906
7393
25421
48954
27434
57808
58919
23539
12401
57857
7530
31951
5944
15583
36256
10604
7160
16636
4137
16831
33561
11605
13812
17407
28894
18165
35789
27747
23124
30729
50840
57932
56542
34736
