32438
11808
31912
30506
36364
22578
20772
41723
48288
39085
50165
10402
8689
32900
6659
6390
13287
35748
6706
3244
49816
26385
32371
24680
35703
1373
39129
34001
16812
11593
31574
16963
31202
26678
31531
31544
20756
27425
31883
58675
6027
1231
39039
50441
7089
19684
32323
10182
20881
29354
47992
39092
24819
16804
3533
39004
24399
48828
30886
50318
6834
54967
23651
45282
15913
44666
27026
35983
55484
27954
33298
40598
51002
19245
21029
41058
30633
19209
15216
48596
23114
42343
33502
30026
34866
32974
11595
45148
44286
29076
11232
48870
37981
33546
32155
43010
32091
11617
32302
31636
32962
31105
9824
22829
30495
2993
18720
49026
4737
56355
29868
19691
20946
55370
41129
30863
31378
50169
48063
33267
3652
24012
32445
30392
10381
31962
49554
57860
4051
31322
12751
8371
56356
36024
57214
27091
23525
1756
37391
44129
27675
58636
39191
13191
812
32193
33965
10411
30505
24923
27476
9092
54709
27518
4150
49277
39630
52967
29327
29879
27945
1884
22604
5939
35773
1159
6786
5421
21611
13793
23648
2552
17829
2978
30199
32325
36047
48149
34120
3442
4510
23074
43476
650
13325
27918
10098
30682
29977
26615
34511
36259
1093
30150
33930
47927
32879
25201
32342
39031
15799
33102
7265
26483
29270
59034
48129
23184
35515
31703
1780
33480
33381
30600
8690
5384
11887
6306
35645
4745
43713
31571
14723
33044
32555
28654
30583
52959
27394
31796
21618
31369
20198
31014
35900
11532
9554
4061
8248
16677
1284
3087
43053
59109
43715
26857
26009
21705
40708
58959
28603
29983
31998
52643
29935
44692
35399
49249
36483
44669
30976
4367
26757
2555
34521
4392
39016
26782
20585
31593
33021
31945
5389
35505
51803
44969
15809
52076
28173
32991
28888
32701
31569
26419
13713
24227
814
16036
33159
6986
32913
42981
31826
5360
50406
35887
28463
8013
45216
43146
31862
23047
10407
45226
31650
52393
14419
46166
30149
2456
50833
33861
31595
1586
48128
8195
29410
39466
35592
53943
50401
30196
33597
34043
33777
50154
15007
12089
47606
16297
46424
51384
32288
28884
10171
26803
31131
20948
9464
44604
49064
41451
15885
30568
16869
23732
47582
1641
43115
10589
30900
33156
12148
34495
52355
41124
3455
47749
47988
42129
29537
36486
2943
3292
50400
15784
52606
57147
26067
28736
5925
16007
12093
58964
231
55388
54895
8017
48157
19738
16858
6764
31795
4782
24656
11555
24557
16671
25278
24751
9588
4288
34054
36215
35774
26589
51128
34661
35539
40275
53803
18657
45760
19527
19022
7562
18848
21785
6048
49062
5367
11787
44096
36863
43683
32036
8334
21341
6929
30201
44728
1737
33918
30847
25579
25079
3027
15348
30003
55595
39117
22566
35542
656
11675
13315
50289
32395
49282
13880
13531
12499
982
30290
51132
29610
17078
55372
45627
590
11892
16714
30579
7496
39462
13633
11380
34500
48897
7976
35479
39038
34300
309
19276
39020
33935
34046
4532
57642
47920
50351
46421
44313
28548
56376
49273
11421
31278
35780
58268
805
22104
30889
48846
3962
1616
34386
51356
8197
5955
48540
29184
31665
15791
6444
47617
58110
38000
622
28760
6556
32244
46076
24771
55371
42967
3945
53477
23500
7471
30833
47194
17384
32841
39123
11931
1828
14272
40746
31439
26313
34946
58093
43355
21925
13056
12857
10064
18224
26334
6084
35060
26219
56687
32958
418
8579
7955
29904
18610
9578
48095
30573
1483
54504
50897
296
11191
48873
50451
31843
35595
19846
7617
34372
23980
16574
28009
14707
