45639
45722
45475
45696
45657
45618
45668
45698
45625
28709
45727
45485
52500
45493
45678
45643
45497
45495
45629
45712
45631
45732
45661
45644
45630
45858
45649
45721
44462
45465
43933
45691
45739
45637
45692
45667
45663
45561
45731
45717
45706
45591
45689
45583
45645
45601
45624
45665
45350
45642
46698
45496
45744
45726
45693
45666
45503
45654
44837
45676
45515
45652
44534
45648
45664
45636
45670
45658
45734
45633
45635
45662
44600
45486
45751
45609
45616
45547
45655
45562
45452
45707
45730
45474
45747
45641
45679
45555
45587
45685
45620
45743
45622
45684
45570
45673
45738
45715
45638
45651
45688
45614
45559
45593
45344
45623
45608
45714
43770
45674
