34139
19446
13646
32098
37354
18016
40570
12919
36912
30070
18058
33660
31693
11663
32331
23415
28863
16484
5778
21364
44622
36335
18903
25396
54268
46703
16577
10892
16074
7565
24379
53561
3802
31336
35538
44566
22894
18669
3284
28268
31559
25146
30979
32535
42506
8691
13032
10431
42934
51423
6879
37463
6382
11905
20352
32019
23501
55543
8773
21511
31928
12728
3531
14108
52917
46934
48553
22281
22832
19405
39312
6798
33365
42372
13865
21961
31375
5831
4494
33449
8042
53020
13128
31242
49400
20440
24218
22649
16423
19325
21912
11067
18817
3000
44028
2644
4183
36307
26429
47901
20968
3891
32159
6292
43011
37816
28046
30541
19820
33773
35602
50331
52363
22120
41220
15528
23554
48308
32904
22612
29551
35243
41773
2051
26772
19557
21908
29688
39602
35655
5671
5864
25587
46383
36273
16929
2730
6078
18737
37293
17089
4162
38062
27611
52139
36387
2879
57911
624
22564
54690
34968
6307
24165
41822
8595
4222
25746
22113
33264
24385
27894
36612
43401
36261
36944
29675
35366
26942
21920
44733
39738
10196
49248
32221
14001
18540
34331
48891
21894
41721
32952
22931
8718
43731
45201
551
37317
33447
10316
18367
15922
23740
17268
48379
35373
25395
51806
49307
11449
32743
34923
3854
37880
6988
21926
46350
30088
30547
41131
56482
47753
11310
6453
8688
782
28819
18251
10346
35618
33559
26453
11296
29746
33196
32223
58311
32278
14719
22927
51418
28946
895
11538
20487
22044
19819
7408
30746
10943
44590
33750
13368
30462
15788
42718
5794
51336
11761
56069
1446
4398
34167
20259
9933
38636
1185
15333
15395
10364
25123
48567
35496
34083
11628
32041
32845
29156
25176
52541
46642
24679
14198
31083
