1635
39282
5937
14228
54058
47635
54216
10571
47636
54647
2899
50016
8557
43084
19126
49415
23681
29864
27638
6796
32254
36767
34101
7534
16309
4723
32912
33299
24103
28831
9409
27432
6108
35977
49659
24675
7797
43101
33770
9360
32440
18759
38019
33304
42791
44362
55487
50129
51113
4527
53951
26693
48688
45610
25319
47673
48901
24487
44115
6721
8953
30374
26015
47722
33798
54519
17925
3189
22040
10389
15947
6760
59135
10351
7182
10368
6927
15475
27697
6454
49189
6711
10461
49775
27466
6339
16367
17345
51088
30119
28536
53094
39532
59132
20543
57033
8693
33947
30420
54366
6727
31316
43061
24119
7411
33430
32402
47896
8853
42911
49608
16124
50959
47625
54723
48422
44048
48108
32403
24397
8264
32928
32492
30344
47685
50464
21906
19589
29213
48746
20611
17290
43029
54656
21233
7778
10955
48983
9816
30163
16974
11423
35300
293
23996
25196
49405
30213
39499
17263
47628
36422
8179
44396
658
48598
32782
37376
28098
29887
7811
33191
31005
10476
11832
58599
49581
9113
33892
12912
54977
35974
25033
35467
28814
31706
10111
2901
30131
49294
54362
4252
10309
54369
32394
24020
54912
39482
49640
47777
36904
27893
32010
30214
972
8381
26674
30971
32847
42710
31023
48931
36476
31596
24723
53361
34406
44082
29246
47660
59015
54934
36187
9127
49776
265
8682
5423
13762
45579
17614
3255
36843
56956
43986
48634
801
40100
33335
12158
49621
54561
49525
33311
48083
39721
30204
21745
54766
17289
51495
50462
41845
48447
29555
40423
24545
50478
21619
28523
33734
32457
8101
48153
50157
48847
1473
27649
24491
24621
30138
6801
34027
1140
47929
4678
33288
10388
48220
54699
16664
48097
17277
8547
48991
50188
27374
55967
378
54092
30102
48862
3870
24493
29824
48732
22526
58621
35237
55788
11052
47960
30203
7798
42524
6763
38184
48530
55746
30294
31740
28011
667
37123
40735
54193
54356
30882
31691
17220
44012
44770
50780
50304
9883
54940
33063
16462
48717
25410
28845
48713
8884
50206
6859
33590
55774
46062
31360
48000
29238
7869
22067
31573
8616
29265
23985
24135
49091
24510
48117
22015
16343
31288
30707
38961
24039
32855
7437
48912
15848
27297
13716
16855
21933
37310
6089
27497
9395
55961
10516
7880
54397
43106
25315
50396
48178
32702
6814
22890
33517
54045
11451
48088
