54949
16956
14477
2127
34811
56114
58886
39684
23917
54399
59064
40199
57270
44139
30501
48626
55504
44227
53001
14104
57471
41130
34941
37953
12399
23474
34635
42181
52979
9334
57272
46627
50017
56100
56930
47335
47439
54784
42922
20325
17544
12300
45096
40219
57944
57906
35403
52449
57161
25936
29995
53594
31563
57619
55199
58171
41917
55821
14484
57698
29399
42867
6483
48868
52640
2698
51477
55114
50457
2596
45453
58298
34104
33663
21825
50567
42625
45104
26540
41419
6545
47518
6975
40900
1395
46842
37718
39939
57702
42822
44830
19868
10372
36968
57363
57681
54936
37917
11987
46457
43536
59195
495
52249
32006
13379
57520
34444
35098
38247
16998
52590
58878
16223
39873
4403
19900
37140
23664
50691
38039
59073
49347
56585
35027
56171
30263
22822
54782
45116
31459
50784
56626
37512
55539
40208
59217
48957
39800
55196
57122
58030
57495
50554
50139
58327
53102
46285
35360
54069
15106
47593
52278
57175
34964
45889
7940
57403
53178
49920
23089
20381
44104
40468
38451
33962
51370
55473
37881
41880
40205
42721
24313
13610
54824
55147
59239
43385
41022
45153
42847
57651
51242
5157
22543
52841
31672
2436
40835
17359
52238
36585
31900
48066
56946
56535
17932
37848
58862
39805
42169
4471
33233
8703
16623
5029
52153
14089
57612
45401
11337
33869
35718
32152
10685
34142
45254
10365
44881
54111
13075
51587
57407
53671
14728
46471
41819
38768
2983
40050
48978
18460
40285
54137
46949
35028
11750
26918
47755
50758
15252
54172
53955
56555
19087
34285
41878
41740
47419
58375
55356
29811
44073
37839
11485
57308
34411
7022
41296
40039
53313
37913
36985
31754
55972
13871
52514
41182
56449
50312
6418
55238
33290
26202
31624
13184
36407
22282
42782
32514
31643
12715
18510
47561
37401
36372
33832
45271
24405
3824
13585
41863
9115
38610
55885
40757
16253
49470
41393
41316
19343
37745
42561
51738
49233
45959
39580
45948
55235
8715
50359
49950
10963
36536
13973
3740
17427
41519
11246
55844
46545
18200
4097
43269
11179
40365
40227
36970
25249
59241
7184
17425
1816
5237
52483
19478
42130
38111
49331
58386
19241
57011
857
38221
39448
42010
37680
23641
57295
51312
43998
54733
14779
36810
19476
52433
52840
37367
56909
51525
58356
35121
57391
39977
55201
33575
40092
46591
57066
42267
26950
41842
38278
34729
50738
53450
19393
31077
40166
55120
24499
57722
37970
54966
11977
57800
50001
40935
34106
49043
51235
33112
31802
43175
58026
57186
38719
54001
44404
37556
29326
59122
53635
18001
43267
41140
45549
17913
50174
55386
57987
57713
11933
38772
52026
46617
36153
41957
53200
44874
13080
33878
12807
56932
43126
35521
57369
34466
38208
32606
18812
54830
41911
40763
7446
20307
57213
48706
37840
47682
36442
56134
38790
37777
58417
22875
53467
39934
45863
16439
42311
54117
42215
56249
1584
29323
7066
53284
40518
36956
37831
41408
40700
43091
57219
44363
42876
33665
6564
40193
52130
26713
52301
33873
52736
55076
42588
30402
41300
30330
52830
18869
34011
58004
51838
46804
57393
34483
18088
8570
40138
36813
36283
8864
17529
11536
44008
52556
41813
40706
59232
57200
46945
48504
43978
11624
41381
9227
43868
48853
32472
24851
49173
54485
45235
51140
4936
36817
35311
6363
7873
57251
58462
51371
56845
57480
42960
50688
34977
32324
1169
42554
46312
49868
35072
45998
321
14792
35022
3833
28851
11400
53462
25152
38630
40103
58322
57858
43315
34546
54243
54885
14298
36044
50927
39150
56301
27699
23750
32461
50553
35668
37063
56731
32648
59012
48514
5499
48509
48358
52948
53540
55718
36719
8445
57001
52704
57824
59245
54579
13130
18967
53322
46803
35468
42469
42143
43499
31975
30578
19477
50723
19095
50258
42606
17937
15998
55640
130
41743
32516
57815
17523
30741
23214
29787
34125
30066
41352
37311
38682
56247
41018
45059
41224
14133
24335
41104
42154
5480
34704
56160
18811
31968
18806
53996
2373
37138
48525
28529
34165
33313
58764
58430
55116
55753
28606
5868
43149
50344
54560
58812
36730
26336
54763
14160
4056
18941
32361
34558
57935
44870
37714
36725
53616
22968
46577
17064
37555
21369
25962
37046
58220
53388
58194
19802
49663
50593
39430
40013
1042
13485
43360
56831
7038
36974
41482
49018
46323
20385
31412
57315
58198
36116
48911
38291
15111
53370
42409
45805
49823
21740
54090
57148
22156
52038
16554
13272
30715
20444
15463
54670
17615
45359
53532
53814
42155
40375
17029
11049
51388
32305
6022
32048
10211
12454
9834
47708
38139
50179
31936
3787
39303
15895
50768
57963
689
34644
52727
51399
33951
7232
55523
18433
11982
10473
55442
57164
34654
16502
24351
41163
57666
48549
30644
57496
43945
44857
52768
46034
30966
52554
5266
17454
43792
51862
1372
30160
37390
57367
51155
32112
13509
42402
48314
53701
59198
54758
49258
41764
40459
1656
55883
48652
41239
11408
13418
43942
50828
42824
59261
32080
37971
52061
10739
32597
35763
13980
41024
33302
36950
875
20515
56031
36229
46678
41763
22125
48402
31015
39803
7672
40774
15501
39516
41208
43252
57428
34543
42292
13582
45792
28119
45079
45149
52285
15286
13148
34773
39291
53182
26263
41988
36042
36494
55462
31742
37808
44355
3064
27245
50639
4043
43745
38697
53307
53596
38598
58673
58540
34563
53415
28804
57208
37915
56162
44977
12948
10033
46274
50252
50391
48315
35691
37207
43744
58012
37546
44872
46329
43414
17154
49764
6998
40742
35118
54120
50728
59251
57660
51211
34767
28299
38079
54327
12274
18134
58045
56278
35405
32992
50456
4739
41397
43938
42379
9534
14192
11271
57673
37862
46667
42800
55897
26426
45447
53483
23101
49238
19480
42807
56261
8991
38874
39951
2557
41382
48103
39432
9649
45166
27571
23261
15982
36718
50631
7954
55485
10613
25586
55429
44820
33056
45185
56464
38684
24879
4521
45932
35616
38337
9250
2076
59185
10951
48360
51515
41306
18163
49109
51436
43619
40047
38035
14754
42032
15133
47937
41670
3420
29730
32666
53613
57845
7637
20342
58058
33932
1759
8030
40416
42526
35386
36827
45300
39895
34834
29850
35045
26095
45836
2378
42938
36855
22375
2600
37935
47312
37577
17267
8140
40197
34612
59176
42273
23643
282
14033
6552
44270
56708
9044
34016
59271
49143
58029
54317
29051
11095
39094
19720
57239
56524
57864
43961
44198
35950
13236
58491
15071
57454
28826
39897
29845
56681
30925
39088
37328
57580
32734
10704
43852
53571
41632
50587
9910
36619
9460
47410
19053
34663
48471
41879
38283
7255
37918
36111
57090
45417
40093
23226
38906
56823
57587
41190
13998
41967
34975
57833
16189
34901
55935
49007
23978
57330
56546
57062
2573
12156
52743
58123
9339
55225
51615
56406
49614
51416
41624
41347
58569
49175
55536
30206
17904
51969
38084
29588
3365
29649
53485
15837
41343
23672
18743
19117
42553
29992
55499
58187
30318
38835
47709
27508
24941
34442
48289
48892
56560
52092
40863
8210
39325
48612
42478
40567
45175
27751
36145
42723
47555
34807
29973
48603
54218
36712
42087
39823
34900
37767
42044
46508
27290
46677
13930
28765
30626
45825
40884
49779
48484
39767
56475
34343
54269
37362
50585
46246
6730
49741
14506
45015
39265
30326
42694
35775
57284
28699
36305
42271
57875
12482
48578
49607
45877
28037
52621
28551
28214
52457
51232
45551
52910
59243
39356
13645
42633
47048
35903
32544
23393
50900
55125
13917
51414
11448
34602
5688
46519
39957
36310
55056
30512
58497
8428
54033
37746
56781
57187
33566
46851
42427
39490
35013
58748
40229
54255
26179
43532
50917
24175
55518
45257
44966
34569
38249
7509
15861
54576
31923
22856
46665
45445
58729
56906
36134
35128
9694
41678
34566
34088
51571
57684
56839
34930
34586
53323
51630
54138
15212
23463
55155
34340
10465
33263
34144
19850
51957
17418
47224
49087
23039
3994
46713
45027
42857
6725
52726
32104
36894
42104
45463
34357
29436
56532
39997
49214
56698
3856
35361
41772
39968
43419
35876
43145
40454
53718
53578
56348
44229
22647
45439
57354
38263
53771
59263
16744
39384
56793
46249
1787
19894
38082
5407
46273
54891
38864
48759
32149
57174
21143
57514
34951
14589
48196
52324
3103
30616
4768
31240
26551
18513
14107
44867
23939
41114
37403
42203
40975
45135
37597
19026
13654
33676
50615
33686
52009
46650
40342
40037
34397
16049
45572
28661
2014
56827
57859
36852
53518
50098
46284
46954
31475
55684
52728
47717
51570
35448
19084
22788
49082
58324
30780
44375
42663
33054
20827
45518
53562
2075
47331
19707
11565
58125
29809
48684
33602
53179
32508
49732
36840
17645
35402
2179
7243
15369
57655
32802
55044
50816
10927
50060
45377
25384
30431
56586
47046
20519
33835
8448
54273
46000
8909
7997
44948
53580
13391
42111
57993
36803
7902
47155
56132
31472
40571
50215
37111
18054
48
51524
57955
35535
8553
56148
58179
41835
31070
57595
27489
56167
43767
2194
2466
43251
12073
19458
29576
57317
51136
58460
32588
25584
12075
54373
42411
34113
28073
46797
30574
20505
21851
33790
53543
37928
37757
25469
4447
43796
49637
57509
34814
51338
31859
2934
51486
16930
51326
36218
39540
57386
44147
24575
48214
52689
58696
49485
37307
58414
48816
37663
44472
30222
16410
13995
54247
19635
44159
35139
31203
44580
40726
47120
58188
50557
41380
36083
43072
44555
45337
19427
47457
41211
56156
35554
50515
47520
40758
38857
33996
57347
50302
4
57392
50991
31237
15376
34940
42655
45902
51028
13165
48814
51430
44844
58339
54186
27389
26203
6587
45910
51790
39392
49207
10475
13250
1027
10777
52853
56715
53822
34524
24447
32419
51251
57280
53703
57679
8566
20
36781
54109
55015
36508
57615
50683
53693
44714
55902
40192
34221
48438
52005
29472
6395
48033
45023
3738
50674
38992
33657
3407
23837
51602
19573
43168
44283
52672
14091
15446
24997
49476
54127
34902
41156
5911
12453
27502
57731
47726
26389
3617
39508
23322
29266
58149
47037
53398
50767
1746
42581
53949
55007
30605
41663
35369
57249
37955
56450
34148
48493
57708
22801
55126
56232
41227
34220
49691
11738
56953
37028
1712
40586
15059
14122
16820
15135
52885
58057
56570
45165
39300
40994
37393
38912
33588
45671
38160
58997
38978
42014
53595
39909
54855
32767
50427
41389
52647
58913
48158
49695
58427
53372
3764
30819
43569
55963
45056
32796
57173
30855
59208
20399
54459
43068
51178
58436
43171
31880
7585
58091
36932
50775
53781
17612
43701
54893
42137
51730
25615
11474
44210
8482
38441
3741
18411
48918
45586
56273
55231
35488
56787
8762
41956
16264
39154
43316
29658
59276
56204
58319
38783
47766
34402
35253
31714
21839
46891
42315
39619
29659
42168
43431
31315
42531
54527
43508
45955
12344
52338
15062
45530
1065
4688
56028
40995
55973
38591
23885
23152
34226
54423
43741
55200
30866
39595
52570
469
26413
6888
11739
37437
58043
51696
42651
18853
57204
56937
41259
48647
14809
14743
57622
46800
41109
40341
50519
32695
53440
29202
25407
43964
34748
35018
13414
53331
3144
44239
27380
37947
42245
57230
34245
34238
26613
42460
52506
28337
53583
31930
32462
37876
2893
38219
20668
54157
41662
43165
5473
31273
34582
7937
47573
7003
47400
54160
45003
12420
16244
38930
47429
55036
17361
45047
27735
49375
34204
29145
50180
8787
35481
27404
49758
38280
44557
57585
46262
50899
17420
13095
56020
32644
42318
58679
40646
30887
3759
40463
54431
5512
43391
44579
47499
20290
6342
47146
40433
56311
29739
29643
55404
34424
41586
35207
57973
58890
33323
56908
48446
36091
47475
49297
17158
55347
54819
47770
19120
38124
46215
39802
39253
53168
20438
41464
46104
50918
36703
48477
5891
53937
54570
14049
27451
48771
52315
38281
14985
40483
59202
58364
40596
7989
5138
58372
41591
43466
50217
45945
54684
40499
45346
46979
39262
44826
43208
46142
41327
58472
53953
43558
41098
31779
35224
25621
52068
40104
32933
55824
7864
45005
57926
39848
46501
57404
51573
49467
33091
48845
19382
50704
19309
18856
32344
39892
15250
49979
46243
54750
42188
37475
52950
37688
32589
7069
22539
56786
44985
54872
20447
9206
55494
46017
19437
35625
39444
56976
43340
11726
41374
33778
58632
32505
30417
27259
18347
3564
58429
42529
43387
51169
57442
16329
54848
39773
21913
57844
26000
32454
53694
37725
41002
49922
54864
36829
54242
58206
20914
41080
29382
34919
45260
26392
39310
31905
57275
26581
31104
46565
43809
39391
9333
22304
45077
55873
22037
30569
40663
2187
12247
55476
6832
36472
58407
40921
13352
42355
37727
59252
57757
34597
2027
39158
42865
40490
34608
35112
24789
6460
49445
26974
55845
29501
37003
47112
54674
27998
35322
33610
30742
51555
12272
37021
24323
30725
34368
44908
9192
33705
34513
43492
36285
52735
43428
56552
16212
53909
37603
1976
41989
51237
41680
48544
17072
41068
52400
34128
8237
43249
7340
38509
57508
50701
936
34231
17613
55823
5401
13210
18264
30281
41651
44197
9818
46863
42011
45349
37790
44171
53611
41291
2476
49592
56822
55472
56972
52576
32370
3212
27294
54559
37407
21639
12360
49746
34134
41299
2587
12419
40293
16989
34032
13383
12363
49177
37914
37423
50286
22018
10324
39240
37059
57497
53087
51421
49363
41551
40175
30577
41568
47206
30801
46648
57526
40388
34552
41982
42367
57007
43504
2197
36836
58387
30339
48865
41134
7670
42037
8322
51157
52143
26244
39247
35908
38710
42695
24376
51429
2915
20292
53258
31727
40506
51303
16118
43358
4266
7918
48423
56587
47138
39752
34963
15708
53067
29321
10851
24320
46682
34462
34325
37118
57423
45501
28005
58233
54291
38776
18141
41855
52854
7252
34725
16759
42051
45245
34803
42918
39991
42552
46818
36193
36856
28195
47508
40268
51714
30325
43951
57434
45062
32752
50080
54144
1978
52083
44961
52846
56496
21948
41106
56161
51941
44606
9217
1613
30313
57426
16840
27235
54583
56079
45173
47655
15154
2885
44722
27795
32493
37289
52017
41154
44326
218
50668
39694
34970
47658
57677
41158
39329
54227
26165
50142
48971
36958
55332
32320
13306
58390
54732
41169
1600
7480
32728
48923
57474
7741
56192
35897
56592
23613
35152
5446
20386
18233
20343
16058
47452
48265
28526
27246
58064
24029
5708
13725
50095
7726
56093
5670
34587
39821
55109
39161
57678
37661
9325
44440
55565
53090
42742
51106
45934
50533
27081
17445
40848
57402
41811
17501
42194
57056
10462
50697
38685
41704
9466
53232
56692
7564
24438
18849
53581
32316
47139
51293
41355
49376
58249
11876
31904
2447
39674
40378
57232
43471
37552
50348
17684
30701
39414
4677
44778
35078
45155
52904
57778
42268
35675
40183
34833
54039
55783
27368
47480
54788
53856
41274
53643
13527
58864
45754
19011
8809
42122
49319
30999
12955
51770
22053
40415
52566
36602
53395
15146
26414
29565
19031
3775
10478
56017
51016
15050
54326
40907
34591
38293
42230
57599
14440
57581
55002
56125
45087
54742
55653
42699
10003
59061
30490
26735
58400
55488
49965
49452
53022
45511
8159
51411
45386
48302
39587
45040
41123
41990
47853
55686
39442
45931
40154
37228
51990
4499
22770
20459
47234
58686
42815
6302
42028
31373
42244
39264
51297
47677
13465
54107
38006
26318
55483
32636
30640
47416
37081
10248
44216
51455
3635
27988
55624
54180
38909
51339
1501
52543
56772
58208
47347
19812
47857
16256
31216
57499
10054
52190
34603
7590
7110
62
56862
28079
22370
30984
38017
41562
45028
48435
46659
58259
51931
13934
53312
28820
30687
4182
33164
28714
42834
45891
42793
17711
50297
26649
25979
54241
52508
5317
3828
55077
8136
49048
46168
48582
10295
50397
27422
57052
12841
51246
57277
43005
36139
57921
14885
1029
32407
45098
56014
47143
50212
38256
38074
53704
26350
49630
37842
57372
20302
41247
45626
35522
37150
8606
5660
13505
26585
31285
11797
39233
32490
37771
41133
10595
18462
56840
43669
46327
56030
49914
17623
29978
59242
20553
31724
10919
42452
44193
17821
10328
14739
48304
4333
19003
42854
42852
48824
22522
44005
37370
11648
57457
8526
42140
55409
20512
3035
57607
39901
40119
58031
48747
48500
2434
46023
13683
13398
1881
47106
51014
53599
59022
28416
30728
33554
41097
58502
54558
42134
32757
32705
42861
34938
12726
16779
50535
37443
56569
52074
45819
51620
45875
59160
57159
20517
38519
37598
42466
30788
18626
40603
50068
19780
47205
58300
45247
44941
51250
59258
51681
46434
54947
34997
54950
37824
57490
53405
56957
53749
35916
57237
11517
36482
38224
30104
11992
57517
40836
42413
47527
57429
35071
52048
58384
50586
44920
35756
43655
48334
1034
34136
43288
24381
34121
48681
51756
53063
54952
58075
24571
41847
36877
57543
39759
36967
4966
37944
56531
8611
56530
29078
28326
48502
11344
49893
37377
12714
3683
30529
25398
12472
3405
17647
41425
17648
55842
58368
22677
53722
35010
10128
45145
42612
57709
54899
27229
58781
13986
37069
35304
6917
35011
33565
35549
18535
13778
35854
58634
53455
48112
49095
15533
35439
36147
18387
40181
38270
57919
18711
37761
55416
14059
56337
47341
44631
31343
32976
37887
35621
56385
49252
54649
38734
39691
40018
6389
42705
20267
44564
26493
53387
56638
51031
8131
38218
44935
41476
10463
33110
1467
53351
41783
36277
39969
52874
44217
54805
57661
31851
44992
38149
456
4330
224
58272
29333
29162
10928
25620
22453
43002
28921
40007
18442
10864
35995
55804
34109
23117
6864
33248
25934
16786
48215
47453
48079
36445
45884
14844
35555
37083
42598
57040
10077
40605
40202
5801
26784
26243
37854
51656
56083
46343
20999
56059
41483
57918
43017
52594
52855
44846
52877
49836
51752
26711
34867
58617
34356
35837
18852
38046
11963
57406
49961
37762
5416
45929
22658
57248
45272
15544
42745
2257
57444
41681
45423
17877
59031
6795
7967
48159
40799
35277
56075
15054
35103
57211
41037
48827
51784
50262
53390
42713
43319
29816
52082
35242
58250
34548
57752
19671
26930
52932
12515
30469
13626
56338
9959
44689
48745
40064
46991
46786
41780
21332
42363
56662
12779
1180
50030
36165
44456
37628
57377
50783
57644
38228
39239
23524
35543
37883
46255
45942
31443
56363
44883
46240
4123
56023
47123
47245
46997
34399
7116
53707
58453
51583
27194
57274
41560
45821
38313
52340
42605
13545
28634
7781
23030
44170
25761
37550
57527
54096
48593
51323
24309
58501
42634
52927
8709
30315
48354
37698
52200
57319
36865
38769
25031
25603
30224
37137
45953
19384
56188
45341
17348
52117
33526
33192
52586
46771
56283
13844
58256
51850
52965
42398
53000
46668
52197
52307
57461
50837
34844
41481
41288
46405
31275
46596
42135
49558
10479
24396
48355
22630
57265
33198
55032
33456
35097
41514
39332
51535
28922
12658
36242
49142
39244
44575
13377
56867
14209
36784
48591
52790
47898
31405
51704
46029
58253
24212
39197
40373
22286
34315
22036
30697
42843
496
41386
44086
51889
43496
16944
1900
57550
53852
55906
15602
55214
12400
39768
42384
42439
55130
46301
36186
10617
41379
54892
57411
36543
52771
45284
58380
41117
51849
53407
48806
42509
49351
53632
9415
56210
51369
34567
39891
50091
24215
41460
56135
50542
3510
49181
42359
51877
39141
14433
45253
43372
56920
41610
42362
45051
4225
23578
57498
12331
38736
30997
34771
35942
56501
33906
53447
43311
12506
57979
44222
54277
29455
57226
43095
42006
5734
38777
54223
37095
40625
27690
56686
54514
31261
50616
50591
11363
36792
41768
53334
28217
50901
54321
53039
54904
51706
42298
18833
54521
22348
48409
51086
35994
2480
51354
8947
34822
41722
54829
49628
18797
17502
49383
20674
53574
56770
53267
22059
17707
40283
48453
48019
57942
44084
40671
11917
49972
43739
49456
15232
51685
37779
40488
39825
57119
50530
51771
36106
56184
25355
52938
7193
24937
8354
13215
38842
6592
53994
51217
47422
37036
37964
45947
40164
41367
20549
51173
52135
37983
6214
55481
57069
58225
32280
46534
57072
49641
49136
45500
32337
44884
37891
6992
36576
36322
40960
1512
43133
12252
58175
37720
4689
41035
3131
49582
37850
42333
44983
54483
6083
7783
43963
9057
11127
26376
32729
41149
23981
19907
46363
56885
38735
23544
48393
41349
9659
19160
46044
31491
59182
37172
56589
57351
51753
4887
44027
56931
46865
41585
11961
40327
37898
39149
58941
46631
39832
9244
8126
43793
33497
37723
7517
31435
17597
10227
22500
19683
37457
47514
6904
32667
32941
12572
41654
49398
15496
41617
50492
39340
47150
20681
13624
1374
43075
40593
27579
17074
56505
45779
47784
31387
29094
46387
39370
43229
26644
45927
56102
53650
14771
31891
54747
35635
35685
35944
47622
55534
34999
36342
56916
36143
31241
8804
15229
46785
53253
41870
54876
57716
53316
52134
57010
39952
52093
52780
52599
40756
58382
49494
53296
48082
6578
46280
18913
54151
50413
43523
57531
42221
45488
13367
52356
43092
27301
31861
12846
52080
42591
38344
10797
33353
32073
43016
41851
30324
40766
1476
57654
14154
5761
32132
18084
50409
8520
37231
51554
31282
7281
42200
18693
44078
45774
19424
42404
33710
42458
9398
41262
38737
18871
31229
12510
40408
51956
48718
38862
52206
56481
46450
49349
19736
57300
18816
57401
32267
39174
28483
41779
41890
57837
39318
11930
31434
30504
40985
57862
37015
55853
51961
54303
35701
1601
52193
46963
53295
8767
44388
36252
44603
36434
45345
34986
58519
26173
41993
42352
37559
14548
8756
31299
40718
57397
8224
57445
34910
48974
50453
48963
19759
36368
58589
46181
49785
43176
41452
37744
52152
14377
40808
51087
13959
59222
34862
52075
38206
56995
52655
56066
17590
18573
35925
9118
43416
49927
53156
47816
43422
38134
33700
57878
17585
34364
24951
43110
41739
31858
525
28563
51521
46209
51937
42234
54803
9293
33443
47727
56105
35459
47395
41258
34508
52707
20328
45524
41335
28986
9330
26706
45140
36066
42235
57448
36650
50770
45413
41255
49756
37655
51967
22636
45781
50750
53579
58358
29432
35144
25815
46386
12508
56344
58168
48542
53981
57261
43086
13410
38233
6956
36333
24370
42407
34897
34594
39705
29504
40095
13922
33731
25495
21763
41831
58135
12486
42096
56934
55830
31380
8310
58349
47115
39946
54286
32413
24093
29192
8234
33671
32610
46237
58025
4958
46612
42456
38643
52800
11764
36162
52016
26452
14887
54174
43940
41323
42936
40623
49411
41633
45807
41688
56421
48431
26764
53289
44551
35174
41369
50131
16344
45032
58254
9929
21102
53238
3230
52254
11439
57812
37901
34687
36923
14951
24888
13896
55683
43514
57786
1614
33411
46222
22301
8059
50769
25760
44157
10606
29220
57648
53376
45640
20873
22516
59131
36447
52476
51121
56262
12403
45400
57554
38687
46449
57065
1055
2040
54874
34438
38227
45193
54797
2433
58553
34668
23031
3349
52958
20511
45050
48791
417
48433
52147
50981
24153
35996
50623
58826
45705
51295
30456
9260
26142
41934
23407
57826
38197
46303
38048
24395
5023
47111
44036
33971
41785
45957
45800
56260
39163
39915
41399
34437
6874
2605
37747
22855
42210
48476
48014
6893
48357
25538
131
59249
30096
57348
45313
15655
10793
55094
39727
40022
54668
54112
7502
46278
35059
43777
39389
58735
11998
31046
44903
3429
48557
20731
58857
39271
44077
2799
51812
52365
13208
34463
48524
30017
42556
35765
10866
37976
53315
47218
47127
40851
34973
50156
3335
36163
54051
50589
57980
56231
48183
9009
52127
40855
9770
14588
50411
45073
52325
50590
35499
33722
48098
32118
49106
45703
45815
8341
47840
48316
33866
42542
58721
31384
10530
34655
55378
3713
38801
35240
12629
48420
40772
51755
53935
40475
51325
42828
16114
37920
47183
35120
40055
53910
36293
6717
30519
43433
57890
7186
15884
43378
46619
20401
11823
50839
40713
36711
58391
46376
46605
56410
58475
1895
19801
18873
42864
42943
37809
26631
43263
42942
56836
51986
28935
31120
6544
35418
52998
30029
32482
46268
36357
51466
29837
46197
30471
48067
41583
46663
45289
29356
51695
24590
44993
58080
16799
40449
41895
29815
41691
53840
33351
54896
25080
16703
53237
31515
55884
20677
7589
6660
34967
35859
33529
850
53546
53533
47810
55282
25494
41455
58494
29336
33940
31362
53869
8893
45827
42508
46334
55527
43235
49993
31085
33114
9336
57081
14778
39216
11666
32318
43526
30624
42335
56172
33974
8094
41984
40126
52964
27182
5892
48437
38114
45899
36410
15164
59144
39169
50853
54898
34089
40035
53891
58822
25414
12358
52792
50756
53018
25951
35823
41325
21756
32905
56782
36492
38926
52572
44045
35438
23768
692
47683
3456
49704
39693
35171
22708
57390
53520
51453
14297
30485
36192
31850
18228
35012
3848
56792
46530
51531
40128
41204
41368
35514
48715
58556
49002
54776
42119
49556
43776
139
50968
50137
56691
58684
12910
2067
33283
9519
52968
24720
50525
38172
28366
42450
7882
56072
18171
44059
41071
53516
56710
41675
30597
37921
36350
44890
5928
47716
51017
1805
23128
36981
40637
38183
36999
20441
45984
18229
38181
24481
14672
56233
41164
2321
46140
40395
8984
28112
51700
27458
20534
22768
46782
12192
40255
47187
22213
50686
42307
57400
18093
1989
74
38086
43653
45850
53914
37685
34678
4229
50757
41069
54427
38340
44486
9481
38144
40524
5950
47307
56540
54006
27080
21973
32434
53907
17717
53958
55886
29482
46430
57008
38767
24338
56176
46141
57227
19124
39984
46271
57658
12632
75
56825
37518
41142
57686
9859
43105
277
55658
3589
44509
51579
37030
6023
2772
29150
38865
30414
26347
24834
34669
44124
3685
8107
35000
9041
35800
34132
25610
57162
32523
54669
45288
13823
49188
37554
11589
47789
7810
45069
48969
33520
47351
26177
780
5263
8089
41321
48257
49001
54132
52150
56703
7317
43982
11287
4955
54652
42231
55802
38117
9238
45613
44204
12870
56923
11041
16102
11375
9381
38250
14782
58201
43426
13312
38060
34413
18118
18798
10878
41998
29384
55867
15890
41658
30298
57582
40672
45379
45157
11477
52335
32159
26292
42659
20509
37116
44957
56815
14455
43398
31292
58001
13134
12667
53207
42447
39936
3649
42173
13785
50724
45277
34363
37703
29728
8879
51465
59101
3193
29813
48800
51487
55454
28936
33509
29152
33910
6665
43563
39796
19118
48396
34763
42779
54000
27488
53367
2236
50375
7460
45532
33707
50965
32268
40000
56816
44863
49220
13535
21686
14475
57447
34474
46883
41136
13283
9040
50657
52275
36573
53612
52032
57381
51476
6758
40649
24779
42387
44200
8507
45396
3875
6462
25266
39949
20340
42109
50326
35907
17702
46336
34
39995
6925
32919
38213
30067
38703
36737
48442
43153
14095
44851
50040
54361
27071
14318
41143
56808
45202
58887
49006
57360
16204
50301
37622
47451
50929
56463
43628
55140
3570
52985
43012
12267
30251
40696
40716
34579
1039
41111
35608
50050
15565
43427
54316
12434
47744
20406
32764
11988
49999
57898
40146
47980
12966
37691
43069
24287
38163
42610
45798
41090
34149
34657
56081
58037
48029
59158
40445
47470
42167
39437
16616
37951
9890
33318
45356
31236
32595
58359
51160
2501
29822
57435
17459
40097
55540
53807
16270
34746
41857
21087
56599
2124
23480
58492
48951
46089
52940
51569
36230
17845
31846
31956
49110
51640
43999
57452
34211
54963
10264
57440
44317
58133
56799
53268
36128
43494
12520
57006
32658
57266
57114
53069
15129
25419
47812
46224
23317
28717
15096
49563
23875
8138
35665
51675
15719
29763
7697
20377
54849
45315
10376
27172
53251
37260
32276
37734
37029
57235
42059
2907
58418
3272
37198
51456
35905
35447
4239
36240
58273
18019
52791
20576
40755
53911
10766
50722
3209
40642
57433
33863
31958
29522
40326
57222
35384
55737
37896
30541
57276
12913
37797
41363
49111
34611
37821
13866
28783
40243
276
53214
57835
51584
7236
45052
54175
45448
49994
14991
40141
54341
58667
26345
49486
23213
40157
23958
35466
31978
57092
46994
9259
42941
2184
46535
42805
9804
47016
58229
26257
51030
51481
12747
1529
35586
38678
39440
35250
34652
34817
41826
43585
41318
34419
56933
49003
36281
12530
29776
58213
36554
57872
10925
58488
13607
43108
12470
37531
50510
56158
38093
45509
52228
47440
58788
35644
13863
48674
47983
40824
39742
51888
14961
53385
10876
51473
40330
57384
30520
4271
34978
26553
6716
33108
56623
52563
44936
39501
30901
58232
41055
48700
37773
25546
49169
37740
45824
38638
38920
40896
30397
51428
50374
33964
31830
26003
10044
32619
3758
29494
48980
49054
46337
52873
58190
43644
4227
40810
27113
30186
41685
49337
35930
36216
48451
3379
58456
53584
53199
50834
41183
43752
58815
20175
41725
41579
57510
19813
46892
38858
8350
21360
41185
55105
52331
42999
56032
5260
42400
56185
21860
32240
56267
53220
32150
8372
31175
4806
36321
37925
25900
52006
53555
32572
51301
37991
56556
37753
42219
31786
6138
15965
38253
43344
57246
36370
33924
23907
34410
45048
27070
31870
4270
32239
46348
55545
52272
57810
19378
39042
6785
55893
43330
38534
57982
38672
43397
47027
54542
28531
50773
51190
34164
36384
23127
45842
49742
39184
47705
56607
48312
48825
45290
15572
38884
49481
38147
58152
45762
41215
52010
10650
41848
37088
52962
44959
25504
40406
55663
14544
7527
36586
49154
16766
8384
42206
42391
12112
41808
34684
21581
26961
48871
33404
40660
56498
34530
55521
54052
42703
53563
32560
38601
46192
35509
41477
16243
48724
10349
30231
12359
49482
50034
34535
53503
6350
54134
54673
57135
53522
57067
46509
41620
31084
55988
25068
59152
38877
57819
36757
52778
12395
20975
44398
53140
34126
37885
37985
13047
52899
41400
6225
43424
23177
45078
9356
31953
41264
45418
51953
27160
58073
54962
48563
43475
48145
2527
57163
1541
55872
42832
57596
10362
6617
51127
35259
24425
40271
36426
44904
41358
40008
51183
53072
47852
44633
19109
52493
53670
15999
37388
42537
32281
47786
42401
41778
35321
45650
27449
45694
34573
55516
15177
2134
49491
30253
41490
23950
38788
8604
58914
28799
46345
56145
37756
49329
20395
39304
38110
39224
24330
44079
35275
38779
3780
42375
56564
35014
45853
12578
28616
49584
56954
50516
51839
29045
32133
37599
50403
48383
33024
40936
56181
30084
35928
15945
45793
56846
16521
21914
6219
20492
57524
16850
32894
38225
49468
33720
54881
57205
36264
57961
19678
51978
45809
49749
47488
41830
55856
33999
35812
2056
37692
34291
46272
41031
23531
27307
30830
33970
56330
54498
46052
58079
4946
15454
30292
57804
45789
33997
36244
28994
53576
4340
39299
43527
40776
49226
28556
52462
79
19448
36400
39443
55052
58852
55800
8394
22431
25822
32470
38567
23903
8380
7559
40218
51912
30691
9801
53396
53473
54645
34578
48880
25340
8478
43911
35768
46511
44506
31267
53605
53866
38143
9773
1272
48675
15039
1936
36505
25383
31221
52700
34800
46999
49896
41330
34227
51995
40213
49940
8104
40980
34320
23631
35630
11578
42949
36223
5505
52053
42157
57940
40124
56433
37304
51341
52110
28503
31648
40098
57468
45276
35833
22680
40736
17874
8608
52751
32272
54500
47531
57870
43197
6697
33432
57087
4856
50629
26029
37645
30712
18078
37434
53096
40644
45360
16545
42729
54550
6490
54622
37905
49081
39555
8455
58694
19139
31331
28750
31600
46855
46522
9698
53303
10082
47866
16247
37263
44693
6130
33946
49288
43438
43575
9243
16133
50582
59275
3818
35037
2158
46937
3543
49148
53666
35221
41466
58119
39940
3132
49681
35493
51994
56104
53839
58441
38609
40319
42614
55288
55218
53276
15437
33942
55425
5890
23858
42532
59183
41896
49593
26387
39513
56541
21361
55261
47808
29183
30274
41148
23443
58360
33812
53049
43867
10511
43835
59172
13617
9825
50278
57203
14215
5443
34156
52187
58883
31766
53381
18101
46474
50242
30021
57373
49487
50011
49023
20333
8623
9625
51637
38059
54638
52803
36108
20332
46666
55898
55402
50581
34186
58033
14945
45299
58840
53187
56285
1811
33693
48216
2063
21998
40902
54155
43618
43895
50632
55354
31751
46259
57297
51633
40653
53939
50378
59226
9027
49299
41391
53211
51378
29363
33775
51397
7628
41868
46124
49651
41976
34155
1685
49473
46289
54079
58230
56492
56947
9899
30478
57780
40312
31848
38751
39867
48778
35067
56955
23997
47545
3849
45195
41817
13241
42316
40739
34735
30058
52427
20387
14101
36019
57717
34658
41818
46661
30854
41793
45006
57748
54914
15756
13186
50673
18255
53425
59204
46189
46299
46298
19724
29483
31509
38121
38826
30312
56243
40738
41292
29828
40661
48580
57879
34712
29755
57476
37798
41160
53652
55206
24871
2732
54368
44230
30993
12727
3832
22230
40841
47386
24265
52020
40937
43283
45440
34976
54752
40412
49025
10525
16235
4963
13678
56814
49438
49527
40084
12286
268
41924
40928
34974
56979
34794
31838
31284
45108
8331
20397
55287
50371
45258
7016
42878
3868
38888
57167
45372
41938
20695
52832
31833
25689
57724
7158
41174
28959
697
19363
42144
54630
10509
57680
34850
37566
6205
57145
49583
45152
44245
736
16747
58129
26611
36197
34119
48077
32745
41008
12056
45597
49694
14625
12251
42490
30442
11533
52263
51413
7721
37954
53610
14324
32731
22315
20497
41646
58670
16249
58330
29719
37852
51503
59186
30365
48893
45334
32674
43855
31066
53270
9954
36213
35066
44014
44950
54020
59179
32806
57821
56074
41054
33254
35429
58285
56142
58459
55132
32055
50386
7591
36138
58204
45121
19119
58329
25613
35307
23508
58551
41179
50467
36423
58158
52657
58202
48091
15753
50987
51448
54254
58260
15943
6637
34005
37948
55230
7852
49361
44554
40321
49548
45016
17100
36386
42403
14404
1088
33099
45033
35464
51689
43295
25921
55990
42875
40295
48833
58162
42994
43056
40442
17495
45154
18020
29750
54414
35046
54246
55529
14262
31347
33655
56327
59020
37641
33929
45795
29804
10555
51485
53383
32045
17503
41333
38634
57553
22718
26937
7228
35080
58408
25318
391
3552
19600
41696
9104
45414
40850
57846
53452
28406
57787
16431
55480
58699
48560
23577
13084
43754
29895
20544
52434
41331
32884
7122
34914
52045
58791
12417
13042
14280
43362
51137
42564
34927
17286
20518
45584
51024
8194
54910
40083
35976
46290
49442
19881
32209
55148
35965
19643
3858
45180
34961
50042
13916
39434
40845
1991
29462
225
9274
58876
38966
58183
45324
56196
52428
57282
34068
41852
42648
40211
38161
59023
58381
897
39806
46725
51471
10026
37583
28701
42415
43590
40557
58351
34620
11964
45167
54654
48248
8019
13222
39627
54371
34262
31458
50044
25458
52260
12411
8713
22317
49747
35225
49946
54717
58067
26588
50700
54021
45397
51159
50652
22372
50377
7492
36879
52602
34361
56523
49503
55070
18075
42638
52694
27220
49389
53752
43517
38258
33695
58584
51559
50540
48028
3788
42570
13314
35462
57324
5782
33658
57562
29812
7053
40853
57166
47594
35035
55259
45002
48185
42226
58203
15053
35967
37409
18751
56974
15399
2052
47530
43224
35076
46673
49790
29834
40667
18763
36888
53617
47858
55020
31692
849
20656
31157
54665
109
49685
38891
42020
46830
23762
95
50443
36516
37166
44153
51858
8162
36542
33217
40204
3397
51820
53191
29281
58312
57417
36849
31078
51108
58481
15934
57512
6148
13154
58597
32264
29110
5795
7620
41412
26195
10413
49313
1125
34785
38173
43843
40551
35374
32053
44030
40281
11350
29846
11437
55765
5838
20388
52744
57313
10781
52866
53257
26586
40280
50817
44956
8298
42838
36755
32579
45326
49715
4992
45995
33696
36272
21127
36226
38171
53266
35544
33675
51643
36660
41267
58685
36427
25470
42473
49114
41614
42780
14834
16892
42471
38186
12688
44202
386
34314
31671
51223
50445
6560
45075
35368
50772
34665
49155
48618
12624
56583
14533
39944
47621
50600
57183
43488
8638
51099
41125
23067
41944
30945
39410
2563
1123
34205
42836
30167
48762
39268
45735
11604
54226
40919
34699
9705
51902
54694
38068
32136
37585
29568
38120
37856
37922
47728
34491
37755
36449
20694
46765
2048
50543
36796
53215
57753
28084
33637
47618
52911
35861
57631
9493
16108
40820
56685
9516
47558
58325
54770
45221
26282
20430
23441
38902
4673
35715
13924
40339
39063
49682
20641
53128
33969
29563
53365
50503
56528
42182
58132
39359
37835
57884
59138
36830
4347
42255
31946
19524
14231
53302
43013
43038
48558
58127
13294
25512
13478
47877
53665
29194
57796
46208
19116
46556
44909
39679
40770
30109
42783
36965
16576
48869
29285
57789
38589
38226
55969
48119
43272
56927
45138
53646
26163
34565
53064
49899
42145
45462
5905
2059
54024
54640
20366
57416
58793
52366
49328
58841
23763
51318
52662
58134
57869
57233
11594
52113
39739
34576
38789
57559
19051
25034
42199
52699
35753
57371
19372
30071
38123
42078
52015
40217
27819
53066
28069
43919
4869
13993
40927
25940
42596
55254
37929
55447
28151
50496
59184
24837
54332
56699
38651
48604
57443
38921
36262
57094
43445
52126
20569
43405
40552
45302
56567
14021
37687
59206
7516
58184
10798
38080
58345
46110
36367
51658
56362
39553
35738
57283
31512
44640
35343
48407
53702
39222
47199
30320
37209
56035
17505
56003
39885
9078
32709
31497
53032
50057
10771
32684
40964
44922
52123
30451
33306
38628
54194
54420
55530
11884
44900
37547
8847
57560
44183
14264
41840
15151
13347
10944
59227
34542
14744
41387
39143
20014
42376
13997
24062
38262
57839
32831
56565
14105
42771
56242
50937
51294
40467
52140
2089
54
39483
8175
54676
51617
29137
46670
20379
56302
40500
31250
43967
2952
41786
26654
41401
1856
46730
54082
54230
52018
57412
56412
41859
20513
34896
11148
36980
16761
42124
7957
38517
10153
55122
51769
41356
41929
22313
50932
43365
17583
32940
42831
35431
2150
11481
34309
47495
42646
56168
36589
24259
53194
55843
49122
36808
54299
33817
33816
55172
32059
56068
58340
25628
41970
52842
54631
43708
42932
2470
30858
35868
38584
51015
49344
48543
9273
3903
53438
28811
23551
27568
55508
31467
12035
16251
52013
23129
50339
54425
34214
58379
38665
49379
35993
40737
37334
17053
16883
28295
29743
5876
55914
24414
56520
52616
25227
57307
40643
39497
40224
431
19342
49781
58790
14034
9665
53572
8929
35894
54681
32117
51950
40040
57076
38380
58837
58426
36816
26047
17412
55756
52750
58531
7542
14396
41456
51151
54318
55211
39960
6788
22447
46788
41470
33408
47202
41150
41093
33256
39043
44902
32247
30085
51970
45411
28238
38122
42434
33585
58074
54237
58017
41572
50794
488
51840
36451
32319
56722
41260
44911
58270
47430
6640
56861
2129
55181
56512
35079
16860
41936
49847
42184
43220
35048
54762
36199
1523
46342
27461
15141
32650
57790
56780
50930
3218
20463
57455
10155
16320
16126
54487
55777
36090
45592
33683
49137
40233
32366
49061
14018
42240
53417
36369
30323
56632
20012
51744
56830
34250
20374
49839
37611
36752
31731
34018
40981
41110
42418
8620
57415
38162
8192
48463
15813
58758
49706
32969
37012
31183
49353
48021
15064
33834
45381
47137
42115
44379
53343
53184
32679
44100
22136
57966
45767
46277
37041
41065
56788
43006
43077
49320
55953
6109
42823
57828
7407
45347
58264
36274
53598
483
56103
45115
16678
14908
51034
51403
395
20375
32216
37636
27559
32069
52224
13240
76
2058
12845
33086
40698
13625
41492
41598
39615
12902
9631
40284
14947
57085
42463
11040
43601
39531
36795
29861
59218
55071
45785
38620
38070
41581
37886
57830
55275
4663
28490
42009
48579
41191
55043
42704
35714
45686
28528
55146
46823
34007
54128
35408
51997
29132
27037
34087
38969
56877
52116
42380
50063
54300
20380
41684
41699
37940
42953
56201
28878
43450
50412
40636
56218
55636
32456
57746
46275
1197
37643
33926
46998
45823
55495
16220
27398
42451
53570
45933
42933
35776
42702
22528
38260
54477
44738
40071
51427
8396
40363
54461
32448
36141
41769
52858
53508
8328
31865
41666
55055
22175
18
19479
49711
54780
58365
19959
58563
1449
35228
57847
52898
18288
43138
57586
55770
53137
53013
10656
56853
39182
57346
16231
42229
37261
42835
44403
47524
42209
37484
43367
53776
32416
46873
49336
41444
56584
32478
57323
41674
42088
54188
55900
42799
39447
39111
34780
49855
46806
34627
43779
39961
55633
51729
3232
34714
35400
59177
57243
40437
5897
41202
46016
12308
13403
45544
57198
59136
30862
1404
41640
31628
32215
52328
29312
44951
53325
52895
45227
28674
45949
27222
37979
42223
38203
42644
49441
54620
56026
9031
48937
57031
41334
47874
57785
43728
55682
52614
53624
36361
53326
51943
17493
57361
40228
40665
41807
45296
51138
51669
35984
57965
2577
11642
14559
59231
15632
52538
7348
12468
52612
49734
50786
51322
37026
39908
41513
49489
40200
43277
30400
58395
9513
44894
3169
5760
40291
43182
30936
40230
48428
41297
49058
40069
51008
55749
24921
31552
35636
45000
19456
44974
49236
38774
46265
50762
43026
1920
25336
14518
38363
45177
33341
46947
40288
14512
25905
40081
32860
53185
33376
31094
42332
55505
52936
41659
15469
42410
35245
53159
58207
46059
47981
2386
43260
53004
36435
37544
20367
42392
49590
45139
40158
621
40498
53054
36209
36131
64
40215
45429
49477
35845
53019
37425
51116
40812
15261
15678
21259
6238
18675
45512
16789
53926
35779
55431
51927
45119
20730
27344
45214
14048
58166
31457
34383
23595
34490
55787
13864
32517
19457
11686
52999
32452
19428
5677
41139
41180
23331
54205
15910
57809
57575
14553
4293
33241
44568
42902
36626
53557
44761
52089
43357
8935
45890
50898
16754
56060
53358
41488
7731
47815
36288
36151
22711
13879
45113
25675
57614
59270
43049
52907
42680
57577
21
26676
4815
54809
40802
7316
270
7787
37134
6604
32611
35380
30949
44682
55932
7903
57410
58422
39429
46333
36201
3541
52084
17256
25713
56887
10468
17685
40905
48783
36157
43173
50740
35926
49014
53172
24005
30013
50815
43877
53527
48374
15657
47232
47931
58537
46669
51538
40686
52322
38988
41332
41365
41178
8040
54124
7272
48830
52670
12393
41072
58609
55592
50407
58482
48412
50038
55970
23504
46526
39765
39001
27673
16279
41635
38708
34715
50103
44958
39257
11319
51837
40020
40546
13807
51409
54508
2368
53397
29468
35728
12374
48221
32943
31970
7326
38416
5810
58642
14232
29444
31700
39769
59096
42827
34286
11643
56045
42103
24343
32785
5900
8257
58677
39924
45868
44949
39152
56479
14068
58314
41904
46987
42887
51479
35073
31277
42236
1288
28100
48105
48985
2290
25321
35378
49152
56340
42789
32067
46674
51328
27068
58251
36724
34207
46633
54800
39148
58274
19287
41146
50745
38989
6663
27463
50654
46297
57338
56748
51632
25153
57453
40722
58317
23041
39180
57137
52066
50661
45144
34700
46655
37182
16240
51245
32697
45330
51631
52661
7634
36624
2910
2613
42653
34640
55401
23795
3733
52847
16272
59169
40669
59272
22656
51152
58027
39478
41839
33400
47437
46161
49770
16479
57880
43995
9228
7439
43823
41371
43147
49850
28310
58344
25694
6557
15894
54633
36040
52537
42174
49867
55738
12010
36507
45164
42481
8263
54926
33380
48403
12551
16158
51782
40668
40361
58347
14501
33422
58578
18958
45963
50622
31612
22012
54715
34482
37667
57530
32675
4794
30331
55959
7364
56522
39245
37455
11397
43299
43766
41206
45748
58623
41385
19965
17018
28830
44508
30134
53374
44730
58326
11014
37068
35946
53500
47962
48482
57994
9626
34909
55453
52349
45412
10994
23348
55781
29509
39130
53662
53950
41850
42744
5042
2448
42414
57450
53291
34741
56679
51725
56002
35579
11510
53642
50983
50420
3419
47008
9721
41872
44943
42979
10358
30988
40201
40542
34212
30139
4152
50725
7757
36909
19290
51564
36140
11471
12336
59016
53236
13337
42442
56519
36444
23106
55344
53197
40585
35254
45682
8565
34702
47042
12476
39617
36526
32075
332
53625
42019
33879
43510
51333
46050
42264
56971
41569
49183
44725
26564
36569
33104
45912
45249
30601
4504
47375
53864
46445
31854
32810
28027
57422
57889
55713
51823
29437
39905
23327
53392
50744
45010
32503
31993
4011
10446
30657
11201
43032
54304
49262
5299
4197
18208
52305
46358
57271
50343
27956
43507
35119
12258
40191
59219
37499
29454
36610
48594
51324
42786
30395
3857
55098
37226
45184
35334
5873
46338
59237
58478
56096
43799
37784
56673
32584
15677
48376
54990
41404
38681
41322
45363
57816
15195
53110
9279
48218
46022
57394
38938
20372
6513
39955
58121
49139
24393
49414
43795
47317
17
10183
1565
34179
36298
38399
42017
49027
49158
46688
49902
30664
56217
34181
6222
42749
40470
5718
49011
34686
48333
8319
30905
53065
8256
48443
33823
1961
52983
35596
36054
40382
45303
42670
48365
48913
50507
56841
47228
14070
52223
44366
52632
33326
12529
49602
53686
35107
11895
59188
36081
58307
25805
50045
29226
7425
43018
9296
29903
57868
45425
45159
56848
52273
54522
1173
55210
54278
53391
17982
14865
17822
48922
29790
48630
23820
53068
52766
58361
51488
35089
2211
48559
40304
53790
22465
47172
32385
30843
35864
5894
28347
35620
45580
34972
44592
40422
31033
1683
9235
6466
43014
39900
40176
46554
34297
52024
355
44937
34496
2092
58787
33385
48642
42183
49915
36067
55444
39491
33704
11311
19081
14176
17695
41602
50509
57583
55064
44547
1570
35276
57073
54718
38118
40793
58906
31034
45340
42282
52079
24560
29562
42892
51298
19259
36652
15981
37355
58794
50111
19328
37789
54320
31266
59230
31056
51807
39398
16448
48740
31815
6792
41145
56852
12409
54280
35023
36421
11780
31488
50922
33487
46105
34056
36309
53541
42102
50558
42732
2087
33556
51624
49782
35911
55790
57285
30548
43707
34408
16191
46260
43633
42870
57074
16587
57425
41631
43490
39703
50520
14005
36154
14276
7605
19773
57359
11283
43132
57441
24523
52518
35044
56581
34123
9817
39323
37801
51545
47028
36992
40310
29435
30528
42394
15270
53275
54468
25735
50913
13796
53181
40804
39294
50108
40695
48254
58281
58130
39996
39228
52381
50807
22300
34152
36155
21806
31055
17997
16985
11488
11602
32306
34076
55419
18686
9528
36955
45409
36812
19808
41869
22941
2505
29497
53308
36195
50190
24504
29753
41644
49216
31032
51167
2623
41838
43559
40609
36962
45938
19525
2594
58490
1933
24458
13427
52310
25578
44133
58224
32494
43155
40389
43333
27636
32123
20383
42754
31986
55641
35704
4919
53070
40461
58901
36766
45958
7318
10335
45388
59068
6343
45287
21222
29906
31701
41218
21542
29409
14046
7576
47564
28732
55278
42432
5676
37871
41407
41677
44461
37441
56998
41714
39599
56574
17951
47216
5724
53743
53658
24552
44225
45025
57207
16054
14863
51795
13158
52952
52196
58053
43321
55813
45410
13031
51255
53947
13839
57268
48071
16567
8168
14063
54536
204
39151
29269
37056
7033
30946
58113
18792
42336
49863
39850
50820
27621
15530
57260
48764
3978
4209
51652
36013
42242
23835
52136
45264
52711
47562
26725
54774
59193
40534
44955
37626
10786
47948
36359
10073
40579
55061
53192
43787
13991
36191
44174
6920
55564
49952
56762
37184
48888
10962
13913
33246
27469
57339
8345
35339
38463
50748
39699
47519
23791
48419
50384
46932
38235
41315
7720
9428
56652
15197
57820
37699
39212
26380
9263
56527
37006
43423
48799
33444
48761
58289
40209
41048
5974
51591
9407
35336
22068
16458
56597
58243
29352
24529
30271
36910
57792
52124
49050
18937
9623
3047
22783
40117
54432
57139
46319
20031
28198
58818
54443
57430
10354
13574
53535
45317
57247
55175
18336
13643
36957
50726
40397
35531
56215
10091
31639
48925
4301
8700
51836
52745
6412
31391
58126
54336
34073
45550
52578
11909
3714
41682
35353
58457
51566
5867
24296
52406
40656
49265
56252
34537
20954
12634
50529
13487
38843
6329
55022
57016
42565
52391
55081
40759
57912
43164
41720
19173
41103
30596
7728
22805
19333
28242
4995
34114
58049
50573
44248
37269
34920
43955
57972
45895
53342
42443
34877
36789
34485
57984
56043
56563
39134
55380
47835
33743
54387
55745
34540
57009
55659
11192
29403
38031
32669
42668
25433
48541
19335
56879
31745
29445
2223
48782
40821
34373
45232
39566
32605
28153
41246
50136
47411
45114
9813
6895
32135
58328
30896
9139
41115
48610
38544
10228
48115
38819
51269
48510
46808
19562
55464
57570
34991
49017
58315
14044
49202
34124
43673
48754
6582
2156
5789
44576
41405
31359
20514
57750
49735
14878
13048
9621
37465
57299
4988
51351
37234
58302
44880
19250
22268
39200
17552
38623
6246
45954
54217
48362
39791
10230
41971
45813
53601
17803
34392
42421
34019
18459
413
36402
34012
47580
43451
53051
34158
27257
40950
9781
47647
25548
37865
57991
41566
35476
43447
27141
50754
43015
42189
48339
6850
46877
40038
35540
34162
57099
51847
18821
29457
56554
37927
47996
46927
48622
54493
56922
50148
36317
44328
45787
25796
38265
24598
48945
50883
56234
26072
38325
6341
7423
20452
56675
32604
37923
50634
37374
56411
14645
29883
53026
16489
22524
58277
46282
57405
54810
41293
51431
52913
52691
29340
50541
56655
42013
8308
54646
33648
58167
52635
47214
7466
47640
31107
58775
31474
6826
34313
9335
41922
41439
56847
39827
34398
9498
12949
7283
1194
58450
42202
57320
52282
23919
15668
6908
56895
46418
58252
11029
53240
59127
36746
53017
48758
15330
42304
33587
51058
46969
42773
11924
50450
30430
54958
37562
46524
56568
27667
46518
50727
51268
51252
30399
4881
39967
49119
56663
52505
32450
13846
33530
35922
45965
29801
9935
40717
21063
39642
59274
43323
46056
37671
31113
7800
30226
24008
46415
50835
50436
34528
25265
49935
52507
45943
37145
16311
56240
58044
47116
54941
42007
37617
52954
41774
27006
52479
14134
20506
41715
32608
36761
56274
54333
23342
3221
15491
46537
27351
48733
34459
25611
25966
50583
12964
23733
39656
5889
47074
53974
51869
51205
34380
37094
49036
8275
56664
6661
29531
40715
45935
22995
56980
45057
18824
53606
57576
9135
55190
46575
34461
46970
51677
37252
16296
58495
17622
39290
5908
55627
50689
7225
52794
59209
38200
53657
40435
6426
7140
20715
57999
11431
47608
26138
24078
48068
58054
51948
38292
13676
33653
26153
28574
34100
53314
47003
51908
35863
46594
52857
36975
13159
51172
57956
41225
58051
3742
57695
55376
47515
6477
42905
34882
14191
17857
54074
6398
45262
22554
45100
51150
50428
36011
4192
41426
52072
19634
57598
40362
17599
39529
38040
55195
38244
38294
27403
39226
39775
53793
42886
35614
57688
41622
53936
45218
41668
33006
28140
50921
6032
38999
49157
39886
42788
39324
37908
54324
14025
58730
47539
36900
3493
49802
47160
25960
58036
36484
42684
58041
50505
40252
13965
28127
48956
11211
47193
25688
8511
42091
40635
51907
43382
52499
41883
41295
54022
19099
31869
50679
57657
7508
58388
24288
18838
49382
51158
50417
41050
55980
35435
50574
40263
53380
15755
46812
49561
50572
9180
37051
4481
41590
36553
48676
41933
56689
46175
37690
57479
42889
14435
20472
52163
1821
53336
48601
43290
15101
51947
42948
13043
37942
35740
43791
46603
40504
41510
51857
27642
7547
57909
36100
55084
35316
43812
41338
48238
35365
44876
36363
20516
1859
42577
51355
7487
53015
45777
36963
50693
43832
44142
50588
43377
41064
7909
19510
55160
51663
48952
9340
16877
56694
15317
55249
18479
7666
45230
16234
40569
23118
45375
53145
49384
53186
39315
15221
46536
41549
19523
30996
9732
49472
57556
36854
36287
51426
8063
39132
35220
30812
43162
47182
55807
47291
31270
58732
35502
42279
41627
46592
54140
24297
41099
50556
8152
58503
41120
4329
43528
43050
41304
34588
49648
31161
38284
33470
5725
38058
29451
43352
32823
34111
55177
47177
35982
42728
34147
48392
31178
57357
41899
51682
36412
41690
23878
37385
37956
29749
22744
57228
21215
36560
23285
49884
49716
25842
58197
5570
14078
49116
29953
53999
21216
33828
2408
28158
40322
49096
48899
33888
8279
52535
37739
3755
42563
29898
51724
41021
41630
57838
9465
55688
9083
57764
57670
35489
38165
40286
37132
47418
29733
43871
12147
37615
57043
43067
6781
58905
22266
47017
9761
50333
54065
32459
58231
46625
37061
49642
46392
39487
57368
32917
56085
23007
12421
39753
35410
10548
11082
21551
53933
40432
43870
42405
34488
9854
48926
44352
1509
42829
29392
22779
25687
3884
42179
43493
57385
54331
58737
51305
45208
48719
45125
43837
52527
57636
8744
50925
42172
56550
52106
33887
36429
8648
52686
52028
22506
13336
42383
39087
43749
47846
22260
44406
58423
40305
3837
31222
47918
38255
32311
41336
51536
43448
14814
57234
50237
57493
39498
54348
45234
4208
43180
16350
55167
19653
55875
43720
50713
50416
34740
41083
13941
40707
10885
34697
38201
35842
50851
14026
43483
47082
9820
57983
39331
57115
34103
46736
37875
46385
37058
35323
42643
29760
57803
22206
57028
57310
57376
42164
41390
38234
47733
34015
47433
42885
42420
35434
32354
49234
34572
45907
58557
28015
45558
49502
50739
57126
56094
45737
31484
56650
44348
53201
58912
11085
53297
8988
54364
2152
42416
58108
4833
47077
10888
39994
18884
37515
56653
32654
7020
38442
22726
19408
12760
57105
43300
34883
13412
45178
35769
42180
11667
53212
5797
19289
42743
42396
54627
2763
59087
58416
47586
45426
48739
56139
41731
42308
22228
56924
30752
46266
42665
35659
42326
55229
50376
50765
21799
40901
58723
56425
51349
57669
38822
52931
41257
42003
12536
26363
40160
28918
10717
51871
46907
38604
55630
38285
32655
45146
53443
53099
53644
29663
18259
43502
6755
55272
16165
58903
52719
47497
33375
47442
28408
54946
41210
47947
50039
49129
42494
49813
36512
42631
17710
8321
34067
54793
42774
56084
54753
37612
49750
42959
29916
41423
55512
16173
57998
59156
57616
15737
11847
57505
41580
38212
30107
58015
46351
46288
36297
55920
35972
24431
28992
39387
54454
2171
52644
49067
52221
4987
57565
12083
33647
56992
18136
23904
44545
47583
40313
51478
16783
40740
45951
45183
41173
57817
40402
39272
38633
58039
32736
54730
44272
49245
8352
37033
59111
8865
35413
42547
15522
41112
43506
41061
40411
37652
45818
1915
42558
53659
55153
46317
54816
53903
27154
50089
57059
36577
26896
11758
40785
53175
4091
25493
50675
52146
54525
52114
26344
51238
56677
48193
35186
46321
52984
43968
56856
42790
53499
33543
40282
9240
51819
44817
2867
16149
3206
27629
915
56339
8666
37754
43583
2007
50253
47572
34131
7652
47802
42170
58050
36899
59170
24318
43896
34218
41606
30343
42917
45768
53621
20189
49754
16233
57408
55778
12753
52225
50245
38170
47058
44975
25135
31308
23895
45066
42266
30301
52928
22148
46915
48345
44161
45746
36337
41252
58352
9061
48072
19553
29859
33080
44021
48653
47494
43861
11432
20270
56537
20711
24340
38953
28876
35108
43729
2413
21910
45811
41010
49334
50695
57933
40826
11682
56029
48222
47135
45043
44415
57049
52099
34171
27999
50731
41893
40354
32304
51699
45199
34326
34820
57109
27429
8704
53271
20454
20220
53180
39792
41516
50022
56313
50571
56608
32948
49387
51437
37341
45105
45374
57861
25211
36908
27232
40862
38239
48995
53362
37277
33212
34554
56926
57290
54660
32196
34453
51760
47246
52157
45070
45371
46582
27786
29148
42672
46304
27480
41337
56959
48341
31256
36246
46647
39176
33666
34949
44978
48142
42417
24163
51007
43432
33440
33271
45163
5887
32888
14347
38532
9906
56990
57866
56646
13744
42937
44617
40703
48441
41843
51011
9034
55858
52519
44887
58016
9268
38257
56704
53603
36016
37868
55977
34596
8938
55042
49567
15359
51068
46722
45817
31765
41144
4890
19507
45852
18308
49199
23604
27793
41283
51321
6208
56984
46134
4092
23798
1232
44149
56526
36939
54666
9248
29469
49748
38542
25460
54601
22920
42162
39103
48373
53745
23162
45352
58047
18271
39095
13529
16878
4976
42138
52896
51386
54741
18765
34289
27797
44739
31808
44224
22250
38866
47043
31045
34427
14867
40063
26603
36217
28949
35185
49638
52085
25299
42976
59155
82
54347
37832
3385
2035
11637
34476
16580
42092
45901
10449
36160
47361
36568
33641
46886
34629
54085
48179
34206
23754
58399
49469
40289
52151
49786
49881
47476
6387
36379
50064
45973
40626
55119
42026
45095
32290
58683
6629
49440
29856
56726
50842
36048
50827
42573
11559
42077
57111
40056
40852
43500
31550
46658
41011
59255
26224
6337
43973
36072
56515
48307
45940
38495
35302
42872
19728
47225
54979
36028
26024
39861
44999
35656
23589
3302
18834
28649
55517
40011
26294
44916
56753
43389
5796
36886
6633
42422
35308
11554
41664
39231
58219
35092
47068
34718
7981
18002
38914
50079
16559
44168
30639
40159
53787
7404
30327
40574
54772
36915
50523
18466
14462
5884
30534
58115
43317
28767
9517
19057
42512
47065
51214
30897
34766
13961
13711
36831
41665
44832
49386
6485
57981
40781
36113
49370
36328
23691
51262
51065
41858
49293
56164
8561
51163
44172
30955
54274
56101
31182
1994
47651
53976
47978
55929
7319
34788
51391
48209
57737
31896
43920
35672
16167
39096
27615
47498
50856
40019
42722
58827
57590
884
7303
10658
6185
47968
41273
6206
45939
48242
39972
14715
46294
53663
14851
15361
43737
10768
32583
11609
55277
35952
53112
46512
34580
51822
30535
42159
51037
36124
43462
54736
38159
3825
41871
54301
58022
52169
33748
49534
42778
56259
50527
47212
42136
56905
56991
3270
29797
50743
44717
2707
46645
12182
56801
11293
35731
36125
1909
2463
27325
50751
52118
40380
8510
42733
47666
46139
42435
25938
45769
45186
54416
53357
33703
44563
14418
37093
50709
44647
57900
46951
15869
44125
51645
34858
41366
14555
39313
49086
48518
12297
56392
38762
52683
29394
5822
45225
54618
40664
52587
46805
7630
46205
17426
17871
15970
5877
56843
13376
52582
47560
18071
9525
12279
3235
58180
56559
6417
35212
9251
58258
1099
46853
58698
31368
41033
42546
45950
17558
40731
56824
36579
29945
48191
40946
57418
34641
53538
33258
18285
24412
53062
45837
50806
55820
43232
35440
35061
47496
42175
58021
46248
35884
17409
46382
35244
50846
58181
48010
1021
49973
43790
45408
42599
59191
55012
3502
35551
1693
8145
40789
26743
58504
38389
264
43540
22582
35951
15629
32068
18410
37290
45308
9426
3159
16633
28953
598
53095
38211
48298
26574
7663
52411
36130
50653
59050
38360
53016
40971
10527
48089
57431
59224
50477
37495
41529
54546
43857
8754
58629
29756
36164
41361
55063
58766
18969
48052
45956
35992
39981
40351
36515
57897
14540
30670
41198
19886
56813
49809
29138
57675
40777
38771
18135
24184
56225
52414
42995
37529
7393
51103
52718
53154
38637
57210
58385
36087
45492
56919
42676
26490
15988
31969
38824
57472
52148
39327
45244
52232
27315
41673
56538
54212
21197
30333
58122
35310
16517
35069
53434
28971
33462
53985
49454
41577
37545
53645
37467
34893
15460
11026
3164
52619
6487
48703
59205
57465
39404
37742
16082
58974
41087
39388
14197
45093
34639
58376
47738
43822
40838
54323
12997
31615
4359
30035
46483
43897
24731
54055
1415
42488
40345
47181
55471
40912
59164
34904
38531
52807
42204
21189
51574
12276
41282
16949
12154
9291
35937
41019
54902
7711
16193
46930
36983
46709
16895
55465
57242
36346
35746
22938
44755
40348
12855
4339
53056
49576
46315
4424
47489
14017
45014
51107
50485
37640
46291
42758
31468
50368
44231
11161
8388
2340
32301
39112
22634
51424
52379
38652
46711
41876
28627
37217
20265
5403
52481
53304
18186
40114
35450
54734
37365
31204
31181
18818
29984
38374
40450
55161
21381
54787
30415
32151
58269
37315
40829
31197
36156
280
22032
50559
47689
37103
7049
42227
5865
11945
49112
26094
57638
57857
46971
25133
31481
40725
31782
41932
42562
42796
37731
50070
2230
53366
56850
35446
40767
42926
41641
11770
42286
35504
31951
30052
37105
46732
42891
10842
50962
37866
40744
35363
14892
30696
53597
6844
16248
35246
39626
10321
34096
40631
48076
56186
6671
20235
47005
27527
33634
32703
41952
34912
23853
52574
44632
57936
759
44824
41575
27723
53590
1041
51688
34541
6486
24801
37152
39985
47997
24833
41078
46223
22695
48165
29669
40270
50614
8640
48182
11515
56177
44928
45848
8420
36869
47492
35084
22162
46555
52464
56536
17988
18322
33231
31192
49991
51832
32556
32615
32346
35031
48878
11453
41016
59153
40627
40434
55197
42046
5752
44923
51664
55227
48036
57798
10646
10355
2665
9437
41671
49803
44332
52717
9796
31087
33242
46460
2202
55572
28239
6522
52588
36676
37210
46643
44609
15203
28403
23416
22307
10775
36433
38018
31879
56545
55479
47680
26100
7160
42837
44409
30115
34662
25700
18503
5036
12072
50087
39536
58223
40607
19776
59246
57045
47509
47427
35332
58581
45619
50288
40961
40519
58235
31438
51561
37540
21006
6565
56875
57726
39866
29191
38527
55622
13415
54329
36776
20510
34467
54836
43440
46792
43154
57779
14880
56682
54343
53431
50033
33561
58236
40997
39211
2243
42213
11833
32859
43603
50633
57121
32057
56907
8468
42382
1202
48430
59058
47829
21788
48439
3749
49736
40887
35646
35750
56700
9087
40116
38240
39131
36742
38033
43243
42540
36118
20188
26135
33234
58743
42947
58172
51056
34751
50255
11389
34021
10383
46494
43652
44275
41176
47842
32480
38115
33276
12438
50491
59082
39029
42440
53332
2246
10738
58682
1256
42444
40409
33831
18169
39424
52894
45361
41508
42907
45851
56137
29712
34759
7850
35032
9639
34918
34653
24791
2062
7019
48062
8090
56658
50015
41468
1114
20288
57604
43497
20154
3242
22795
47425
42310
38907
48516
31735
41254
41175
34943
4306
31445
48189
44103
6415
50006
39449
37804
17576
40948
40168
52733
50795
49789
51432
35610
52086
58048
40526
9213
58092
32957
12505
28838
40537
14060
48735
8497
56639
9681
48987
27810
38679
49364
33677
36882
50399
16159
46417
41157
42966
9073
35021
34945
58383
52939
10050
48444
23986
56871
47669
41153
8867
28205
46710
34510
56591
38194
40658
1645
45928
51777
49666
46283
9494
18467
50029
43625
21575
35827
40161
12608
36025
41505
38387
55075
56116
20660
24464
54755
36845
58309
31016
46009
53002
9164
49697
28923
9675
53327
44882
33253
46986
24413
46546
25003
28342
56138
56709
46590
43602
48458
34481
38154
48389
46811
15637
21949
49917
2112
58299
34898
45354
55829
24477
49131
44296
51621
41573
26878
48046
57883
48687
50620
26861
50317
34760
51143
32353
44574
49134
57802
8001
5776
37937
49815
47434
43404
71
51985
40819
45449
13601
3769
29010
19689
23700
23827
31231
39552
8284
30729
32639
58565
42873
39183
39562
41324
9269
40074
58660
34774
7369
40021
17941
33909
51216
58343
12821
29798
49051
57594
9908
23238
30686
34708
3286
52424
44976
34577
12312
12741
39171
43284
58131
49304
51562
53119
29268
21316
59123
43664
48535
56049
35573
37820
37411
38204
20593
29676
50562
34230
30236
36551
52696
40036
34349
58451
31963
57976
34742
41281
39135
23179
3030
36097
30077
41328
53466
46961
41309
53208
23065
57466
50555
53697
50926
33933
49890
36220
39371
49553
7932
54101
42618
46440
2039
56542
41828
53339
30432
45969
16909
49838
34736
42076
37245
49097
41096
38288
55946
55286
44369
39986
45677
57091
42549
53073
39295
39281
17571
39381
44519
12686
39122
39186
36998
58242
57424
58928
36872
40294
37960
58160
