8661
20327
50471
53667
36519
8941
6791
54973
24513
4291
54812
9351
51337
37369
15946
8955
58828
1312
22390
40231
48491
33379
56180
30291
54164
53817
20219
23751
25980
6869
9431
39575
29726
6095
19298
16356
59264
7463
31776
16731
57843
31756
16488
58866
43617
39567
49241
20294
48198
49995
52990
55729
9241
33746
7384
47652
47659
59046
29337
17090
9827
32762
48726
18151
23557
5829
46155
50514
9495
6489
40029
6526
17522
53108
30128
7923
7698
55744
10550
28071
17468
41177
46439
10099
22276
18961
7796
28043
35622
8046
9138
13066
36395
6445
55355
45602
19658
35990
34194
29448
13851
43236
3823
31662
26712
16544
57799
16107
40249
8353
55719
16971
49261
37549
8225
5030
56929
6458
50158
22902
49213
15743
57494
32769
10089
58493
48116
58909
40357
48565
32328
51543
55903
38982
3305
57759
28053
49271
33412
30410
32051
28338
9346
35545
22071
35943
56776
55849
8915
10593
41195
51758
58731
56806
31454
50475
9506
33857
7457
47946
33085
55446
7284
11314
24312
54167
27204
33073
49696
14282
52546
53439
49930
37278
13193
50426
17490
1566
58829
58155
45297
11084
47026
9999
11508
27986
54982
55129
13958
35065
5880
52769
54442
22600
48962
51215
6595
31696
6875
55217
18555
2738
36385
33151
31589
16964
30304
37580
32227
52871
344
33135
18330
10046
54031
20321
33649
53088
10811
51872
58977
49133
13194
30086
53150
48124
57877
53152
28257
53084
1171
31297
39467
53124
41362
50049
18841
29645
6086
29201
53737
49757
33659
48707
38985
36314
58751
6930
31318
10215
30416
8838
7403
7552
41286
54719
19257
13985
30484
48856
12975
32129
30592
27053
13189
11460
49970
42331
5359
32717
41088
8924
29657
49778
32157
51358
32949
53838
42291
47910
51018
21778
27685
31180
38515
45537
8223
41467
40655
46608
33589
16621
10936
12890
36754
59139
33917
8326
48059
20912
6646
48232
34458
30366
54115
20591
12692
1880
58412
7599
21411
2695
48921
43242
30006
29543
10294
36834
20702
59163
26731
29288
9981
48787
31414
33853
53692
6877
31829
22738
35229
28025
6195
29896
48848
15803
