8660
22563
23839
18962
27791
44514
16257
10820
57795
22172
56442
38243
2347
16459
29461
37561
42927
27993
23119
22177
20451
52692
24322
41733
25920
41484
22717
16726
13773
38983
17351
52798
15332
6768
8780
22824
23293
37670
15669
36471
56407
19235
36521
57463
18887
7604
56453
45882
11235
52323
1919
40786
46985
14220
21030
37738
7996
51450
13480
15508
29849
26513
14149
39089
23358
16506
4249
15257
19066
19049
13925
7162
26460
13420
6367
14695
41547
28723
30089
27787
37665
20373
11407
14113
566
14097
1080
41548
7226
25693
41429
12376
14811
2540
18861
20432
27779
8524
55294
29697
34332
39431
19186
39652
11122
41621
56389
6080
26576
47491
56386
27348
4888
27946
13757
26248
18477
13147
8485
11724
23344
14993
13842
2714
24865
11524
2745
27226
23498
22955
20322
24428
16148
5027
13539
16796
2554
9958
6887
19465
25188
12311
11261
54018
11661
9422
25389
45833
34282
28049
57541
42368
19870
14161
19239
29575
670
17882
38198
25076
22357
9247
6802
46551
52396
12827
8035
19005
2259
22820
28446
38810
19855
30321
53460
20933
42386
49793
24581
5709
3375
4758
57245
532
51377
58547
44023
58013
6630
22669
14128
4823
2297
17026
14949
56393
2411
33273
13536
23618
32776
41561
17226
12815
7490
25841
42302
56098
34781
22493
36604
28913
5028
24285
27131
34506
45669
12928
14055
20314
27656
23345
12620
11125
22790
12973
20564
18705
14816
59104
25151
34311
24324
15047
16689
56377
20636
27737
2927
20338
28125
26653
9120
3816
10961
5987
17726
2471
16060
29572
14482
12642
25817
17844
28379
27119
26548
22180
18989
2357
1126
11357
22515
42397
25356
6226
37621
12225
23478
56416
23570
12369
23686
22442
4304
27282
27253
3950
13670
4828
15409
10800
55418
57584
56375
20568
9912
862
13886
8799
50729
35730
12239
57848
52121
3320
14042
41289
17339
1980
19062
24159
6286
7245
14386
23158
17594
24362
52413
12660
23215
19177
9800
12735
9521
7131
1336
39297
37792
21587
57990
14755
23610
20291
509
21922
18358
20439
9317
7119
2279
7401
31478
18703
33445
5430
28327
40864
13050
14571
42557
53821
13847
11356
14414
13026
14187
40374
11694
52706
19997
52236
15976
10870
58228
513
14234
58176
56115
17725
14050
25562
3222
23812
3810
28315
11308
15238
22414
14644
12265
2225
31148
15839
14431
19594
12391
27201
12523
19559
14047
21170
56329
23603
25181
25350
1466
51848
32777
17179
29026
25454
53424
9628
29084
14670
1935
2346
13799
14648
20488
27507
45599
2582
57475
37758
27572
53482
34317
7333
9997
28336
29242
4439
31932
24388
22833
14762
33279
7227
3094
4857
25873
46764
22428
2053
20392
54852
19962
12018
48877
53969
11272
2591
22693
10107
49478
3718
42263
14583
14727
19791
516
20626
10805
10840
43359
10102
55599
3219
53489
39470
16127
15452
90
13385
26965
41809
56396
2264
7558
14428
6003
36533
27657
37696
10611
13019
24377
9098
28974
3468
11340
28313
52444
30776
19471
24422
17846
41676
39273
12068
16465
10821
22815
23370
5969
25297
11330
23920
42894
26283
15097
15866
27236
34935
16236
17687
26685
12892
16424
37158
18010
26342
32660
10752
5783
47211
22305
22626
11720
56397
5475
1885
9256
56517
37912
6209
14974
22775
45169
23937
35379
13229
25156
56380
28414
7282
14946
56495
2339
6635
14285
18601
13234
33367
23890
56872
42016
35351
2094
11547
14109
33670
36079
10701
14999
16981
45990
23167
13362
23268
12944
10979
46749
919
31096
27900
11873
56367
2412
11683
14770
30727
15925
25851
14593
14171
45191
4286
29287
49768
53195
2116
29609
26241
57728
2685
13900
34728
9202
11853
24401
22811
32554
8343
57571
94
45632
9458
1435
25927
35064
9144
12353
21059
41973
25697
22565
25909
2098
883
13540
14751
14158
16810
27910
41742
15179
3051
22884
21560
11367
9108
1410
2833
33837
3215
2650
27495
11567
34129
6300
22452
12185
43332
16120
20275
45878
9353
34878
1950
9425
9637
28983
15034
58301
56437
44
9185
20443
12934
19908
33210
12455
15347
38821
45499
3872
45316
11852
7396
3550
13253
13710
12654
27835
2645
14172
30557
48570
8433
12200
57555
5731
40177
27455
41564
5150
14155
38167
16105
8737
43222
18914
22913
2242
29395
27185
11638
12984
14094
4244
7209
39782
27111
6767
17646
31486
23421
42238
6105
57396
45856
23272
8527
47204
52682
45343
928
12314
7135
3829
56446
34243
12798
10997
39344
30332
28991
20635
12873
51767
35764
23374
19222
15732
52658
4251
40066
13007
13002
13390
9482
19489
7259
7115
4851
18013
2295
10225
24869
15529
3396
35441
35068
25632
31501
5818
52697
11883
13059
26186
22405
36924
57645
53255
24889
7894
13462
9281
51825
17421
15950
13772
21375
9331
19321
19074
12720
14000
1181
20916
28738
45607
19217
14650
43347
2706
57552
3731
59203
50369
28274
42002
2725
53978
53389
19528
26158
15010
12923
44238
42539
2377
24291
6889
55880
13394
3029
22667
23615
24746
2970
8939
12796
27412
4322
98
11716
8781
3842
24881
23289
52723
23716
3757
13537
31473
5427
37510
13152
28306
11656
4265
44748
25799
3712
56447
10514
13891
14190
22949
9375
24277
37910
34487
38042
16470
14523
11047
2372
13955
28057
19027
9373
28273
17084
57244
9332
52309
25704
11104
55113
33941
12146
34460
15063
9289
14746
2226
55611
33904
5711
23464
3251
14685
11843
2207
14336
2353
3585
3732
53457
56459
53620
20959
39417
23098
46756
45080
15018
14655
25159
36528
13798
14666
7014
10614
20236
11107
5400
28309
21494
53364
13546
11091
38474
16514
11948
14617
15027
21783
29146
24460
11098
7093
25050
9408
25500
29405
22553
15265
57700
29341
11882
10751
14406
7936
12270
17039
15013
52720
12982
2175
45911
13400
42008
13987
633
2906
57304
16814
35262
58255
18712
29003
22733
5669
7503
4206
40017
10818
33992
9154
1396
39973
53413
22926
6644
16647
8630
10922
37750
16950
59117
2455
10825
3213
2690
16316
10984
16635
16997
48425
12958
17271
56200
14157
7823
29085
13409
1028
57336
7185
25298
22144
23243
22140
23259
51622
34939
25843
33250
20480
24559
8658
23240
7169
12759
21392
14011
51712
3142
25387
3569
38267
26434
14378
29359
52105
28272
40930
39393
29463
19503
45203
33350
3748
10757
10801
13792
34280
4861
11382
6868
33586
23418
19499
17593
19338
23914
9967
44940
23192
12175
37675
3925
15391
31424
2352
23025
26954
7195
52014
24478
25942
22906
9968
21975
28003
58374
8113
10856
28375
12787
55927
29683
56216
58362
16913
45845
19054
12509
19041
2532
54593
26904
33173
11479
18920
21194
24563
24061
3217
12940
3845
12051
56443
9530
3830
12384
19897
12987
9255
30641
3729
4484
8710
10296
24992
23562
23135
15956
35111
56448
18714
34633
29002
33409
8498
50715
17759
1606
16109
6647
50732
23611
25807
12348
2084
20371
10623
14870
10998
40839
16084
24410
8735
12773
14582
14453
2686
2678
58680
20390
19240
45713
3410
404
6546
20323
56439
10454
25110
29048
6612
22742
22962
22464
38619
2617
13469
16552
57714
22664
14505
18450
8952
14963
16209
4281
50504
24700
19060
52734
52012
18455
25375
11674
2370
56902
40184
52679
13351
28576
13718
52787
889
31960
11759
10671
12277
46638
8149
49385
13237
25499
35678
26901
23530
34948
29718
29063
12066
13735
11134
54464
7695
24587
34137
57934
7649
11573
2464
51974
53928
57969
14972
31075
11968
7179
56403
2313
28155
14726
5976
12935
17543
27296
19038
7206
9155
39358
45656
51887
45646
26337
4570
55629
23150
23633
11351
46031
4799
13882
3754
8843
14080
22552
41736
29105
40923
6207
16501
18138
30580
25256
25891
20575
17712
19079
43388
20318
10203
58711
7522
11620
6970
5990
25263
58237
2074
40657
12891
19750
25896
15306
13389
15381
35723
7028
4779
39285
11588
29664
56429
15384
39811
28285
53360
2992
26792
5828
14153
7953
27762
11023
25471
10323
14848
28333
57328
46694
14385
24755
37507
21304
10390
12698
19302
1147
38065
41311
19869
1086
57180
17331
6675
17654
33692
42347
56325
37242
13787
24418
9309
22291
14130
53941
22921
43322
35291
28506
20309
26280
15911
14574
15547
12724
12756
46714
51439
55168
2270
3762
4475
56149
27358
19555
738
56430
2945
15085
2382
18180
4186
45110
11463
46702
35734
50532
16246
12062
41860
48337
12021
14691
17202
56153
2081
12345
52724
45168
14463
16445
32715
20249
25573
55228
4267
88
52007
29126
10802
29442
3834
26366
7805
52989
13374
46092
52203
3499
23852
38839
51589
7118
11597
28571
7840
14766
13703
20346
37716
1897
14828
20344
9413
32141
7241
18662
17453
12456
9728
16009
43993
4884
12485
14913
56404
35083
23601
16190
2937
15601
27744
8592
24479
16556
2228
9629
54613
18965
46983
13786
9524
56982
8486
22754
24634
15472
23021
7464
24676
12327
17816
19327
12871
6804
29053
8750
29508
8990
19865
28006
7406
58120
29102
26876
18829
27777
58797
42365
12271
7359
6894
13875
24925
10240
14903
20565
5432
45883
47540
25283
14539
19374
14690
27967
219
8920
4313
22306
16879
15939
51467
33583
19293
9282
50664
51265
47563
33387
19461
57332
10546
57500
51639
18392
45151
8036
51851
22323
1943
12329
45724
51786
19883
14992
22336
10121
22979
17659
50599
23572
28410
2080
27789
23033
25475
16239
42306
56415
13381
7484
19903
52742
41329
14054
16056
3716
24129
37180
25969
32607
11398
42804
52255
25652
22999
52818
57970
23891
1941
4674
14142
24409
13473
13057
834
56431
5020
15507
10643
12074
56426
4326
23182
37781
10142
19035
52268
56456
27838
23018
2329
27671
52573
14421
56381
52095
14660
2143
826
37902
6104
14609
15355
26192
52865
13226
12790
11224
26250
32622
13242
13211
13554
14145
41137
22569
18616
40334
13185
58920
19787
2036
17113
14740
50706
2857
86
45888
27530
28998
2484
57579
35238
23147
9836
17461
13848
11015
25141
19284
9583
19821
20610
21985
14894
13091
50933
37610
21118
12609
28013
33668
37280
52133
14702
23962
56246
28561
35427
56969
8669
2595
7383
47417
14010
3519
50733
29506
8475
17676
18067
9885
13616
55389
2008
10874
41616
29144
16020
20619
50621
3508
48646
18876
55110
35338
22969
23276
12275
26717
13132
13577
13815
56419
50746
19344
14524
20254
31064
18194
1924
32960
52721
4297
48989
12416
21017
51187
7727
36073
27199
13671
23384
10670
55338
12867
15451
57867
11913
6352
26767
13803
19891
28836
28218
31098
6268
41298
29660
27881
2944
28978
38528
4462
56454
18365
42132
16806
12354
51513
1951
25056
8406
35382
37909
14684
24450
3518
16014
2405
18507
4393
11548
3699
1875
23377
18458
56422
21036
22477
5542
10872
14516
10261
25978
26417
14780
20525
52213
40221
19030
56399
4240
25170
29098
33257
52770
21489
6902
13348
13591
22818
14151
1953
13003
10715
26448
16121
18552
13039
8936
6349
22747
51299
28355
14774
2713
4346
57241
18570
53382
13622
17862
11994
45160
17580
23251
52995
11328
13684
999
20306
40032
27982
14076
13989
3847
51468
38580
39159
25812
40045
52844
2986
35674
14995
19039
23148
10949
26397
49731
20474
15025
14229
12767
28200
37454
12232
13214
14241
11722
57185
96
14735
8233
19370
6211
12464
37255
56384
15219
23194
41986
28260
16267
13218
4630
30894
15858
41750
56401
3216
11079
17566
14790
8512
13826
50690
23830
50660
26124
14469
27928
53035
8244
17801
24944
25341
16675
29127
57178
23518
17681
19028
27164
4416
19227
25811
46767
18456
9275
9741
27004
14131
25839
31982
19282
27501
8732
43977
19024
17153
28361
23073
44088
57763
23467
894
6263
12979
51590
57569
56394
27626
9252
3924
17494
14716
30603
9486
56539
16053
40730
8452
11943
279
23575
21870
33060
18753
20435
6722
202
3130
16495
23282
8786
46744
57850
32638
40189
14039
25055
21356
23803
11111
34489
28693
5952
13976
28123
45828
15560
11106
15640
14012
34952
23481
10174
14969
56432
10745
10691
31144
2407
56435
23316
35026
26276
5572
56420
119
23290
10378
14173
14090
2821
13523
12847
16846
12504
39942
33230
23943
17881
26277
16250
50531
56962
12957
56126
25961
40067
29057
881
20857
23266
14584
9729
23649
25526
52313
11768
29485
27812
26565
10436
20484
10696
19729
56205
11717
23254
34931
57959
33645
54184
26481
2220
32484
16150
24818
9504
47550
12173
18973
473
12825
13928
2771
10939
6397
38784
2421
52119
36620
175
48625
9776
5872
9324
12721
24080
13416
17560
14653
7431
4693
1075
32545
4142
9600
13813
20364
56117
9160
3033
23273
23951
56478
24392
7167
28568
10879
56359
14397
41084
14893
26286
14925
14859
5429
10157
9542
17006
56960
19879
20336
4831
27214
52202
5784
52
17447
2263
47233
11105
6878
12060
4122
14083
24052
51692
5866
17896
20113
21163
20837
37737
48505
11601
27140
23278
23472
2101
4278
58323
29106
24368
20464
29171
43221
6855
19112
3869
30137
17809
981
10574
18670
13664
13302
31164
23431
8522
27974
14970
2072
7470
25288
40675
5681
28829
51177
9103
24641
26821
13996
16528
9266
11782
1853
20707
4062
15484
15926
17312
19180
13619
14096
13470
18437
28758
22750
38626
20477
13386
15253
9283
6853
13567
31990
58433
53130
11659
15830
10853
23298
14143
54017
23901
52108
18857
56206
7532
7593
6627
23303
33261
14517
2675
14184
10841
9195
20228
14675
19236
50736
26262
56468
15581
18929
27766
13231
4876
22787
35033
33687
16228
26503
50524
10682
58428
10116
760
26201
24582
50662
19509
18309
499
3174
22665
57755
10198
6079
12947
46350
28093
25303
13701
20357
28284
13789
18295
39808
22197
8480
7354
51461
13726
52698
19381
17861
15056
26728
13238
51149
4146
28424
5525
16241
33186
18855
8513
43301
56400
10686
37711
56374
13267
29149
20890
12332
15121
12604
13731
7622
28367
50324
2719
25440
14448
35058
9538
3297
57327
26416
6250
26900
14753
54309
7766
30159
42640
28370
49369
59115
10765
20315
20455
18351
4889
28583
57842
41188
23175
22854
7201
12802
14821
24454
10341
19948
15903
5732
44041
16310
23948
5994
13245
493
19539
53738
22423
12123
6217
24738
22121
53290
15878
13575
54862
1942
24471
7931
10807
23146
21878
13695
4456
25129
3095
10795
37039
38578
7485
21517
19912
9774
12501
15986
11353
1982
14747
12905
6525
53318
29049
56428
2
30426
52710
10601
19462
57414
19769
33216
18907
37900
6626
13920
24317
13301
28164
35534
32626
16295
10624
19263
14710
3357
3532
11711
14657
22400
17898
40174
29021
23859
8315
41359
10577
50717
10804
50578
13164
18022
25157
19836
38156
6900
23220
17508
16227
53263
3271
29034
45771
37736
22737
43409
32665
2656
28588
22098
23225
19355
35057
52320
26532
14166
13419
16942
18728
19196
26402
6870
23288
46630
13811
49693
14810
13982
57389
23305
33339
15102
4465
19047
32620
25846
14069
28286
12337
3166
12993
19364
18296
22586
16868
52918
56440
5227
10714
19709
22168
56458
4444
23427
25189
35500
8463
23893
33963
58654
11618
9505
19246
37631
7221
18464
23466
39220
28362
18445
1954
32425
3145
27714
446
4487
17655
53148
9866
18868
23077
11619
19237
7760
14687
50831
8801
17967
32156
26881
11021
57989
3158
14694
40973
24306
19506
42597
39261
2306
35344
25451
53513
9225
50718
17841
6049
11058
55899
13932
11614
22532
14111
7400
9511
44871
12379
26442
15962
2305
35781
36005
11097
15035
30797
16527
41576
57116
236
50720
12965
22217
10655
4387
22558
3588
52115
7450
18866
3864
26720
26478
54129
1228
2568
2208
56051
11784
50640
13768
24102
58582
17631
19447
6315
41894
2673
35160
31822
19711
23304
59201
35848
56211
7216
22190
14718
23006
22501
17553
6845
58034
51352
26519
19798
27989
15283
37638
4194
23257
7039
776
25481
4383
15864
28808
11483
11513
21384
27732
25702
37996
41384
27342
6822
16508
7203
15980
28136
56387
14531
5727
32643
28352
24979
26191
22118
33437
51064
7315
5546
5874
53805
25473
14194
18851
7371
2166
56417
27614
16047
33483
16070
23078
48889
48499
41571
15740
31151
28543
27254
37491
36603
2149
57250
9254
13139
56112
1050
11194
25280
36775
19483
476
13078
40934
56402
23043
28048
14521
40823
14156
3726
16185
14327
12921
46276
13081
20570
791
52976
52708
56212
23210
11069
17097
15431
23922
18480
33329
11035
16940
28638
26555
24592
11457
57190
45854
28980
26749
10886
487
27619
37959
53348
7270
1908
12401
23940
2292
27873
27832
19260
28305
25692
6434
35371
28365
22350
56462
14306
13482
57068
28145
8517
5481
28657
5716
36057
53615
57449
56582
18258
56388
2784
51879
24872
42224
37760
50603
41834
55164
16522
31801
16651
14218
25449
17540
25237
26328
13305
12316
15562
13907
12339
33716
115
4342
28716
10678
27660
28589
28620
12931
28724
7215
15779
13530
28555
39348
54250
26253
3722
29708
17884
19265
40988
8975
3080
29585
53647
14451
4501
46760
11020
27688
20393
2482
15029
4599
40302
9211
14752
56382
8944
34295
18933
13373
1654
52812
20566
52579
18685
24424
11763
5339
4106
29388
18403
14064
5860
45812
34253
7806
13732
17534
37588
12321
28276
20225
22454
9713
44043
13219
28369
9453
24546
10649
8052
20734
11585
18176
23125
13849
56966
17966
13200
14358
20498
52593
23083
6184
4238
14457
10958
43287
24145
23947
27703
30004
14300
9604
23038
15194
4807
17063
27575
11658
31908
1573
