374
22873
26872
19837
4160
27473
24057
13456
13892
25001
15280
12596
10129
9907
22462
21543
5530
24891
17396
14938
18421
10694
210
26121
21593
29083
20232
3322
12244
19020
2803
15174
6971
12653
26386
4485
9207
29267
20042
7449
8082
19996
13413
24578
28460
25920
8897
3205
25275
26068
9152
16998
3034
17293
16259
15332
72
1267
24118
16223
6768
5706
17517
29225
17148
21071
13663
17673
27019
10852
23293
15240
9393
11693
20305
2633
6880
5879
24071
15835
15669
14547
11708
3967
6495
14115
8240
12061
13877
12458
6210
23969
15413
11174
29041
17808
9301
21579
13639
27566
19155
17015
7867
556
12600
6719
29116
19469
24845
24100
17569
17595
15334
12709
21165
14179
6198
8303
13525
27782
13657
28357
28231
19718
12616
28567
16400
16218
1721
25541
537
10192
2724
2559
2304
16539
6735
12226
6532
27320
19777
22709
1508
21339
2315
14575
27702
27729
24380
13666
5482
3761
21041
518
6791
24228
26513
16095
6570
12101
15252
25801
25650
4249
19717
26852
27603
14426
23619
13790
10083
22639
16650
9387
15698
4984
3923
17838
17945
13420
9258
27408
20368
27724
2638
12415
2700
1658
6274
6836
18963
22363
9394
27045
20986
26099
3844
22635
2631
1891
7904
4830
10702
18553
12261
2666
10963
1640
2240
20931
2359
14261
709
6007
6574
23024
11068
17751
27849
7184
10263
25693
15960
18076
13173
7313
13308
25977
23717
14376
10743
17370
25744
11188
25852
27596
3735
11830
23247
15721
6944
22269
20432
18531
27779
28920
11204
25887
50886
11713
7205
15758
9915
54968
12241
23536
26877
23017
12607
16866
13072
14564
25511
8239
8519
23299
24168
55293
28190
3972
12367
20735
16164
22713
27411
11269
10895
9011
19040
9979
7363
32788
16893
25447
16959
17451
6741
21072
5436
3020
54072
21943
17700
11978
67
19375
27544
3254
28999
2714
2185
29767
26123
22131
23498
5372
16965
24004
26595
19617
19130
7824
22541
15641
11772
24178
10538
22031
3077
11577
11541
9611
21427
17698
22450
26036
16996
5611
1781
21615
18692
25243
3355
26704
1481
1304
479
28637
3515
7126
15023
6069
22354
15467
13551
22185
8236
21506
17016
19101
6122
7685
6187
22620
17677
9376
10223
27758
25923
19351
8115
8899
13905
5799
19283
12791
27187
27914
24448
27794
12655
13366
3963
15443
28103
28784
25894
25557
3917
22489
23160
9794
16785
14613
3625
848
3316
24349
20007
18066
17079
2804
18917
16216
25165
13183
19893
22820
23929
28343
23961
7440
11444
19266
20817
6899
5808
9148
2383
1221
3278
19453
15176
16536
29315
26955
11401
11100
15185
28547
6670
28225
15243
19803
17064
11003
11679
2721
27776
842
7310
973
19861
29662
8948
17127
20044
4343
1928
10062
15909
27015
529
761
4805
1904
18190
26151
8878
4119
17481
18769
8597
6237
4809
9371
11501
11250
26308
17226
15147
20926
29581
22615
28748
8518
13023
5842
17140
24457
23404
16502
16891
24777
9760
21498
28939
20166
13077
16355
11359
17787
28065
23335
26660
25317
19014
21736
27668
2916
20697
24285
21218
8324
26592
21592
19399
4406
25502
18910
12647
3395
17662
20935
10739
21598
8147
27193
3086
19450
6095
18858
8336
5218
22704
17394
21268
22441
18635
4764
19221
12937
593
21585
8535
14933
26633
17683
12413
6377
17178
24365
10971
27084
20965
10773
18975
12744
17004
3317
16691
26977
2648
17586
856
2859
7124
20664
29344
11684
23399
13339
22240
23912
20202
9288
24722
24164
16354
14488
13448
28539
15497
16856
28981
3794
3006
22523
8743
18584
20353
16432
23277
17282
10859
7531
3344
25439
5550
3313
11346
7555
5615
10832
26228
27736
2446
459
15047
8791
9763
3208
20156
10521
5306
13975
3249
27994
1631
15322
5566
11164
8849
17854
26096
20036
14562
17902
22603
6901
14476
23275
12350
26176
9015
3157
24684
17934
10850
4497
11613
15485
4902
16157
16936
17364
28134
5987
1277
21844
26252
26436
17865
27936
19083
12754
17773
23346
14754
22722
15215
24014
5649
24394
16730
23456
28466
14596
22000
12234
831
24482
5674
28854
22297
20595
28050
3276
18430
26516
6552
29046
2357
11357
24077
25349
107
6226
12889
4769
12370
27128
24016
26933
25937
17291
10985
29393
10540
6374
27402
26141
19385
6753
12369
23686
25996
13475
23946
7857
4169
4425
23115
19379
17260
21576
12650
26431
15877
15409
8112
15754
5839
7644
17778
21552
9989
4752
6036
21701
12896
15468
2579
10863
25137
20568
6328
6059
27017
17904
16203
21120
1984
25024
6703
7324
16953
5037
238
16519
15157
27419
29544
2215
15738
17512
28782
23419
25169
29452
2761
22048
29513
15031
21561
14545
21767
19157
27576
14206
13220
13628
6091
7723
16369
14805
26079
6073
16558
20059
10981
20419
24082
11788
13141
28581
7974
2861
17285
18218
8610
18161
14323
27137
16597
2396
2556
28227
15001
26139
11448
13407
25386
27804
2247
26518
16005
6456
26979
7131
14626
3983
21531
18046
12029
2500
28685
25109
21865
21155
24565
20841
28001
19761
23778
15407
7137
12142
25479
15861
16872
18481
19825
20937
16723
17879
22251
21587
24911
16865
22011
3601
11672
23442
3191
20291
26947
15785
15095
21820
4419
9803
13340
4243
4308
20165
24202
26028
5645
25367
832
8093
28708
1251
5001
20446
17891
3031
5991
15650
15868
27390
11635
20786
14073
847
5430
28698
11725
13345
15438
13103
19037
13269
17674
29129
19611
472
24824
19395
3990
16618
23794
12761
10444
28962
15840
17750
21159
26374
3343
2065
23141
17889
14118
16896
23854
11800
16578
17038
18498
13026
15038
17588
19997
25107
25331
21070
26145
21699
21425
19357
10870
24403
12946
2946
5922
3563
3114
12849
18646
12920
11141
19884
8647
12772
24885
3053
3671
24616
664
26251
2639
11308
3475
4399
5967
17212
16426
7150
14204
21034
21568
12256
15380
16437
8961
27471
4443
19249
19433
25415
3966
2418
18160
20238
28970
7722
4993
26428
17188
4489
8553
11641
2530
15290
24257
25272
10792
22089
26578
28996
20955
21588
14807
23061
8373
3227
15390
5696
10377
4744
12644
3358
3100
7982
4826
26914
15414
10366
17559
27647
3308
7410
17219
7952
16752
29013
21495
25120
27147
10456
810
14835
10135
25308
28066
23607
27634
9082
11587
984
17895
24838
24914
11461
15898
9898
2740
5753
22952
16238
14962
11044
7979
12961
4672
17514
2376
10590
14093
5224
27323
25254
10720
612
18281
26217
18256
12682
24439
14601
25432
2300
564
18471
28336
23886
28186
29011
2287
29714
28897
9075
14338
5664
3434
8442
7993
28671
27032
1049
19945
13627
19673
21037
6283
1003
11009
13106
16225
20922
6678
25104
15446
15607
17713
28952
15805
7273
27502
19017
9603
27754
8198
16391
10336
15841
27097
22809
22084
26013
17596
27142
11495
18205
10776
14819
4498
3289
9010
3323
4725
27739
7373
9992
3953
6835
22399
13268
27895
26323
27589
27648
10107
28426
26249
28705
17118
18223
1878
18485
25145
11702
7815
23935
24983
516
9691
16524
16813
17147
27581
17305
7176
3307
21566
8462
16758
26889
26695
17939
27177
8844
20866
17805
10251
15341
16986
28908
27731
733
24369
4165
13640
1393
20844
8494
15493
1874
25554
6729
27785
7631
21759
23548
10443
25705
13783
21847
14427
4864
3171
17295
18853
22392
28727
17820
26055
2897
9379
20728
21928
3183
26882
17164
25175
25193
27657
26607
12519
2198
15313
13923
16374
28291
10611
26718
7543
21628
15075
19058
2971
23557
29339
7891
19268
14322
28974
21240
20075
15733
3752
7680
16764
256
9230
16244
14615
24176
27978
29673
6572
27735
26034
489
10966
4055
15241
2232
27934
21565
8728
545
1380
3071
5447
25013
13515
21942
13169
6102
15255
152
16526
11330
16972
8646
21613
19279
6569
26120
26891
15097
3040
25952
28715
13750
28358
14658
9536
21834
21057
15609
11561
17853
2975
4168
6379
21696
24373
13180
2702
3720
4235
17682
19986
19413
5138
16017
22327
22613
10122
13260
3782
8438
29579
26446
14569
22758
23924
15299
21043
6526
23517
2269
17675
6063
6265
14514
17327
12049
24526
8314
23727
27118
25989
19938
17973
8850
7030
28341
2974
28676
10664
26178
21904
10868
13742
16152
17948
14473
11303
19231
14988
12189
21939
21245
21151
28541
28969
14775
5008
22471
4446
26000
9421
3708
24861
22006
14561
2310
7155
19682
22782
7738
27241
15955
23330
27818
3403
17555
8807
8246
3916
18270
6419
2187
26985
18580
2296
18745
10983
16497
19567
28842
18122
28875
4161
6590
14999
22309
2529
20161
10675
16981
12163
3021
18516
12656
19991
26945
25520
21111
14405
28215
24613
3958
3971
27759
27628
15450
4817
20671
5015
11584
24775
27364
26322
8564
25441
15403
24940
19105
8250
20662
27920
14325
17233
14971
23471
14928
25307
26166
2658
28301
1918
14281
5855
2309
24556
17480
25357
26996
7779
7247
16857
16793
8766
3815
28590
21639
21009
15207
17940
12623
13060
16946
14171
14738
929
12971
14750
18289
17634
13433
1035
11181
10391
10737
4533
8969
17239
2685
23513
1440
11243
29414
27276
2467
27492
10790
16089
4508
5820
13422
26057
25139
16403
17087
6687
3586
26244
25648
6615
16428
10500
7625
26946
28582
21609
4697
20945
29724
21056
4994
9877
12289
24361
8378
13292
26473
27554
13751
24788
26204
13001
22565
23703
24210
24652
17630
12177
26509
1172
15775
3225
2785
13249
9508
21004
27931
7820
24600
26269
28653
29058
13405
20537
3011
15331
3051
25519
17536
11197
9108
14667
7481
4431
16992
27354
6517
10576
24860
14256
5821
6015
19281
11307
9765
6962
23489
3661
12883
16605
13255
5634
5954
14217
23874
27462
7380
28540
26867
27531
11916
22090
4507
26132
11154
26970
12469
17970
20793
14651
21872
14314
17445
8211
300
27813
5244
24900
15996
18825
7413
21365
26557
18206
28983
21563
610
16023
13408
4771
26534
27582
10679
13397
14950
20111
21722
44
9185
6905
15114
28545
27494
3865
21907
3399
22821
27042
1331
12455
15346
2206
27862
14568
26763
2222
11006
28755
26981
15879
28236
18211
14911
13425
16617
18638
22133
19063
8567
21097
28192
27854
19529
15735
26746
25931
18921
28926
12070
26105
6051
10347
10400
18995
21350
27020
4804
15319
11732
1723
2651
15201
28930
10565
15967
1599
14199
18401
8676
3939
16105
8737
10770
20186
8355
21641
26129
6475
4845
25413
17767
19055
14389
22861
9545
25330
3274
10836
17055
10512
1462
13818
12777
27166
21987
18961
2612
29476
6684
26086
10857
29566
15975
11799
26131
26594
26791
3324
7657
28312
16261
23661
7399
23492
17323
18652
24953
19161
13227
14299
25293
10572
26116
4998
6965
9102
16775
20426
21021
569
12377
18388
3264
11137
11214
3915
642
6197
24761
13259
26751
17144
24947
27167
13635
5730
26062
23232
27133
26056
11648
27646
7330
21595
7297
23863
5457
2798
3028
16346
21042
21555
27098
26046
8892
28181
17885
16289
26403
17133
14546
19308
13571
7579
29698
10810
21264
17335
9390
9727
22796
21761
24875
15307
3829
15441
28537
16779
23867
19597
12033
5305
25290
29193
22056
14182
10371
17170
2391
14082
12888
27058
4449
19871
27845
17437
24125
14443
15693
24274
28766
9059
13653
12000
2588
4079
23532
17990
6865
26187
24570
20256
27665
1917
11819
12843
2493
6827
5424
12999
7115
10760
9173
28455
28206
19882
17774
26818
18535
7462
29147
1681
27523
29511
9474
1539
18863
2323
18711
22507
27159
16876
9341
11550
28669
23972
12221
10021
14180
28166
16262
10235
13059
2157
13881
3233
4781
18315
9612
17864
27445
24089
9593
3970
10659
17633
23265
24952
778
26988
18343
3353
1998
16529
15750
11834
3523
27238
19764
16258
20952
19224
16088
24889
12034
7894
5616
15664
4939
3487
28032
23450
11379
8758
23117
9565
11395
19969
14783
16778
16456
17131
2807
29729
8581
19401
26850
14844
17605
16659
23949
8258
7237
19321
19885
27197
16716
6461
12622
20248
14379
19961
12573
3075
6673
14802
15173
20629
21826
6120
26514
18852
20904
26475
8831
4916
890
15260
15954
2601
1898
29067
5834
3969
13131
23002
10489
2462
13511
21169
27892
23045
10837
54528
23286
25160
19377
12046
7876
8307
21743
12439
14788
15816
1710
1910
25959
4217
27089
20628
18779
4195
17827
11505
12422
10849
4934
5624
601
25963
13573
5851
6916
18333
9926
54847
29490
15412
21808
10653
21953
21995
14334
19668
15137
25010
5097
6346
1296
26455
26558
1302
6959
19838
17589
14652
27817
12436
14465
3757
13359
21255
17035
26858
28749
6737
27410
11967
22420
7682
27292
21209
26043
27863
22846
13824
5603
11553
3411
3106
14003
3055
3943
11955
8142
19414
27345
26598
6313
11101
8598
28518
7687
11806
23629
17870
4265
28420
22700
23479
24423
15500
21048
21336
13009
16486
21787
17243
8086
646
12854
29036
8891
15461
28650
722
14504
28771
4502
5494
8193
22252
21312
12830
4225
28607
9018
6547
11089
2017
38
21035
2615
29455
19790
17883
22502
15534
16925
18847
10749
14973
25083
411
16339
20716
23036
26884
20717
17919
21116
14977
9797
19046
22482
13955
18784
17502
905
20674
3959
15483
19307
23310
2013
29416
17665
21242
28273
17084
22589
11348
308
23403
13266
12950
3566
15103
3257
7193
10796
9332
3727
28977
23523
14321
13637
19353
25247
17419
14492
24289
25344
3220
16982
18195
9566
29521
28468
26017
23057
6848
7888
12146
5875
25399
9900
13708
19299
19247
9657
19751
7378
23126
12423
638
8490
18702
23503
24280
24181
21856
26376
15130
18994
29539
18631
14283
12320
63
19554
11836
20934
23464
19932
17974
6831
5580
8436
5989
14597
21929
5767
18476
17191
27487
18655
10937
29404
11374
22500
1671
17152
58517
4360
7773
11542
3134
20120
7678
27807
1752
24579
29216
17769
23848
17752
26284
10819
1692
4277
28882
29496
8839
10541
17129
22638
15952
22918
21205
10404
19760
16874
7610
6260
20917
28602
11240
17238
27135
15606
2925
6404
28105
23405
13461
11514
25411
3427
7934
29167
16955
17721
1023
21642
18774
505
19007
5650
14936
16994
17666
23850
21285
10622
26234
21814
12752
29142
15017
24585
43698
9451
17216
21055
23776
5370
28502
14975
7689
16573
3102
15372
21460
26367
16980
8469
27218
10954
10441
19569
13647
26037
27844
24437
3330
28746
11213
2843
26381
10734
25200
26697
6501
27522
7200
7999
15597
1968
28792
7900
24511
17719
19386
12222
17661
13651
2388
25088
19768
25287
6243
4948
23097
25912
2360
5721
16183
4928
25119
29014
23602
27774
20147
20855
17424
26634
16034
2238
17835
7619
16749
23639
24416
23475
5964
21687
17585
4935
9348
17814
20784
26535
17516
18954
23412
16814
16418
25709
8361
24640
8007
13166
28986
8785
20609
1340
13492
17890
15989
14761
25571
21771
3234
25525
17250
28348
28890
10250
10838
26721
26398
21463
15032
2828
12079
19400
26682
20823
12568
28594
15036
3003
19059
26911
9114
28356
12619
23216
15599
6531
19902
26554
26291
29222
4700
27592
3800
15004
26452
18658
16037
4361
22384
23989
9814
15277
20687
6099
9855
22108
25022
12991
18809
6669
26288
16316
25164
27929
20241
10823
2394
2311
15838
18004
7398
16641
19229
23262
12524
10931
29682
789
20347
28903
8132
15263
13052
9905
7377
27753
13201
11665
17020
23630
3301
12224
8532
24398
14157
19591
3295
21596
23206
27136
28995
27898
22034
14503
12659
16113
2195
10139
7651
25564
13409
17009
7379
12517
16864
28968
22595
18468
9711
16837
12983
6221
6982
23243
22140
12799
16838
5023
11623
1948
28579
28083
13572
15690
9731
11734
14605
26816
6511
8215
13510
1479
2414
12769
17180
18549
17294
10469
21647
54098
13144
25869
5593
4098
16322
116
37
11998
22996
16666
10831
11354
26434
22549
28866
4427
16129
27788
8569
21751
28331
27866
2628
14940
28292
9430
14526
4283
13766
18870
23116
2855
17007
13734
29235
23936
1990
17109
21875
12710
10374
27335
13605
18761
645
12707
8590
9725
10543
24519
22478
22064
23468
8344
5947
26133
2739
4973
19979
15545
19806
15997
29289
27139
13937
15391
7346
17199
2026
21438
15344
7540
28279
26954
20815
8065
15743
26625
17496
21803
20162
24286
20171
28915
5000
17709
19731
5893
24924
28803
17157
4713
21302
17300
5770
28029
6103
25462
23579
25758
15264
26040
28375
8056
27352
4060
4442
16181
5504
26940
17247
2333
13228
5803
19640
25973
29118
17110
15245
19512
8157
6699
16151
18303
6331
28864
7421
16913
25179
5496
11537
8488
25094
19070
19845
20782
15464
8203
17886
19498
11446
6861
18511
16808
20062
3913
7512
14637
10799
400
21194
15273
22490
25268
17766
7598
27256
9847
16733
2733
21044
23541
3947
10517
6378
2307
17784
26103
12910
16001
17878
26089
16920
17783
25743
26785
19388
26903
16138
23476
13142
22602
19326
13460
17888
19901
21109
23938
19975
11086
6973
29741
2046
19306
7614
4863
28470
21550
26290
2321
25183
17602
11566
22794
3933
6002
28095
17288
13668
9016
25377
1397
22981
21973
14772
26844
5813
779
8097
11771
5607
10654
10076
26681
2084
11752
16851
24589
6481
26599
26279
8020
11512
10623
28400
27452
11429
9712
28877
26196
8822
13150
408
9064
9984
3092
10898
14290
4132
25835
3074
12019
5619
15478
1638
26411
7810
12717
23090
5870
2678
23397
16777
10063
15853
16098
17448
26984
9238
24177
28317
16848
17135
11041
17304
16801
15199
21968
22862
16917
12406
6546
12628
17115
10454
24074
7103
13153
20280
2979
11735
15890
21924
13636
16494
15113
24372
10243
26969
7571
14195
29244
22654
9856
15983
2617
15921
4108
16122
15752
18339
14505
3801
20005
26390
14889
10357
6262
55
14309
3584
25172
10222
10705
16755
12151
7985
25988
7427
17207
19368
19060
29060
1713
861
7861
13707
5003
3591
14786
24110
29208
12446
28053
4832
13994
2495
15780
26667
27602
7224
11217
23576
13621
15140
18102
12834
6462
7491
25517
16816
13606
7429
3049
14139
19693
26982
18901
3920
21521
3773
8974
23964
11099
25067
19156
4879
14438
28576
29299
27727
11695
28535
21174
8484
3570
4931
11759
8983
12267
7717
2299
24284
27953
14646
28324
14688
23710
23343
28730
13733
22840
16442
527
25093
11748
20778
12916
23376
12030
15987
3672
25291
6603
1596
21682
6651
22580
14852
25388
21315
15037
28329
12001
20523
5456
17815
26934
16430
22496
27800
26355
8733
17715
28281
28916
18700
10264
18302
22092
20284
27146
14445
24882
9793
6955
9029
7639
22992
8228
21991
13660
23317
14460
14576
13901
7697
14230
5957
18689
14116
14536
23459
14522
2929
11011
18696
24466
23413
7179
1860
5929
9601
10298
17061
15172
24783
26260
16549
14853
8220
6968
17782
14121
4415
12933
5641
6562
50191
36815
26076
3162
26975
10303
26433
5976
19877
11773
2153
2319
26958
20889
16984
13452
26919
19032
13434
21777
23454
22333
4827
18952
4911
29245
21547
10789
22772
23338
9975
12770
14930
19713
5658
28694
9764
15196
29088
19822
11580
15585
18874
23234
15978
13882
17334
15626
10925
27
14080
14291
25831
12414
26804
2492
17258
29105
113
29488
11262
2122
15323
26806
13797
8335
25113
9922
25456
26030
2491
6353
11774
20121
12044
1630
16639
28668
12677
28696
10697
5465
25256
22171
26156
15746
14654
14141
6631
5534
8127
27712
17189
17515
20640
7500
16013
12788
13981
23921
17562
11620
17010
11669
22740
2461
4940
6779
14181
26980
16588
8724
17541
13909
6212
18446
6520
16619
13329
17837
1906
21860
7763
24607
19750
23928
28570
27961
3503
13740
23318
13873
12645
23422
3812
12882
4515
15965
6977
19577
2562
20271
8769
22041
16176
28141
9008
20789
21549
12050
8117
25482
15384
24406
24844
28733
28531
2425
27682
16180
16684
5483
2992
15695
21501
11378
10769
19706
2581
16867
24887
12636
8740
23719
21940
25368
12553
9775
13223
26297
21508
24483
17165
5871
17872
8238
18752
4345
17467
4558
5515
749
28624
14823
11600
22149
15716
15383
28219
9069
19511
6066
12774
4549
27057
19952
8481
26188
3184
21139
17519
27243
2652
4742
16555
16873
4970
23177
3195
1913
27188
8748
23491
23680
6599
23752
15760
3973
11234
22485
24562
1836
12526
625
28265
24605
8830
26148
4930
13764
29000
18850
25646
28569
12433
19182
22470
21518
23190
26963
29090
12528
5758
9892
11636
9987
23555
25339
5945
6938
16237
12115
26289
15836
13437
12699
16385
11728
7219
25012
20339
17023
12206
23100
3615
15828
9882
26575
18114
14472
9596
24073
23353
9005
17735
27564
28486
8018
6126
13741
7693
25438
24625
11070
10522
1931
2957
25174
21403
16627
23452
9986
7072
12032
13990
23337
13730
26629
17186
19410
10758
16713
23531
28828
17244
23424
15362
16040
15377
4671
12054
24908
18992
22948
26372
28021
21099
9496
4763
22860
28744
8478
19008
6256
3723
15039
8563
20114
2958
12063
22679
15124
20151
5451
14214
3008
26155
17021
29517
9410
13838
20396
17947
2249
12062
3085
8259
4980
20058
9452
14691
26029
15325
18081
18078
22045
9278
11244
27517
13603
18140
14944
29487
29032
3061
26566
1977
7251
432
7560
21882
15971
22093
26113
8446
10763
844
13199
13898
11908
7839
4842
25593
17112
21321
12255
17831
24650
18738
15061
11252
20013
4267
88
21217
24049
769
29126
12690
4690
21996
28917
16839
24864
15812
9580
7998
7827
26912
14634
14496
22129
17800
23781
11349
7453
23094
13755
10709
27711
23852
21157
26699
20634
16163
20476
13867
12739
27009
16569
8927
17627
26936
28571
17441
12055
4979
25185
20145
28389
10826
9190
12631
12866
21395
22299
15479
20751
14392
24717
8889
23223
12554
21020
19615
6047
26657
23219
19072
19167
2616
1551
24886
9520
21921
16724
13365
24132
20457
14019
18662
7526
2912
23001
24195
190
14664
12668
28768
25925
13737
12191
3187
17303
27025
22587
18321
23386
17855
4411
23889
12959
5585
5466
15208
27744
22784
8182
8592
2365
2334
27149
25370
6151
16938
1107
17048
19431
18651
133
2228
25489
1170
26687
21211
13781
19784
28270
11171
268
19148
12008
14442
9716
24189
9769
898
49176
16546
21370
20329
9595
21471
21838
14456
21238
17259
12327
17008
1429
17858
5477
16747
8525
17863
4318
19620
6465
7054
4457
21447
9384
29139
10699
27073
16135
11077
12081
9514
11210
25667
17114
9954
659
27777
4905
18547
10996
26093
24341
24797
25483
13568
8166
9946
13817
6396
1947
11644
8572
3770
13875
21390
17905
15548
29064
15753
25701
10718
4865
25681
2580
5995
2164
18672
28280
17632
4082
16224
14923
1120
25756
26893
15473
29627
219
21091
20638
3879
11958
17859
9812
450
20902
510
24608
27377
19532
1425
16414
24975
22958
13451
18310
2102
10677
19220
21797
17137
2009
5764
12323
23169
23365
25127
58341
25074
20069
29099
8285
2677
2465
11804
21798
17753
27401
11057
16169
26496
15237
7719
10884
19297
21750
19881
18695
7971
16066
28628
29630
21541
11229
3043
5004
12768
8493
13445
4203
359
25369
26137
1542
27674
22371
14360
10311
10117
17200
23588
9370
16042
19807
15831
617
8885
2288
28895
28701
12396
16990
27065
8019
28075
11138
25304
3341
17081
23082
7782
23899
22128
14020
14328
17314
19319
9998
15423
3711
5595
22545
22372
28321
27789
23209
6232
17625
15994
7395
8076
1979
3054
8798
20685
15692
17744
17777
12541
15687
26898
14831
29212
9696
3497
26071
16024
3116
8103
15849
12214
6192
4923
24129
29207
21901
27407
27513
17034
23429
23543
20656
11611
2025
10487
15935
6441
28868
12914
3118
15100
669
17582
3505
26953
10242
28850
35910
21153
28360
5007
6040
8862
12972
11175
12687
5639
26041
3547
19681
3069
5655
27687
13187
17749
13388
7761
12544
6942
14142
14986
7213
26834
28643
20663
4215
1696
8302
22020
2792
28510
6194
18340
10808
12427
1962
28288
15282
73
27970
14834
11757
16145
17062
16852
17028
22267
16601
21553
18567
17694
12447
15099
3993
29313
1175
16622
6428
3811
17362
20317
23709
21584
19288
29232
1552
4866
11866
27996
13948
4371
24204
16175
9184
14895
7477
28191
7329
16712
8726
20580
3262
19789
25347
23597
15005
1423
25956
25038
11478
29221
26888
11072
10716
16097
26604
9720
9112
7240
22569
7881
3527
15792
9074
13378
4926
7756
21307
12833
457
24695
24706
17729
20680
20433
7640
22764
17139
15206
25818
26487
2722
24699
4105
28573
28532
9836
24757
24633
879
15804
14022
18581
18164
25880
15127
22642
13326
6137
2903
27414
12343
26265
23151
21935
28308
13550
8730
28675
21985
18556
27482
16330
11286
16213
12680
9402
18893
3312
14567
17378
14894
13662
350
3426
27594
14758
16362
14663
24106
48725
1036
24400
13827
19486
10363
6921
17045
7655
3201
17497
28116
2209
26109
28162
25463
26296
25871
28777
9062
25824
16551
7149
19019
26929
19880
8456
3590
16826
24304
29029
7177
18523
16482
21864
10944
19086
24146
25721
16934
1629
20278
9676
29072
21640
18125
20351
10056
17825
9043
17584
16787
24727
6961
15871
568
1969
15682
25168
17652
6021
28883
20620
16937
12198
16315
20060
23642
27839
9470
17525
7165
4198
18842
26425
28546
15748
7172
13270
4885
15990
3519
17693
23746
21083
20905
28199
15540
17676
14483
7108
25134
24384
19151
5720
14202
9369
18355
12179
6841
27312
1325
24451
21357
18493
25561
10874
15612
9733
13450
12250
28224
16676
25161
20072
21244
4181
89
6733
20619
17746
8268
23944
6594
3894
15905
11248
16592
21679
13747
23244
18664
16883
4658
25492
17030
28411
3036
26722
13615
15073
8496
25724
15424
23545
14978
1471
9665
28752
20567
13251
11392
10253
4967
16260
26894
23457
6037
27443
25274
5014
6391
20331
6123
10120
18970
19274
740
26978
14524
6011
14271
5543
20254
10638
16221
18399
16987
26338
10871
5304
19809
4297
20644
17842
4033
9742
9904
23420
20389
7705
3388
17504
26101
13804
11794
24230
4840
18488
16860
9914
22729
25478
25362
21815
23816
55073
22721
27162
16798
12775
3715
20601
6884
7298
27593
4207
12599
11507
11332
17375
16941
15451
29107
27274
19779
233
27306
16317
6352
26185
13265
5521
24772
7753
16919
12278
13446
15564
12059
16411
16988
20263
13521
7479
14380
2944
25759
19785
25117
21148
22397
22858
3458
181
27548
18682
16291
23153
17692
9689
6420
25056
19740
21971
1905
24981
16031
12845
10814
23805
24697
6616
3052
10844
10688
21022
24445
6270
22016
8965
16882
1431
14458
23469
18507
5690
22096
6937
5033
19946
22843
26468
14953
28335
14335
2131
16171
20845
15170
12237
20941
11150
29132
6133
9434
25819
14519
1849
22684
16767
10261
16168
3177
12976
4841
15272
18698
14120
13322
16861
16696
14983
1073
16220
20125
28757
17570
17253
20054
2674
25821
21243
10824
13426
7456
15492
9718
28139
19876
26205
11803
11854
26160
6596
13463
9053
16903
22296
7111
27284
19637
18006
26174
28323
23609
19795
1320
16780
26880
20673
6966
7256
19547
8440
12488
18235
13748
11383
29434
12851
2676
5009
28355
6950
12922
12124
28834
12549
25731
26222
12204
980
828
7489
25437
5594
25792
11157
655
16827
25147
18570
2218
12428
12317
21804
9031
17828
9510
26159
29322
7862
8514
4279
22127
21629
27919
14559
11516
13675
22204
2694
15819
2028
23448
19277
29229
16434
21488
3444
12203
2224
4664
1081
10839
17867
28287
19857
23759
23616
11394
10735
28516
4920
16166
6787
4241
19747
25336
26042
5695
9947
11182
2997
12665
17657
6393
15726
17198
21519
24404
6690
28147
8903
26008
6183
26341
18987
12201
16835
17908
21259
28575
28534
15055
15222
16429
11673
3763
2607
20474
16829
12767
1443
24389
3291
8900
5958
9937
21505
18452
1236
6638
8002
25302
15440
21135
2417
5508
13449
13439
11849
17579
10663
13825
15914
3288
24765
23529
2921
3138
27713
27701
27251
20632
14388
20529
19670
26688
8148
7801
14308
15219
18330
16700
12723
25103
28739
25830
8698
3876
16282
9396
26832
17581
11371
14138
19432
4323
7903
3296
2697
21075
6369
16106
8775
6498
29205
23998
15563
16507
8538
26237
25002
5790
14964
4867
18032
4221
9753
3252
2453
27928
21443
9925
10209
15086
15968
21782
26874
15292
25436
27770
25341
16585
2729
16675
18290
17764
29514
26968
15298
23292
24104
13682
9762
25738
28623
25551
26128
27349
26395
11864
26908
14791
27962
16602
19348
1734
12489
20790
28725
9110
3919
27333
1945
16464
18456
2940
926
23731
2813
1273
4430
7752
11189
12701
11140
29200
15559
9026
25112
23319
28823
14131
27121
2731
27501
9218
22002
22456
1382
7596
27068
10651
21387
16215
8407
20666
28361
23073
123
13435
28577
6384
8260
18155
18534
23973
14759
6215
20643
16008
14623
22386
17280
19892
20250
28572
9634
3282
23866
15143
4870
6953
17568
17329
28965
20703
3347
4224
12326
8678
16818
16277
28344
21183
7612
28525
27700
1419
6430
19412
28613
9714
15505
2710
11943
27152
24737
17545
2298
6557
15643
2646
5746
21635
8816
23945
9616
28858
28663
14549
22434
14368
20997
21426
27805
15654
27269
27388
15761
20879
16033
26087
9564
4232
11680
12743
27392
22134
27912
28934
12365
20956
21054
28682
27939
4434
19175
3300
17018
22418
2057
28931
15525
18246
10387
22732
7337
28818
14907
16039
10052
17104
13428
6422
25510
26647
9626
9189
22792
16301
18951
25337
28659
6358
27132
16104
17770
9780
8098
29172
13822
27855
25719
25269
25698
5926
5373
11510
25506
3745
14850
14869
19920
12373
18892
11690
22321
10628
24033
6336
911
2720
20594
6058
13902
27969
9849
28332
21886
10745
17604
18786
17813
1511
20657
28373
7257
5673
12194
14411
21791
2407
14036
10780
17166
12666
11841
15311
6045
9364
24113
20974
21275
4018
29135
13648
15296
22752
25379
23942
25106
5415
506
28902
16886
18897
14090
21646
3556
20578
19641
21957
16807
6843
25121
23193
4668
29696
27029
1623
27834
11707
19690
20951
9972
13455
24140
8856
10070
19360
15205
17324
15057
2144
11236
2239
9472
11381
4036
17041
26405
21402
3772
18014
2189
12404
11755
22598
26377
11865
20445
10183
10332
8080
27734
6142
13190
23634
23540
22255
23390
7308
18839
5565
21198
19669
23142
11333
10809
15305
7106
3337
29121
11706
4964
21525
16711
17027
14056
10696
24053
24961
16951
17603
20055
2503
8842
22584
18844
663
14162
15696
5046
25270
2834
26998
27705
2423
18981
17679
23254
22183
22419
22024
9891
22712
21221
29478
9058
3326
14175
12611
17733
25261
28168
18694
14736
19792
27360
26321
25021
9504
3113
3743
14902
5740
5705
13068
28912
6772
473
21954
4542
6364
21524
28584
2762
13598
5699
26409
6397
2421
22087
19849
27370
1342
28827
5872
24013
19328
1031
21391
28595
17392
16443
3096
28229
5420
8430
11090
22691
3004
25834
16928
12057
1010
26907
28302
13819
28008
12663
8805
15815
8505
18204
12679
13763
16191
21203
15973
26582
23273
28773
10858
18900
10585
31
9896
9724
6981
7988
14528
20744
7633
17739
5707
26546
28289
22734
4200
17261
15139
10317
13280
4223
28598
11103
12095
2969
14859
15166
1657
14057
23815
22616
8200
23355
9542
23396
17006
20281
29331
8858
15339
16688
13279
29301
23793
26864
16725
3909
22424
24504
4375
21564
19488
3710
28837
3303
23777
2594
26959
14253
14024
8760
7498
9707
5916
5643
557
15561
1105
18406
21833
17761
9024
29109
7318
17754
26184
14777
22633
21607
26584
28340
9128
12184
8249
28062
16921
25547
26508
8034
21163
12042
12675
2795
21601
25915
17298
27916
18544
29284
4139
19839
3261
21490
12172
16567
27872
22599
21993
9749
28679
15891
28132
20192
2794
11838
15530
23933
19313
29039
20493
29171
28542
5279
24655
27375
27860
4986
21103
19757
7362
10880
12757
29082
20737
17533
21594
27558
14474
13195
29143
21849
10574
3449
15388
13679
11857
25312
6290
21994
8967
9605
19700
27247
20411
10893
17022
9463
27796
23485
3200
3041
12227
24541
16721
14459
15009
3283
17138
28906
6429
2543
17163
19873
17452
9630
2781
2922
23693
860
17257
21289
28707
20910
11255
13291
25417
17321
7774
28198
17124
17671
8768
21982
28829
23016
18231
8880
4301
25968
22480
28159
10075
17182
12731
27021
17019
13942
15881
14557
10732
18890
14279
22099
10410
29018
8641
14087
24281
9895
15829
2571
12617
19252
17312
2117
20410
27859
12652
5700
22376
3795
24996
27112
19013
3792
13893
18424
6508
20998
21528
23694
7728
28242
25431
25878
4972
28092
17040
20621
22479
7935
7851
4245
22750
28832
15242
24646
21340
28762
25513
24902
12861
21210
13944
25433
6598
13834
9574
22625
10078
14035
19732
110
16657
24069
21660
15830
10727
21854
14943
6597
2553
27338
12512
16134
21963
14606
5789
8479
12187
4526
14599
22110
7314
6252
6642
7161
26019
10914
23111
12778
18379
23483
17915
6698
15078
25404
7553
12764
27331
5738
28821
24453
11596
887
28681
16048
14092
27448
27541
10329
20228
1882
8908
17535
4063
4212
25576
7275
12627
27281
29025
26262
11186
27666
27141
15581
28487
899
24476
18929
27129
7444
24462
27766
23954
6096
7843
12762
20528
13587
27686
27090
12703
24719
5581
28747
18942
2227
7423
18990
23902
21129
26605
16830
25711
21214
5010
23658
21941
20755
28244
2093
11142
22076
3881
9032
29189
27534
17201
18005
1254
24639
6593
314
8783
16811
7283
27260
10855
28170
15635
16690
26587
22672
3644
11552
12202
28789
22665
19563
26408
26915
28700
27908
2284
8670
3862
6303
6295
20538
20714
6838
15416
14563
16451
8415
23301
25699
4351
10290
27116
25565
19862
17067
15315
13761
29329
8702
28093
11230
17834
29176
28726
16064
13696
27830
28793
12823
23414
8626
14837
13789
3491
13254
25265
14952
8541
15662
17173
22197
8480
7435
13065
18674
24105
20149
16425
28040
5359
27006
18280
27640
15979
12981
15056
7896
22812
25611
12964
10597
18879
25394
13608
10794
25182
28126
20174
21830
24643
25890
27689
25434
7302
11280
9648
14339
7849
7991
20064
15019
10686
22254
29595
22577
20667
17686
12266
25507
20890
1470
25011
12332
12604
91
28886
15833
24272
27932
19464
13805
13641
19722
1051
25323
10706
25808
7622
28857
15364
9147
5744
25051
1022
24139
20943
12325
16132
23645
24714
25457
28722
927
3181
18980
10136
18094
19025
12527
24764
48970
9187
20074
18880
7739
1399
21058
17849
10764
11277
12477
13092
20816
22278
7838
9131
5551
16187
17231
21532
23911
14409
11422
11828
8994
13111
15774
16498
25516
23313
12077
24782
18356
8792
6216
18679
10917
26994
10093
8596
18193
10255
16194
278
14840
14103
28296
27148
18724
23112
14794
27783
21800
27293
17160
5588
23375
7487
22660
12167
19539
8451
17012
16737
27773
6175
7909
24294
7776
22961
7307
26957
15008
28786
26913
15221
16581
19285
22328
21421
21829
16172
23612
13929
9036
28533
9342
18846
23771
7718
21207
23729
29174
439
16743
18782
10807
21046
103
24452
56473
24244
22655
11396
3066
20846
26302
25316
12732
25084
13442
27901
4819
15675
23847
2498
3259
13293
16273
22583
7816
14745
4977
24216
3986
27570
13444
3398
25802
4938
21517
13739
22960
5570
24001
4435
3211
5680
28158
20363
17765
12223
25184
12905
22422
3901
10733
24147
23953
28461
14997
21516
28639
3377
15688
26600
3941
16192
753
12570
23956
25118
13182
18656
20710
26971
28250
6202
3155
18978
390
14470
20811
28101
14769
22130
24317
5848
291
10933
9142
2951
10785
13301
918
3318
9549
22627
16195
26255
12180
17556
15549
10624
29120
2454
640
24962
24350
24041
9442
23873
11178
10112
11199
17224
3229
21110
9608
27631
14976
771
19398
22611
22690
17651
520
25078
13715
22816
8739
8315
27109
25333
22686
15227
22985
26444
27979
29540
3107
6979
9355
11322
11123
2178
2747
10281
18791
16131
21903
27329
9382
8988
12606
20797
8039
25422
25679
27072
7977
22023
443
6318
28039
26183
26956
22233
13972
26748
1220
11827
18603
4024
18757
16059
26658
16380
23220
16227
13176
22262
19304
15432
5941
657
28795
8921
16970
21574
17011
20932
21741
4418
377
1848
5785
21577
53
28686
23436
10164
27051
15160
19783
18393
24989
15247
11576
19323
23887
26766
15510
21956
16890
3154
13458
22098
25623
16604
27676
21515
13298
27286
4378
26532
8408
14361
21382
1454
5601
173
12837
3082
1866
16942
25986
28892
16669
14733
5219
13746
27272
24842
26246
18641
20925
25992
10767
15807
24913
21105
29601
6203
23287
16708
25825
4796
6664
5962
3797
16667
14671
15933
5667
6777
17276
16563
22135
14921
23599
2082
26596
21025
19300
6989
6794
4027
20586
21228
16326
9543
22980
18915
17065
14566
20602
12337
636
15024
1850
1469
2349
20776
9423
12993
29618
19364
15363
12166
19006
18999
6006
18783
17307
29231
14387
16096
28778
26967
6407
13041
2338
14879
20559
8154
10993
502
1967
29256
20348
5625
24122
22227
13441
15258
10822
885
12521
15
2625
21620
17745
25435
10397
11343
13161
7700
6507
21638
17273
15489
20958
23392
1992
27273
27546
7886
7573
20599
17728
978
8962
26991
27405
14062
27367
23486
6057
2687
2413
376
15459
18404
3520
28647
24441
343
2167
26875
6549
16353
27456
11203
8729
13681
17120
10636
5589
4487
10982
9013
25712
17538
16931
17442
966
14932
12904
8135
11598
26932
1628
8425
16607
14332
6567
6075
26881
310
26420
6811
42
4315
3091
18242
12213
9955
26773
985
10698
14099
948
4757
10154
26726
1855
24489
12576
15951
7707
25361
11974
7120
23993
11335
17730
24163
15189
25474
22923
16101
22703
20646
17841
24492
27606
28004
27880
4179
20713
14813
16656
10430
4898
9787
641
26851
25651
19638
14041
27465
35
16770
8852
17572
17355
21119
3135
21113
8821
23711
9221
12532
19190
4576
3511
12379
16698
7915
15889
12024
9253
23329
14319
5035
13016
9097
17901
10875
17209
24922
28521
8957
16252
3005
16878
4102
12755
2481
16899
28035
17434
26616
3013
19752
28735
25343
16377
22250
7793
7951
18272
5951
26006
26520
13432
19968
15992
20350
464
18822
17722
16290
18713
27846
3885
27332
20146
29495
22619
16553
23510
11364
7734
7292
4951
10707
14680
18932
3152
22436
2892
28622
25124
19972
12742
12941
12685
22367
27504
17302
19473
25809
8431
9988
4761
14689
3059
13438
15040
7253
10205
3653
7863
2988
23482
29181
15259
3756
26331
21185
11621
23589
5493
19848
15633
19899
9690
26371
21672
24516
24311
4237
28059
14649
14833
18993
24054
12640
16245
2136
25322
2291
21636
17998
16559
35962
4808
19389
27976
17057
15165
25371
8163
18111
7912
8235
26865
21126
18654
25381
1246
23995
3110
28683
7907
19711
10846
8580
6634
13961
27801
15623
8874
20624
18297
14159
21040
17032
26052
19556
23212
2924
11789
6163
13688
3224
578
1994
7216
29175
16499
11778
24632
16167
17553
10753
15418
17793
18710
8177
28349
20313
26242
6110
17903
4695
7911
13049
14403
21997
27632
24638
11257
14875
19549
17117
16266
16797
5631
11911
12869
13491
23444
10553
10302
16540
13079
25335
673
23274
11539
16957
16923
4383
25727
7841
19911
24261
1461
7338
28558
28937
18823
22685
19301
11293
19443
50090
11155
28121
22930
19925
28666
12263
6954
9645
17487
25795
25739
10506
4352
21888
19964
23810
187
13197
17539
15676
15980
19296
9141
2641
14531
23461
4211
29394
741
54195
20690
21937
7100
17848
19043
25144
10756
10344
9807
11814
21841
17851
24034
22118
6566
27275
5031
27661
9042
4896
10746
21002
14507
28642
27871
19411
6136
6623
20723
1323
14798
24412
3767
11647
12219
7828
28635
24829
23341
29069
9671
7844
5959
26887
16911
17409
20633
16836
25086
19251
5661
11975
28680
7514
12674
21345
16222
3502
4882
28964
21868
23202
9589
12711
16070
17393
29622
14608
22212
6933
27346
28706
19404
23107
11829
2032
24442
28673
3992
20247
17880
27254
2619
25859
2139
7616
9953
2609
18730
27453
8434
25327
11406
4354
16285
25836
4133
3582
18643
1608
23734
23894
10627
15314
19533
7321
19886
10162
9978
8366
14799
22912
18859
12838
19483
18613
14979
25354
12561
3290
28320
25906
2148
16918
6064
3806
25406
25496
28989
18501
21158
1434
26640
917
20927
28245
8410
12585
20221
2519
28048
21776
11468
17251
197
26485
17005
28909
12065
27684
18292
4359
13501
14824
26011
19858
12555
27806
7412
13835
22898
9220
9965
24760
13081
24547
8444
10481
27768
1478
48231
19044
11775
21539
3109
17551
12154
17689
20260
29124
22055
3239
25222
27095
26021
28230
20759
28925
3057
3725
4974
6158
7691
6625
24561
16370
1650
11457
51117
17899
13832
9651
27477
14873
4466
6094
4716
21213
27316
20826
18244
28980
17373
8190
7420
9562
24614
17703
13457
28651
26114
21570
23930
10693
13908
7814
23932
11714
10452
4824
15184
18217
13258
21381
4714
14942
542
17771
29065
16748
13984
6558
14508
18274
10533
16440
19931
3015
22699
26223
8686
28801
10568
26445
215
28742
29241
4791
11352
20358
8111
8978
26883
2511
23368
5024
14148
21627
9535
11697
17383
6253
27011
2265
26464
17435
21843
14306
8134
17798
13482
6170
16154
15301
25064
14498
23550
13771
10345
28552
595
20099
28657
21347
17747
21088
16206
21167
17368
12771
338
20875
17208
27551
17002
25163
20268
5833
17416
16352
22292
23373
29577
7688
23183
9446
23879
2567
25645
19452
25827
12560
18571
20557
26952
5979
17656
24574
7234
26303
15826
9894
9541
9405
28403
184
26823
8917
22897
21590
13474
25449
17316
17540
25313
17306
12316
2277
21112
7478
28456
490
11860
14912
26293
28580
28891
37932
14639
23028
20907
7684
18611
8276
21220
17518
17900
16906
22132
16232
7747
11017
16952
28589
28796
4396
29111
10375
14787
6425
8996
16595
28620
22966
13300
20355
25295
27319
23640
4952
22652
10523
25629
24906
10580
26809
28253
13861
6052
11703
14822
12243
2956
21497
10634
3433
5395
8504
18432
22697
15066
352
24099
21472
28839
11496
11870
7513
5693
3624
26962
9046
24917
14058
15444
19999
9411
16463
3783
9347
23023
17727
9533
16516
3484
21258
25522
7202
12418
21027
773
14331
4377
13230
19187
14451
22079
27498
22005
18691
16634
24591
3562
25640
5257
25856
18182
11184
1152
11670
15764
14693
14257
23366
7065
24255
12839
8546
17963
11871
10140
16803
12860
3178
22701
35528
25677
27899
4220
10762
4190
21944
22166
27336
23311
14330
23134
8727
3911
6747
12750
20700
26051
20660
11165
6589
12319
14346
24692
24532
7079
2097
14602
24424
4971
21670
24413
23426
11698
20741
25003
10035
25714
21728
15495
28562
12199
15516
16071
28951
23614
3432
28960
12783
10189
19799
2271
23309
28428
12233
43233
15289
162
15873
25329
27447
25838
17534
8583
6402
15276
15115
12040
9658
12228
24876
23834
5726
27386
28893
15672
12581
4559
1059
3380
15340
6223
3855
14643
930
9453
4433
19816
27864
912
22497
15155
2682
15288
4100
10043
29113
5927
5609
5728
290
21827
7984
12318
25972
6019
12661
26136
14027
21316
4438
22078
11326
19419
12784
10176
24260
23125
5292
29086
20000
23267
21608
22072
25311
3240
48748
14861
28611
17371
3093
20152
16975
15707
21676
19702
16000
23083
11848
7890
3287
17108
25655
8806
28578
12824
24931
20949
16022
11169
15647
14591
23739
16834
5714
4312
8649
29552
23567
10006
24127
6024
2545
25131
14110
16271
13949
1573
7260
26410
14994
