11935
5201
5173
4631
5159
4571
5209
5338
47084
5119
2875
4628
2814
40935
4547
5199
4610
2866
5074
4545
2769
4582
51673
2872
19147
46838
5054
4650
5307
4516
37729
41486
4539
5281
5130
5069
5083
5225
5229
5156
5101
4638
2767
4585
2844
2848
5079
5170
5056
5303
5048
5089
5073
19135
4603
46833
5334
4544
2810
4579
5148
4617
4551
5176
5144
5610
5057
5102
47121
5310
5247
2790
5065
19181
4548
5351
5142
46215
5092
5336
22823
5100
47089
5053
2860
19145
5314
5078
2868
209
5217
47114
4625
5320
5121
4541
5363
5362
5133
5327
5098
5238
5091
5096
2889
5132
5232
4341
34310
5369
5191
4560
7094
5318
4556
5354
38545
5202
2876
5350
5331
14140
5346
4575
5094
2887
2854
5099
27500
2797
5147
4591
4647
4594
5090
4614
2849
5278
4557
5161
5118
4651
4605
5214
5364
5275
19134
43621
5309
2841
4586
19154
43860
4618
4562
5055
5198
47096
2823
5192
5122
5070
5129
5358
2547
5287
5064
5062
5072
4611
5174
46845
19176
5106
2817
2816
5231
4649
5112
5337
1413
4654
5194
5348
4581
5050
5117
5211
5116
19171
5261
4629
19188
2839
5243
2888
5086
5047
5197
5300
46841
5171
5081
4666
5186
5136
5075
5103
5200
5212
5308
4623
5105
5182
39058
5234
19166
2856
39113
2812
4606
5274
47083
5131
2852
28950
2796
5115
5269
4561
5145
5215
5204
4553
5294
19178
19185
4634
5088
5095
5107
5071
28399
5328
5166
5165
5252
4602
4620
5177
44707
4531
47088
5289
47098
4648
47093
5059
5265
4530
2820
5151
5154
2863
47091
4583
5127
19149
44898
19195
5162
19133
5067
5332
5340
5160
43336
5648
4633
5066
2825
2764
5242
1591
4615
5330
5124
4612
5297
19162
4589
41961
5168
5325
4578
5368
5246
4574
4637
5249
4573
47090
4627
4635
5058
2787
5208
5353
5085
31107
4639
2831
5169
19138
2835
4572
2766
5049
5326
5189
4593
19143
4608
5185
4622
5193
5190
5175
5139
2862
5080
12188
2865
5254
4601
4595
5203
5051
5335
5146
5181
5268
5321
2808
4653
5230
5052
5180
4600
2851
5262
19189
5298
5315
5164
5125
47141
5178
47108
5104
5163
4584
5113
2805
5172
19152
5222
3105
4642
4568
5283
41501
5126
18721
19146
5179
5140
5123
4626
5155
5319
5361
2880
5152
5256
5226
5288
46837
46831
5077
5137
5280
