53114
51019
48551
47958
48528
23737
47869
43757
48061
18241
51793
7788
51254
15863
16387
9843
49532
55805
45176
25845
51492
20196
15350
20947
41517
44370
46156
37943
27283
28061
24813
48141
42498
49292
49728
43756
44016
48042
11312
8911
54707
28822
49430
16476
12139
33034
52412
7076
48793
48243
47965
19642
50385
12390
47862
39524
57528
51309
44271
52472
41521
54057
54648
20216
48132
50455
48140
44130
10304
47769
19565
12886
8837
49495
21366
54043
5228
37933
29259
28114
27035
49124
1112
7001
49421
47798
46164
55004
10451
52484
50388
29735
6028
44637
48070
56912
6683
47616
21747
10520
47827
1200
52361
34188
47924
19330
48094
48698
26734
7580
48300
44653
8986
6936
26702
27439
9219
47934
45508
9297
11276
51826
51385
49812
45074
25037
44861
49420
37387
50785
24787
44374
29426
49718
8949
48188
35511
53831
49254
47465
1519
47444
36969
28672
48200
56593
28034
25334
47671
39724
27014
48181
26987
7086
50830
29239
48007
50031
47844
43947
35719
51009
25221
50472
8213
48531
47107
8860
50665
48554
52341
44696
9489
43805
48716
461
44465
47785
49317
7476
47926
7826
50353
12088
48573
15728
47333
43858
25239
620
27378
43202
54363
50671
10434
28591
51510
6784
7601
24674
52019
48245
53531
51483
43936
49987
6035
1334
47131
48184
6967
30383
58747
6488
43566
50448
48025
