9449
38475
2708
24612
21367
38956
22139
24799
17472
2634
49246
19575
42716
6579
57777
24839
52164
13723
53695
39922
51296
31918
10282
43081
29413
21890
18625
758
22511
56610
4130
33613
53003
23534
53637
39326
2449
15543
33224
10409
45007
6277
43469
22265
35449
56047
35660
56092
42987
37418
22074
8069
43266
167
41625
34381
34756
5524
36006
10629
25685
717
28872
8207
39221
24209
57640
43071
44417
38898
38899
14245
26579
31126
57718
14560
45236
30027
9591
38993
52935
57100
26765
1359
28976
12412
30398
34435
8866
16419
51844
58703
47148
17738
19207
47938
18489
43342
25
17653
48325
5248
22114
682
34801
23499
22033
23677
24870
48831
41213
13623
56226
33757
51425
21523
17411
51130
17887
507
46849
24816
2966
21076
4686
5467
35607
33901
24415
50711
57769
56499
51512
2042
55909
39947
27255
11327
39286
14585
58072
35002
3504
39296
29844
32629
46836
15401
39843
15082
24391
26233
27639
15969
7370
40427
19645
17812
34837
32334
22337
22896
14407
21898
37907
28810
462
17924
40484
37324
40323
41609
41652
27056
17410
14196
36548
57608
43210
9876
40904
26370
15202
18508
53418
18287
16155
34809
29377
26437
10519
21599
23307
27387
32916
4040
52284
19616
1852
33784
51514
2928
24382
25095
12126
38174
32573
44841
41235
47741
23487
23587
42833
40683
8503
57776
14610
49674
11270
58215
42214
27318
31035
23580
23302
42317
29736
17678
55857
41907
22280
38131
36947
21793
24909
35912
47779
29310
27086
46125
31725
11198
45857
9226
20654
57611
3423
18415
56152
45871
22900
23180
46745
18736
37345
51774
43329
20233
48434
15906
16900
43444
17161
38199
51824
27826
58801
33528
13467
50879
39616
25789
4641
48309
57131
46300
50422
38104
13017
14668
13717
31633
57671
38137
13349
37646
8222
53027
38831
19184
14874
17618
22592
2235
49359
23865
28115
3440
30168
12452
36580
39052
19316
26771
22151
44625
52595
10008
22425
55265
28761
40690
33945
57665
28161
41964
9471
30740
28929
41279
38138
33012
36710
54524
16751
24470
14185
23761
6506
41253
40311
47957
17136
34224
39980
38905
39856
25324
23514
23690
17587
2199
28835
24055
17732
29386
57797
40079
23432
39539
12881
42284
46968
50822
33791
7405
13502
36611
53427
21714
21790
49767
14860
54108
11944
13780
25480
46502
31109
57561
15670
51327
56910
17242
15285
18690
55786
27775
34278
17413
45286
34840
39309
5961
41972
51539
40559
44818
30869
25057
38955
24198
30481
29353
47523
11075
50211
31741
18522
11574
36398
38873
6147
39869
42739
50114
8607
12449
28023
22054
48240
57663
14820
38820
57540
10911
53217
22152
21173
18566
16889
27645
5970
34469
38135
46454
46084
23860
29758
5830
24890
44912
37169
30609
30674
9893
54225
22804
5440
19438
25326
27038
21410
9307
13454
34187
24668
42260
54189
47239
39115
46708
37963
26855
28689
21649
4210
11630
41996
28060
58695
29022
42052
36021
28596
33180
4172
11662
57639
4683
36581
14628
23451
31790
51883
51831
24736
42033
9435
20669
48125
19872
47366
39121
31503
46130
43097
4401
52145
28237
11131
3791
27887
24243
21960
12603
17554
57712
22882
22066
6267
41864
22062
11949
24133
27966
2437
54002
50435
37394
18380
34753
41184
52610
19314
27457
23010
28314
52262
29835
57986
39489
41028
3509
58701
54049
8629
8711
44656
51288
42978
16140
29325
23808
30720
35530
37591
49391
51444
14043
7082
11452
41116
35495
53534
26666
4385
18872
3568
4914
45487
997
5713
37500
22460
44365
17716
6085
12909
46520
38541
46839
33960
47694
39677
16478
17379
51105
16707
32946
50790
44378
26692
46683
11064
6641
30014
34267
30689
54886
3473
11676
30375
18799
22003
39181
10039
10426
52795
8741
1603
32238
45603
57118
37864
14391
13738
39534
10314
28812
23207
58439
2182
23563
43828
33219
48180
44628
51100
53309
27376
29761
53298
16682
41147
33573
38191
19677
11919
18891
13952
36077
24024
51415
9700
22486
30455
13672
36455
21934
38552
14570
28202
19493
