13914
24430
272
31403
22571
13076
48587
44838
12670
5399
23558
57719
57478
19459
10625
22546
14681
13115
54624
21866
23864
51230
56645
25800
8562
38514
2680
56604
25524
54359
10518
27264
48860
32383
44934
23845
14737
12758
7669
1754
24774
33763
19522
34908
49909
36496
39397
16575
23959
58724
5915
46984
15786
46279
27802
23753
8650
10125
8489
24390
27103
53134
15844
21530
1946
21895
47178
23196
29330
16156
22468
57144
2999
20953
3023
30412
31761
44029
41402
21301
43248
3968
34445
11629
30275
38087
39670
26885
23398
50335
13135
41687
55241
10445
9663
6632
21789
8291
14767
23087
40910
17691
49533
49461
16948
48413
29187
3500
19264
32910
6071
27598
39076
2696
50971
6308
40583
34443
5686
8339
42228
54791
55427
33654
14883
37445
49374
2627
41378
7192
2341
54435
5901
18475
2838
6437
1367
25690
3481
49509
33129
13453
4319
29636
24264
2254
58676
34784
41310
10889
30338
13534
26180
41357
20763
25484
12960
8776
29572
10190
37470
59035
19630
59054
36587
32119
8255
14604
56500
41250
54834
14876
48896
21545
12990
2100
1489
30558
30260
21952
38607
7210
33779
22865
25633
58506
4989
19535
8937
9322
27192
29648
58810
33203
10114
11793
10126
27604
41141
12942
42108
54628
50281
34085
39269
24310
17215
13204
33896
31063
34415
17121
51345
35444
47597
48118
35188
52598
44587
51676
54843
24092
4410
27195
19811
4386
20856
3247
36835
26230
11692
57337
13614
23201
29534
35206
18162
24780
52781
49791
17151
10620
54342
23352
3897
4473
50202
24712
12876
11504
33578
1098
23990
39766
40987
30023
16417
28947
56624
27975
8772
47864
27973
37053
46741
12291
50275
41550
20864
14905
21917
17228
57566
8174
20802
35699
58366
44918
22458
32418
29644
3887
47536
7434
12382
12734
25345
29093
56131
23231
9874
13069
31629
38098
54588
25888
20831
40248
52678
53629
18794
855
18177
50325
1001
53235
6321
23347
23241
53143
25073
43375
22689
11989
35445
2629
21840
56659
26515
6414
44055
11651
13489
4451
27287
52138
13837
19910
32828
3143
15389
28664
48935
40984
18212
6176
48780
8091
25089
50813
38530
23369
26189
11869
56573
47824
43177
33324
54050
50597
41991
52216
55058
57269
35470
21753
25429
1676
51090
19794
48015
49620
31940
55400
4960
52251
36614
41695
54136
40368
51697
10090
55266
22469
41637
18018
10484
43759
19942
52402
47825
33552
41029
18051
30042
24748
3750
33681
2735
24469
32548
47710
19662
40943
17369
24253
54027
7159
25976
3786
33788
48229
9469
13244
23326
23046
35574
15537
48534
54619
55460
32364
16186
43876
16589
48351
39060
15930
31379
18185
59091
37347
42346
55224
5923
18727
57306
34789
12780
51920
49439
37285
39631
6628
24795
19550
31855
6576
19797
4875
58672
3965
22956
35601
39696
2760
26033
22289
3068
31114
23590
47653
19867
15278
5387
26645
39954
30287
6805
46697
45198
34154
35086
2133
26830
56745
35657
55123
6266
30563
31898
7897
21180
20618
3976
22027
20627
896
53076
21931
17405
41238
46352
47308
21658
50244
28721
48934
23788
27677
42541
14958
8959
6244
41599
31974
21633
6739
59042
48186
27536
29632
46816
37877
42289
11200
39311
7146
23113
16446
37815
7080
10554
36918
9771
29433
51939
30187
21322
30037
32988
52522
6140
4937
36497
20704
45329
56189
15590
9418
3231
13692
29365
46131
57383
34880
25798
1295
27567
33355
37340
19737
23624
9318
19851
59113
3480
12152
22605
52450
9006
33466
47601
34376
55801
36891
7436
21645
50481
13055
19762
11388
54430
50742
19743
8825
2176
48537
32252
6543
48546
23521
20665
39698
27565
24688
37702
30598
8270
3980
52364
11472
51878
33277
32219
33359
6813
39138
24790
19255
23799
58509
55207
32009
24232
43271
37635
14917
39711
54469
23000
54091
10455
22562
29101
38836
34624
42586
37637
45528
1985
24554
25328
12037
2244
23965
8551
34455
38246
25833
18147
11365
33862
34330
10583
18661
27669
24651
34868
21604
27475
57353
2963
41416
24728
8708
3546
42901
15661
28597
22629
50176
58240
25559
16474
42385
35948
715
19106
43192
29998
45847
2878
23832
3277
18916
43671
7367
27485
25535
33434
14674
13693
28853
10953
10575
43984
34765
31979
31223
4164
13417
6181
22342
4849
34423
27181
13655
19278
35771
3700
29752
27450
46752
34674
37728
27008
15531
27237
10873
23823
17636
34441
35927
4349
52779
13124
34060
44756
28944
16973
16123
41969
34864
17322
28867
39778
9468
3037
28243
30185
41541
51502
9455
53216
32393
3072
40945
28160
47821
34069
5458
42061
37327
32751
23181
12467
17049
16584
16571
8790
50895
17443
26450
28177
4825
29612
32978
16318
28297
30841
2387
26537
3260
35783
48081
16655
58999
14620
51582
55428
10938
42486
21230
32596
50606
45403
24672
58550
39496
283
15656
28457
4719
10899
32427
12064
25684
59062
32725
54271
33435
11190
2883
27115
4075
57813
2858
51886
33978
55243
2066
13945
36469
28304
14587
31590
8795
19540
9609
40890
39367
29641
27031
44033
30637
56203
35387
30216
5149
52233
9161
32131
39701
33799
17892
50334
14968
21265
544
15225
3930
10234
951
11458
34775
5437
12956
14177
25723
18726
29600
25680
17438
13904
37090
19212
7328
39238
55174
35508
50151
54877
34107
57125
29096
8088
31710
31980
3486
56751
31758
34302
3784
22817
52345
4305
15631
13046
11607
25077
37893
39433
53551
50528
17876
12856
4717
29347
8738
56873
56665
9483
27885
19295
43087
38555
4906
29005
16598
26916
24536
12405
33249
46030
44334
13346
11426
21758
3931
36211
31195
29274
50296
27239
44180
54621
56713
22415
24781
38010
55496
12989
27925
21945
22495
6468
22285
52060
18422
53799
306
51861
29678
24820
22540
56150
4872
40893
17142
17616
9767
22568
11160
9239
10337
25736
22334
24726
32481
45312
39426
24435
22650
50560
51519
26300
19434
15405
50322
15251
15065
52867
22971
57257
13506
9427
47409
12859
32603
38998
53882
13093
56140
21986
51818
727
4405
1482
10974
16757
9037
39484
33137
25325
6940
3898
41201
3952
25857
25255
37822
31247
412
8810
53966
2426
1653
22141
51909
56207
11878
27840
30239
47185
24583
48751
37227
28527
24691
5017
6320
58834
30559
32126
9966
49699
42916
35177
15691
14008
22871
19206
913
36221
39287
28678
52641
52688
54028
15798
13495
15239
21335
18191
2937
56107
35512
58507
50648
20648
360
36253
4681
39666
54993
49905
57507
30091
27366
51362
55399
35581
31159
11592
22646
34486
41200
27373
9487
35584
14686
12630
23983
2273
32602
53777
27209
48009
3019
28538
17349
24767
32313
14242
22229
46921
55547
8558
49099
2010
52687
32175
57168
34696
18332
24507
6157
3883
12511
49903
27219
16327
17343
21383
16794
5943
23053
12748
16069
32265
58998
18457
31909
6408
18983
19727
14030
23490
54535
11469
39137
23840
10829
6168
11785
30437
27483
50405
41414
50135
7196
17146
15108
11231
3386
23861
43989
4959
24663
32214
50912
27837
41370
57630
25609
8008
24667
58598
34886
48368
17241
17236
20112
10217
31437
16841
31964
18735
33228
16378
16993
33794
28849
721
35510
57224
18943
58156
2900
18371
49978
17169
16229
42492
26162
47384
12683
4483
31142
11233
57894
25589
3934
15941
4259
30627
58947
5777
58008
23583
45566
27710
43200
53982
8789
24669
32803
32944
27437
29092
58348
56725
6285
36117
3394
19598
3243
13206
6613
11002
45506
52385
21362
23738
5816
37272
52423
33395
26673
43152
19114
44002
35271
18396
35525
34651
48455
27637
26443
26563
14916
1532
34110
21141
37906
22575
28184
30980
43245
34102
19517
10435
22330
7349
29349
41833
35830
39749
26090
30305
31852
33802
8763
49055
26628
11088
59098
54944
3471
33993
41354
48092
32287
47731
12689
6186
12067
48928
48932
45909
13719
27001
1265
28910
39479
34082
25540
43675
19243
37333
13486
33595
16030
59225
23157
23168
56913
4685
42888
54650
23952
8667
31115
3989
17296
32781
34884
24677
7961
17269
2689
37508
12696
34842
17532
8665
33342
25138
30650
24444
32144
24631
20222
23011
6273
15846
19730
35560
45217
11934
20818
22106
22210
7266
49401
41800
13611
5956
50298
45761
17360
25926
24242
14450
32349
35299
13114
52912
4500
49274
54201
28824
34870
48874
23122
15659
25348
13749
12043
18560
35484
36566
13843
24058
24609
538
48872
55674
26459
41844
34839
30915
49373
55426
1412
19376
4835
24664
54837
29383
40274
22767
3936
41935
36798
33826
32765
15352
30551
56602
24456
29054
40396
24662
49434
53059
56457
9001
14722
16756
54623
32401
25244
3280
8979
27356
6614
39446
50539
7306
53979
27856
23224
8848
4204
35963
11206
20163
48109
40606
4369
27726
11568
49555
11436
20205
25572
39202
24468
18209
47761
53965
31954
50954
28135
51789
51179
833
841
30758
10300
6656
15701
21678
57772
12246
24666
31357
45543
6227
13097
18400
42484
14957
19621
40417
21368
17843
29042
9012
836
46068
20461
30439
16394
10028
37265
42928
15711
9271
46464
26506
57729
29847
43694
12121
52215
27650
24533
4463
49564
853
29066
27265
6523
33029
36425
34176
21591
38461
45605
51834
15367
28080
32105
21730
3299
13743
9467
50576
9022
28619
36475
37708
9996
53101
27563
44219
35629
17227
7829
16361
58321
22223
29236
13355
57841
19150
34074
19788
16477
31726
24792
33994
28856
16706
49126
11543
23826
40473
49104
29626
17275
35325
46379
48037
15550
19558
57106
43339
18731
48496
18558
9673
17860
48685
16728
31524
36291
12017
6443
48197
48111
22535
6159
52597
13584
19889
35637
54655
6380
10266
34093
9197
23568
11616
28652
4787
32920
51081
23789
28684
21580
54245
32439
31720
51446
3996
36700
39045
41014
8077
30162
7458
1070
44357
6885
24984
42328
58214
58749
6189
21643
31152
58211
39218
5849
21300
55870
5383
11187
54878
2589
15093
284
50267
16347
6723
52813
45896
15404
47699
6240
25281
46766
15402
12648
22061
22850
26542
45011
11579
39364
42649
7180
3621
17347
38644
1661
19336
7064
27757
10448
15442
6818
30240
34854
6858
26621
9391
22953
16819
4657
53521
41667
25814
32557
23582
24718
31617
36070
50061
13697
58157
33270
1660
35241
22095
12550
49541
56391
32885
30805
7925
51072
58984
6239
10206
6479
26561
9881
28660
12494
6677
24586
29843
47142
49102
23931
48236
53759
26664
52195
47461
32086
26088
54735
35157
25070
32218
46810
2440
19860
28264
36572
20526
41007
10618
24707
16373
26860
34843
53163
7572
4334
16586
58892
6436
54860
36590
6529
44474
42094
18031
49727
10999
3161
40226
36678
5026
11760
56547
54119
31762
18168
26533
33344
10200
6775
57378
56889
28871
47941
44316
19652
34808
38132
17852
42964
15519
34942
52860
11990
50499
7520
28646
57558
27586
18623
31469
19365
31634
50277
24091
4767
30118
27221
807
32789
29757
26498
13375
32609
33706
56829
14511
31902
14119
18529
17600
3032
6672
39865
39399
59187
27553
249
16397
21586
8273
27709
26154
52362
54026
30552
19491
58961
21179
27694
18383
19129
30319
1291
48126
33718
24682
20587
17893
44351
9049
28459
30299
23838
15236
52478
45611
5386
40938
40891
55234
28938
9417
19541
20750
36148
20334
27138
58651
49250
4461
52176
31820
37827
13004
54310
24724
25549
53983
23334
37904
18359
27511
32130
20842
50488
35661
15923
17310
54276
206
1486
52189
24433
33294
19056
41765
53770
30337
27749
13054
15663
24648
12531
46414
57071
39621
33957
18474
33239
44018
47565
7501
22395
3273
58585
23705
29788
35649
20870
20722
34646
19198
19513
20891
32070
7621
50315
11535
53973
32790
18142
38923
32335
48902
52077
34812
14676
42287
24936
18426
20760
577
16268
11783
8797
33998
31361
13122
17637
25638
34873
35956
8176
22353
7007
33577
11938
38761
18198
9007
8419
35286
14909
26835
17141
30123
54840
27174
18277
27261
12814
10761
35643
16705
18760
21283
39762
492
6951
12392
9971
5817
4356
1237
45395
51853
29592
34555
821
22170
57667
9964
58789
57730
36236
16119
26181
55423
9383
16196
4729
49550
31392
10399
49171
11425
24241
6111
49968
59005
4141
28106
46442
7924
11008
18533
29633
43203
23520
13754
52298
33386
45588
11503
334
15224
36180
27442
19770
24035
9842
8654
49521
12737
9581
21437
48507
33882
57685
36996
4692
26467
48239
32114
24363
51145
9980
17025
44786
1141
58856
6269
24703
16823
18263
22984
19093
46324
4078
14205
29550
8389
46720
49985
15456
7057
19396
5562
12140
31416
24687
18167
25041
13248
2348
23538
22368
24786
29141
22361
10439
34512
25486
21538
52373
50501
42802
