47975
14938
17196
30367
15651
19826
21533
23606
5948
32377
872
10924
6210
39365
32098
41411
5687
32577
6144
57885
5823
22088
36225
33133
57464
32194
39473
31365
35401
28142
36912
33413
46399
24660
2260
31406
46371
27411
11269
30070
11978
28363
15112
15343
25670
3896
37818
20613
22354
35766
2736
9512
21506
58169
11663
27741
25557
24964
29408
6976
34990
36289
36248
29104
4900
35567
6842
13686
56983
3526
54428
34354
34290
37859
23434
4214
36278
36271
16863
42345
17799
21844
30549
35578
38009
25618
54071
15557
15727
14795
54228
25105
3413
13407
43096
2506
19482
51865
36564
45331
3990
33268
32426
57865
18498
14028
57374
51575
39416
36304
24137
3802
31336
35538
23260
34888
34730
39790
55192
27820
13110
39065
5753
37674
28662
34907
34182
46111
3583
11696
33397
3739
35411
31448
11590
25705
36945
31493
29407
8683
15120
23246
32535
42506
15609
35436
26240
2191
31059
49475
6229
38656
20494
20579
10667
50934
34393
8605
17634
37683
10549
16828
10431
16525
19088
12289
49380
6879
18878
6382
23237
20352
32019
55543
11928
40306
8773
15453
58831
25583
23909
22133
46331
18150
11995
37139
4083
16729
9102
36901
30143
42322
34851
3028
44685
43034
9401
14838
14430
18634
51342
46934
24474
35327
22957
5843
36574
38606
34321
28763
7361
57563
9326
31734
31760
54010
22832
6248
31345
19954
46517
16217
11384
10689
46058
54009
37658
25098
51053
16371
17949
31375
16242
58454
29539
53020
14793
54900
9619
19672
16593
42296
10602
2469
33782
24031
37772
13927
18968
41921
28816
13808
16116
15077
38069
21766
35600
24348
4290
30632
23639
34711
36112
31242
18924
57084
11370
48886
24550
37092
58681
16423
19229
57907
15400
6221
57633
13579
11067
33211
17103
37
8854
26488
1426
12098
22064
31860
41747
17036
46258
26870
16809
59238
40976
52887
23637
4183
57083
16935
14772
28764
31947
11586
58945
50687
35104
29122
39776
25523
55895
37950
29134
35755
4041
31265
34637
48755
11936
43011
58279
4503
20615
28046
29840
56789
16509
31924
5806
59085
13404
44489
24466
31325
34994
21777
24858
56199
18565
36311
35745
35602
35720
31499
30232
14812
52363
35226
35707
25804
8320
58141
33123
24994
39687
3841
11119
41220
45036
43383
53408
39193
30581
52831
14189
43052
23308
38781
53506
15360
56712
58245
29073
8808
37372
17134
57895
9488
41498
10247
37752
41773
30614
28167
52951
34436
3172
34174
32570
33416
14659
38981
54315
47394
21838
57525
16629
57399
57937
57184
51185
16945
53421
45274
33382
20434
49192
42313
10612
27674
44963
36599
1979
58546
56469
10242
54012
58209
9280
45594
41578
14032
53419
33955
49938
9074
2654
18469
4162
40624
25509
53399
50177
20489
46365
23855
33280
29029
45672
46533
43188
40634
31353
17991
54591
27611
52139
58564
4064
57482
44176
41601
10582
34118
8931
45999
18390
10616
25929
14079
13943
12278
57691
6270
29217
38050
2312
20057
37528
53478
41171
25132
15628
22564
29690
24065
11132
31262
34968
21757
32409
24165
41822
57515
43078
57696
35537
40846
35716
28263
48657
25746
45675
58529
24385
36517
36261
43306
49321
35366
51209
38964
21920
25974
12268
10952
6278
13661
35381
16104
32090
34331
9270
14411
38081
15882
11342
25616
7676
33105
8718
54011
4368
43731
14677
39308
53795
53530
51798
37317
49911
57098
33447
13618
16028
4117
54013
25234
15262
52863
35437
42692
58313
38792
35480
33383
34810
41209
36222
9440
50550
35633
18671
34954
39743
27625
18986
23537
4099
41526
53748
10130
53651
54981
1455
36960
19435
19852
25130
3561
34923
15608
37880
55154
52306
21749
35280
41131
18234
2070
17933
56482
18207
10637
36327
15665
34922
29814
12322
16052
18742
49794
14884
11368
42637
2498
3843
53515
5773
11668
36378
27693
46305
21644
52884
11811
53968
14329
51189
24186
26568
34112
35632
7230
49072
7618
34269
20932
47546
4903
18972
32223
3067
58311
37810
37464
11863
25585
30230
19415
2657
46344
19817
14955
57420
7975
2625
25393
23392
34911
20487
22044
58897
42945
2716
22988
26726
3238
35406
16101
50072
30746
34734
34407
19339
41963
42468
58404
51646
25672
20465
36994
19454
10256
28328
46267
37972
5394
27597
41540
56970
26172
589
21634
34891
52112
16266
5794
6031
11718
35335
1341
23235
3724
5692
56069
35759
56133
47906
34167
40592
25421
31477
19202
48954
24760
27434
57808
6231
58919
39881
23539
18922
38636
7530
5944
15583
36256
9311
16636
4137
5837
16831
11605
2840
16463
13812
773
11092
17407
28894
18165
23134
18500
11329
35789
27747
23124
29402
15611
50840
24679
14198
28047
57932
15647
