30571
6997
9170
23821
32314
57217
15619
37987
409
5329
27496
48996
1165
30939
43307
35874
14263
18465
14556
24926
41261
28090
13974
35666
46787
30483
47939
39515
30434
2737
30610
32804
200
54176
35959
45953
29931
53829
45952
48161
29385
23724
34606
33968
32964
22520
30681
40563
33766
30067
36374
31899
36174
34652
9358
39565
6680
12800
38963
33601
22432
33608
30464
15621
32263
49821
33961
33136
12746
39620
49733
5016
30311
39669
6824
53495
7268
31082
52419
29431
35383
5835
9424
6494
50781
56911
10935
50036
8037
10536
43025
6571
29290
30658
34461
36793
29823
30540
57601
32774
8574
24111
8679
5282
12574
41791
49410
39049
32336
29387
57123
