8661
31619
50471
11128
33730
50127
35024
54973
6766
24513
4291
17123
49470
9351
51337
47100
37369
24499
59266
58828
27460
40231
32324
33379
34532
30291
9722
54164
23751
25980
35458
30129
9431
39575
29726
41763
19298
16356
44705
31776
57843
9339
31756
16488
58866
39567
38249
20294
34088
49995
52990
59265
55729
36237
33746
7384
47652
48765
47659
59046
29337
29576
47062
28024
9827
32762
26691
35488
42531
53331
5829
6107
46155
9495
6489
40029
17522
53876
43443
53108
6934
30128
7923
55744
10550
53676
28071
9941
35533
17468
33010
54556
18427
26735
30941
46439
22276
30143
10919
28043
35622
8046
9138
28860
37944
13066
36395
54649
39969
32499
6445
55355
19658
29479
35990
34194
29448
16611
40383
13851
43236
35523
3823
10497
6578
1673
7936
58741
16544
16107
44255
8353
46386
30739
55719
25760
5030
56929
33624
58826
50158
25042
31294
30029
49213
33883
54898
57494
7714
32769
54985
58493
48866
12245
30794
40357
32328
55903
30888
40428
38982
34413
43764
49271
33412
16379
47732
42996
32051
28338
53678
33928
51030
22071
35943
56776
30594
6785
49481
38601
8915
41195
51758
11727
58731
28556
51035
31454
50475
30957
6697
10082
33857
7457
33085
55446
7284
11314
54167
43035
27204
47870
33073
49696
7628
49974
14282
52546
49930
10525
13193
43116
17490
1566
38404
31347
58155
45297
36937
7053
11508
49685
27986
56643
53942
47621
18377
49966
13958
35065
20354
5880
6886
14264
54442
22600
51215
7143
6595
39128
40040
7542
37836
6875
36202
55217
28844
27559
9692
18555
41191
33151
16964
54566
30304
32227
28194
31006
52871
344
25219
51116
33135
50407
48221
29444
52321
20321
33649
49900
10811
58977
13194
30086
53152
49669
32430
1171
39467
32893
31747
53124
48218
50049
26646
6086
32727
24560
33659
48707
11602
58542
33331
58751
42242
35964
30137
21958
31318
10215
36921
10440
30416
8838
7552
54719
19257
13985
48856
12975
47713
30592
27053
48100
13189
53135
44328
55956
11460
16628
4185
40494
7694
35922
54400
8275
32717
14373
8924
17462
29657
32234
39886
30159
58290
51358
32949
53838
50132
42291
47910
51018
27685
30931
32763
31180
16173
7916
46608
33589
30283
10936
36754
59139
33917
24524
27027
39103
20912
6646
34458
42092
30366
20591
30942
25598
1880
58412
7599
51163
40517
31330
15970
50077
42523
42751
29543
32228
32312
31537
10294
36834
20702
55991
2340
59163
26731
49635
29288
51335
48787
31414
31042
34024
6877
22738
4254
35229
37399
6195
29896
54523
8284
