22563
18962
10820
57795
56442
38243
57161
55821
37561
42867
42927
27993
23119
52692
44830
22717
57681
46457
13773
43536
59195
38983
19900
30263
37670
56407
36521
15106
37766
57463
56453
45882
20381
31196
52323
1919
40786
56461
46985
33233
37738
51450
51587
14728
13480
29849
54137
39089
26918
44989
15257
19049
34411
42970
1690
41547
13745
30089
37665
16253
41316
19343
20373
11407
49950
11246
36970
7226
1816
41429
19847
8524
55294
29697
34332
39431
39652
11122
41621
56389
54966
11977
44845
26576
47491
38719
56386
34466
24428
13539
33665
34011
6887
25188
41813
11624
9227
24851
54018
9422
25389
45833
34282
6363
57541
42368
19870
19239
14792
38198
25076
25152
6802
32461
50553
35668
27741
57001
52396
19005
42606
55640
17523
38810
30321
42154
42386
49793
5709
57245
51377
37555
58547
4900
50593
58013
22669
20385
58198
17026
56393
33273
32776
42155
32048
47708
41561
3787
34644
55136
11982
42302
38107
56098
52554
51862
34781
22493
15671
28913
32112
51171
34506
14055
58222
50663
11125
34311
34290
56377
39432
20338
36271
26653
50631
3816
17799
35616
17726
2471
35578
16060
14482
12642
18989
34016
42397
56524
14493
23478
56416
48471
57587
13670
4828
55418
57584
56375
38084
29588
18743
27508
35730
12239
57848
52121
41289
6286
14386
12482
24362
52413
25105
3413
50900
9521
1336
7509
39297
37792
45348
57990
19482
23610
21922
23463
51957
3994
7119
7401
31478
33445
28327
40864
45439
13050
42557
53007
18513
40374
11694
52706
52236
2014
47717
58228
14234
58176
56115
14050
25562
3222
14644
12265
31148
7902
27201
12523
27489
23603
35102
51848
32777
29026
52689
9628
57003
29084
44580
13799
16685
45599
57475
35490
37758
53482
34317
7333
51251
29242
4439
55902
31932
48438
34902
46764
20392
54852
22801
7175
48877
53969
38740
45671
49478
42263
14727
19791
20626
36932
48918
55599
3219
44065
53489
39470
43431
15452
56028
23152
43741
41809
56396
2264
7558
48647
14428
36533
13414
37696
27380
13019
42245
34238
28313
30776
14467
33373
8787
24422
39273
41586
42894
54819
34935
17687
18010
32660
46413
10752
58364
47211
39262
56397
52068
5475
57926
37912
56976
45169
20300
11726
35379
30417
56380
14946
10450
14285
13234
33367
56872
42016
35351
49039
33670
36079
59252
34597
45990
13362
35322
33610
46749
919
31096
16212
56367
36168
7340
30727
44171
25851
41291
56972
32370
14593
41410
12419
4286
53195
41982
34728
9202
13644
32554
19088
7918
57571
25927
46818
21059
34825
45062
13540
27910
41742
15179
41154
2833
33837
34129
55332
43332
28526
16120
20275
45878
9353
34878
1950
27081
42194
53581
11928
58301
40378
56437
55783
41274
8809
20443
26414
19031
38821
44723
45499
3872
45316
42699
53022
3550
13253
39587
30557
48570
35532
57555
5731
40177
54828
52543
41564
38167
52190
43222
29395
38017
4244
7209
25979
54241
27422
17646
35326
41247
37215
8606
57396
14739
45856
38175
13398
52682
45343
12314
56446
34243
12798
10997
18626
30332
35764
58384
19222
4251
40066
13007
9482
22677
2295
53455
10225
18387
35441
35068
25632
31501
56385
52697
36924
57645
53255
31851
51825
17421
47453
21375
19074
46762
1181
28738
45607
57552
59203
50369
36574
42002
15544
53978
53389
59031
19528
55180
29816
42539
26930
56662
3029
38228
22667
2970
47123
7116
8939
4322
25761
3842
52723
56283
31473
41288
35097
37510
52790
44748
55214
39768
56447
10514
10617
58380
50542
22949
12331
37910
27690
56686
36705
34487
38042
18833
11047
34822
19027
42354
31091
54611
36106
57244
52309
13215
44741
51217
11104
51173
55481
34460
36027
54483
11127
41149
55611
22905
3251
11843
11961
51364
9619
3732
56459
13624
31387
39417
23098
46756
46387
14655
40329
36528
54747
35944
44549
13798
6712
41294
7014
54876
21918
39077
53364
38474
16514
34175
27301
23695
18968
41921
16116
9408
18871
58173
57300
18816
57700
54303
1601
8767
34986
52720
45911
42008
633
57304
41739
47727
35262
58255
41258
40017
12508
33731
33992
39973
53413
52800
37750
59117
3230
40947
50782
22888
44157
55501
48425
56200
38687
52725
34438
44111
29085
57336
25298
22144
57826
11821
51622
34939
33250
23240
12759
21392
57348
36390
46278
25387
3569
48557
39271
14378
11546
52105
40930
39393
33350
3748
52325
54842
37485
10530
34280
58367
19338
50839
56410
37675
3925
17036
53589
31424
6544
7195
52014
10988
9968
28003
58374
10856
55927
8893
29683
55527
11666
56216
58362
56371
53891
25414
40976
12509
19041
54593
26904
33173
692
12940
56443
28366
30641
36350
51017
8710
36999
41545
45984
23562
35111
56448
34633
45850
33409
50715
56540
32434
17717
16109
50732
23611
12348
20371
34836
44509
32077
29150
40839
34132
25610
24410
8735
12773
11589
41321
39776
20390
45713
56439
18798
22962
22464
42659
37950
38619
53207
18450
14963
3193
16209
4281
50504
50617
2236
50965
25375
35680
2370
56902
40184
52679
38703
16204
13718
54796
31960
46638
32764
49385
13237
25499
59158
42167
26901
55237
23530
34746
34948
29063
2124
23480
13735
13261
44317
24587
58133
34137
11573
57969
14972
31075
11968
33863
56403
37797
13866
14726
42616
58028
7206
31978
51363
45656
51887
55629
56199
11351
46031
4799
3754
47440
41736
47983
40923
26553
18138
37740
30580
31830
20575
29494
43388
58711
5990
53584
58237
40657
13304
53220
25896
31175
15306
23584
56556
15381
45048
7028
55545
39285
29664
56429
39811
43397
26792
48312
45290
38884
6872
16766
26961
16243
25471
55988
57328
46694
38877
24755
37507
41264
12698
19302
38065
24425
37426
23417
35624
57180
33692
42347
56325
35275
45853
53941
35291
15911
27307
46714
51439
387
32470
4475
56149
47792
19555
56430
25383
2945
11463
46702
35734
16246
57468
8608
41860
56153
32285
52724
45168
16445
32715
4924
55228
23858
10802
26366
7805
3499
34156
38839
56095
53939
37716
41868
20344
58230
56492
54820
57780
40312
31848
32141
7241
34735
34658
14913
56404
35083
41292
48580
53586
53652
58894
2163
24479
54613
46983
15472
7464
19363
54831
12871
19865
7406
29102
56197
59178
58797
55461
6894
51448
20565
45883
47540
17100
45033
59110
22306
42312
44954
16879
51467
9282
50664
51265
47563
55480
57332
57500
51639
45151
8036
58238
51851
55148
3858
29462
45724
51786
19883
14992
10121
22979
897
23572
54371
35593
12411
2080
50700
12749
27220
16239
42306
56415
19903
45770
37180
25969
32607
849
42804
52255
33217
57970
36210
31078
1941
29307
5838
53257
24409
36755
38171
56431
10643
19192
34665
56426
4326
41125
56456
30167
2329
52573
14421
52095
14660
29568
38120
826
37902
50543
15355
12790
47558
32622
20430
40334
25358
30440
19787
29563
56528
42182
2036
37835
50706
45888
28998
57579
38589
17461
11015
57869
9583
19372
37610
33668
37280
34222
52133
14702
36608
56035
30451
56246
37314
44183
35427
56969
8669
47417
29137
58118
14029
36980
51769
31805
54591
2150
55389
2008
56068
54631
51015
41616
32565
52013
50621
48646
25227
54804
56609
32117
35338
12275
13132
13577
56419
50746
31064
1924
32960
26352
52721
48989
51187
36073
43183
13671
46342
55338
57455
16320
55777
37611
57867
11913
19891
31183
31098
41298
29660
56788
38528
35890
56454
42132
16806
1951
52098
14684
39615
4393
11040
18458
42009
56422
27215
51997
42423
42380
25978
52213
45933
29098
52770
13348
10715
10656
16231
18552
32478
39111
51299
39961
3232
14774
39428
53382
13622
45160
36583
52614
36361
52995
57361
59231
12468
35009
40032
58395
40223
3169
3847
51468
38580
1920
40045
57574
53004
52844
35674
23148
10949
32722
42186
31457
23595
13214
11722
14735
53358
19370
37255
56384
41986
28260
41750
56401
3541
11079
50270
39279
13826
50690
23830
26124
46669
53035
8244
57178
51409
54508
19028
14232
19227
25811
46767
9275
9741
51479
31982
19282
8732
19024
32067
41734
44088
57763
41431
23467
50661
57569
56394
9252
2613
38964
9486
56539
16053
58344
52537
18753
202
48403
16495
57850
32638
56006
11111
55781
34489
18955
45828
52002
41872
13957
34952
32090
10174
56432
34702
12476
32075
11019
1209
56971
31144
56435
46445
35026
26276
39905
56420
12258
16846
39942
33230
16250
50531
56962
56126
40067
20372
20857
52313
8256
10436
48913
12529
9296
56205
17822
34931
2211
33645
54184
1683
33704
13062
41602
14382
38784
36620
48625
54833
31266
41145
56852
43747
51624
49782
32545
4142
15584
23951
56478
35044
56359
14397
41084
14925
16658
5429
56960
19879
4831
52202
22941
29497
47233
11105
33891
13427
58318
7576
24052
51692
20113
20837
37737
51795
48505
11601
23472
204
58323
29106
43221
6855
53192
41962
27469
13664
31164
14970
23537
2072
3047
7470
25288
5681
51177
24641
8700
34073
9266
20707
58457
55221
15484
55022
13619
41720
13470
49078
43955
38626
57984
55745
9283
11192
2223
40821
31990
58433
53130
32632
23298
14143
55464
58315
54017
52108
54019
7593
33261
17552
10841
14675
19236
50736
27257
56468
50254
42602
29304
29457
56922
2069
22787
35033
33687
16228
53026
36093
50541
58167
58775
24582
50662
42202
3174
53240
57755
31113
39808
51461
34066
3221
23733
56980
5908
33186
38200
43301
56400
37711
7537
56374
28574
58051
45100
10637
50324
35058
53936
3297
57327
26900
36339
54309
42640
49369
59115
58041
28127
4889
57842
58388
50572
36553
48676
1821
15101
20550
53738
22423
55160
15878
13575
54862
1942
22746
39132
4456
3095
10795
38578
50875
21215
36560
8279
35489
6525
13712
53318
56428
19769
33216
28737
13920
29392
35534
32626
19263
39087
43749
14814
3532
11711
55875
17898
40174
23859
41359
35323
22206
50717
50578
50739
54364
10888
37515
18022
19836
39204
53263
3271
46266
45771
57669
3836
29781
37736
32665
35057
52320
14166
34067
55512
49693
46351
57389
23305
33647
33339
19047
32620
28286
50675
56677
40828
3166
22586
10714
19709
56458
16233
12753
4444
35500
52928
33963
11618
37631
48072
56537
28876
39220
28362
32425
11682
52099
17655
9866
11619
50831
8801
32156
42945
57989
40973
29766
27480
42597
39261
35344
6049
11058
55899
13932
14111
38588
7400
9511
44871
26442
15962
35781
36005
11097
30797
41576
50720
26603
11637
34629
3588
18866
3864
50827
54129
47225
50640
18834
42422
17631
44168
41894
27597
29376
35160
28767
25665
31822
59201
34766
56211
30955
19798
10768
55277
15283
37638
23257
7039
58022
51635
50743
11483
25702
37996
41384
6822
56387
32643
28352
24979
13376
33437
51064
36579
5874
53805
14194
57221
10956
56417
48889
48499
15629
31151
45308
3159
37491
36603
57250
9254
56112
1050
36775
36087
57905
26490
52148
56538
30333
56402
57971
10004
40823
14156
14327
40838
12921
46276
52976
52708
56212
11069
23922
18480
33329
16210
35746
45854
52379
46711
27619
37959
7049
25428
27873
26866
25692
10842
53597
46564
571
56462
57068
12840
5481
36057
53615
57449
56388
59048
51879
37760
23402
41834
31801
12072
15562
13907
19776
40961
33716
5837
28716
53431
46691
12931
7519
32057
8468
39348
35646
54822
33234
56680
40988
38115
8975
2062
8090
33059
20154
4501
46760
49858
48987
31073
25498
4599
40302
14752
56382
34295
52812
52579
9526
35328
45812
55829
34253
13732
34760
47434
37588
12321
28276
3769
20225
44043
55500
12821
10649
34708
12741
45083
50562
15611
56966
13200
14358
43287
23947
27703
30004
9604
4807
39295
31908
