47975
54949
16956
14477
2127
8660
34811
56114
58886
39684
23917
54399
59064
40199
57270
44139
23839
30501
45804
48626
55504
44227
53001
14104
57471
41130
27791
34941
44514
37953
12399
23474
34635
16257
42181
52979
9334
57272
46627
50017
12235
56100
56930
47335
47439
22172
54784
42922
20325
2347
17617
17544
12300
16459
45096
40219
56256
17196
57906
35403
52449
20327
25936
29995
53594
31563
57619
55199
58171
41917
14484
57698
29461
29399
6483
30367
48868
2698
51477
55114
50457
2596
45453
58298
34104
33663
21825
22177
50567
42625
45104
26540
20451
41419
6545
24322
47518
6975
40900
1395
46842
37718
39939
57702
41733
42822
41484
19868
10372
36968
16726
57363
54936
37917
11987
29447
495
35597
52249
32006
13379
57520
34444
35098
15651
38247
17351
52798
15011
52590
58878
19826
39873
4403
8780
37140
23664
21533
50691
22824
38039
59073
33872
49347
56585
35027
23606
56171
22822
5948
32377
53667
54782
54265
45116
31459
36471
36519
50784
50483
56626
37512
55539
40208
59217
19235
48957
39800
55196
57122
58030
872
10924
57495
50554
50139
58327
53102
46285
35360
54069
39365
47593
52278
57175
34964
45889
18887
7940
57403
7604
53178
49920
23089
44104
40468
38451
33962
51370
55473
16784
11235
37881
41880
40205
42721
41411
24313
13610
5687
54824
55147
59239
43385
41022
45153
42847
57651
5157
22543
32577
52841
31672
2436
14220
40835
21030
17359
52238
6144
36585
31900
48066
56946
56535
17932
37848
57885
5823
26466
58862
39805
22088
42169
4471
36225
8703
16623
52153
14089
57612
34815
45401
11337
33869
8941
35718
7996
10685
34142
45254
10365
44881
54111
33133
13075
57407
53671
57464
46471
41819
15508
38768
2983
40050
48978
18460
32194
58536
40285
14149
23358
31579
46949
35028
11750
47755
50758
16506
54172
53955
56555
19087
19066
34285
31171
39473
41878
13925
40225
41740
47419
58375
55356
29811
44073
37839
7162
11485
26460
57308
21229
7022
41296
6367
14695
40039
53313
37913
36985
31754
54812
55972
13871
28723
52514
41182
56449
50312
31365
6418
55238
33290
26202
31624
13184
36407
22282
42782
32514
31643
12715
35401
18510
21755
47561
37401
36372
33832
45271
24405
3824
41863
9115
27787
38610
55885
28142
40757
41393
35795
37745
42561
51738
14113
49233
45959
39580
45948
55235
8715
50359
566
36536
13973
14097
3740
17427
33413
41519
46399
55844
46545
18200
4097
43269
1080
11179
41548
40365
40227
25249
59241
24660
17425
5237
52483
19478
42130
38111
49331
58386
40446
19241
57011
3266
857
38221
12376
39448
42010
37680
23641
57295
51312
43998
14811
54653
2260
2540
54733
14779
18861
42585
36810
31406
19476
52433
52840
37367
56909
51525
58356
35121
57391
39977
55201
33575
57053
40092
46591
57066
42267
26950
41842
38278
34729
50738
19186
53450
19393
31077
40166
24375
55120
57722
37970
57800
50001
6080
34106
49043
51235
33112
46371
31802
43175
52097
58026
57186
54001
15946
44404
37556
29326
27348
59122
4888
53635
27946
18001
43267
13757
41140
45549
17913
50174
55386
57987
57713
18477
11933
38772
52026
46617
36153
41957
53200
44874
13080
33878
12807
56932
43126
35521
13147
57369
8485
38208
44895
11724
23344
32606
14993
18812
54830
41911
40763
13842
7446
20307
57213
24865
11524
41196
48706
37840
47682
2745
36442
56134
27226
22955
38790
37777
58417
20322
22875
53467
39934
45863
16439
42311
54117
42215
16148
56249
1584
5027
29323
7066
53284
40518
36956
37831
41408
40700
52659
43091
28363
15112
57219
44363
42876
6564
40193
52130
26713
16796
8955
52301
33873
52736
55076
42588
30402
41300
2554
9958
30330
52830
18869
58004
51838
46804
57393
34483
18088
8570
19465
40138
36813
36283
8864
37074
31828
17529
15343
11536
1312
44008
52556
59232
57200
45835
25670
46945
22390
12311
48504
3896
11261
43978
37818
41381
43868
48853
20613
32472
54034
11661
49173
54485
45235
28049
51140
35766
4936
2736
36817
35311
48508
9512
7873
57251
58462
51371
56845
57480
42960
50688
34977
58169
48491
1169
14161
42554
46312
49868
29575
35072
45998
670
17882
321
35022
6469
3833
43966
28851
22357
11400
53462
9247
38630
40103
58322
57858
43315
34546
54243
54885
14298
36044
50927
39150
56301
50829
22329
27699
23750
37063
46551
56731
32648
59012
48514
40407
5499
48509
48358
52948
53540
55718
36719
8445
52704
57824
59245
54579
13130
18967
53322
46803
35468
42469
42143
43499
31975
30578
19477
8035
50723
37183
19095
50258
17937
15998
24964
130
29408
41743
32516
57815
30741
56180
23214
29787
2259
34125
30066
37311
38682
56247
41018
45059
28446
41224
14133
19855
41104
5480
53460
34704
20933
56160
18811
6976
31968
18806
53996
2373
37138
34990
48525
28529
34165
36289
24581
33313
58764
58430
3375
55116
55753
28606
5868
43149
50344
4758
54560
58812
36730
26336
532
54763
14160
4056
18941
32361
34558
36248
57935
44870
36725
53616
22968
33584
53817
46577
21369
25962
37046
58220
53388
58194
19802
44023
49663
29104
39430
40013
20219
44607
1042
35567
13485
6842
43360
56831
6630
49957
7038
36974
41482
49018
14128
46323
4823
31412
57315
2297
36116
48911
38291
15111
53370
42409
14949
45805
2411
31350
49823
21740
13686
13536
54090
57148
22156
52038
16554
13272
30715
20444
23618
15463
54670
17615
45359
42239
45255
53532
53814
40375
17029
11049
51388
32305
6022
10211
12454
38139
50179
56983
31936
39303
6869
15895
50768
57963
689
52727
51399
33951
12815
7232
7490
55523
4280
18433
10473
55442
57164
25841
34654
24351
41163
31425
57666
48549
36860
30644
57496
43945
44857
52768
46034
30966
5266
43792
1372
30160
37390
36604
57367
3526
51155
38594
13509
42402
5028
48314
59198
54758
49258
41764
40459
27131
1656
55883
41239
11408
13418
43942
50828
42824
59261
32080
37971
52061
32597
45669
12928
13980
41024
33302
36950
875
54428
20515
56031
36229
46678
20314
53906
22125
48402
39803
49517
7672
40774
15501
39516
27656
34354
41208
43252
57428
34543
42292
13582
45792
23345
28119
45079
45149
12620
52285
13148
34773
39291
53182
26263
41988
36042
36494
55462
31742
22790
37808
12973
44355
3064
27245
50639
20564
4043
43745
38697
53307
53596
35923
58673
18705
58540
34563
53415
14816
28804
57208
59104
37915
25151
56162
44977
12948
10033
56566
46274
50252
50391
48315
34727
35691
37207
43744
58012
24324
37546
44872
46329
43414
17154
49764
6998
40742
37859
35118
54120
50728
59251
57660
51211
34767
28299
23434
38079
54327
12274
18134
58045
56278
16689
35405
32992
50456
4739
41397
43938
42379
9534
14192
11271
57673
37862
20636
46667
42800
9090
55897
26426
4214
53483
23101
49238
19480
42807
56261
34390
27737
8991
39951
18405
2557
41382
48103
35424
2927
9649
45166
27571
36278
23261
15982
28125
36718
9120
7954
55485
10613
25586
16863
55429
44820
33056
45185
42345
59264
56464
10961
38684
24879
4521
45932
38337
9250
2076
59185
10951
48360
51515
41306
18163
49109
51436
30549
43619
40047
38035
42032
47937
41670
3420
29730
32666
53613
57845
7637
25817
20342
58058
17844
28379
33932
1759
8030
40416
42526
35386
36827
7463
45300
39895
34834
29850
35045
26095
38009
45836
2378
42938
36855
22375
2600
37935
47312
37577
17267
8140
40197
34612
27119
26548
59176
42273
23643
282
14033
22180
44270
56708
44165
1126
22515
9044
59271
49143
58029
43865
25356
54317
16731
29051
25618
35677
11095
37621
39094
12225
19720
22839
57239
57864
43961
44198
35950
13236
23570
58491
15071
57454
28826
39897
29845
56681
30925
39088
37328
57580
32734
10704
43852
53571
41632
50587
9910
36619
9460
47410
19053
22442
34663
41879
38283
7255
4304
37918
36111
27282
57090
45417
40093
23226
38906
27253
56823
3950
54071
41190
13998
41967
34975
57833
34901
55935
49007
23978
57330
56546
57062
2573
12156
52743
58123
55225
51615
56406
49614
51416
41624
15557
41347
58569
49175
15727
55536
30206
51969
3365
9912
29649
53485
15837
41343
19117
42553
29992
862
55499
13886
58187
30318
38835
47709
8799
50729
24941
10690
34442
48289
48892
56560
52092
40863
8210
39325
48612
42478
40567
45175
27751
36145
42723
47555
34807
29973
48603
54218
36712
30135
39823
34900
37767
42044
46508
3320
27290
46677
31800
13930
28765
14042
30626
45825
40884
49779
48484
17339
39767
56475
34343
54269
37362
50585
1980
14795
19062
46246
6730
24159
49741
14506
45015
39265
30326
42694
7245
35775
57284
54228
28699
36305
23158
42271
48168
57875
43617
17594
48578
49607
45877
28037
52621
28551
28214
12660
23215
52457
51232
45551
52910
59243
19177
39356
13645
42633
47048
35903
32544
23393
9800
12735
55125
13917
51414
34602
5688
43096
46519
39957
36310
55056
30512
58497
8428
54033
37746
31268
56781
57187
33566
46851
42427
39490
35013
58748
40229
54255
26179
43532
50917
24175
55518
45257
2506
49241
44966
34569
2450
54576
52403
31923
22856
46665
45445
58729
56906
36134
35128
9694
48198
41678
14755
34566
51571
57684
56839
34930
34586
53323
51630
54138
15212
509
55155
51865
34340
10465
36564
33263
18358
34144
19850
20439
45331
17418
47224
49087
35856
23039
9317
46713
45027
42857
6725
52726
2279
36894
42104
18703
45463
34357
29436
56532
39997
49214
56698
3856
35361
41772
39968
43419
35876
43145
40454
53718
53578
56348
44229
22647
57354
38263
53771
59263
16744
39384
33268
56793
46249
1787
19894
38082
46273
14571
54891
48759
32149
57174
9241
21143
57514
34951
14589
53821
48196
52324
3103
30616
36018
13847
4768
31240
26551
11356
32426
14107
57865
44867
23939
37403
42203
40975
45135
37597
14414
19026
13654
33676
50615
33686
52009
14187
46650
40342
40037
34397
16049
45572
28661
14028
56827
57859
24098
36852
50098
46284
46954
15976
55684
52728
51570
35448
19084
22788
49082
58324
30780
44375
513
42663
33054
12542
20827
45518
53562
2075
47331
19707
17725
58125
29809
48684
33602
53179
32508
49732
36840
17645
23812
35402
3810
2179
28315
7243
15369
57655
32802
55044
50816
10927
15238
50060
45377
22414
25384
30431
2225
56586
47046
20519
33835
8448
50710
54273
46000
8909
7997
44948
57374
15839
53580
13391
17507
42111
14431
57993
36803
47155
56132
51575
19594
12391
31472
40571
50215
37111
39416
18054
36304
48
24137
51524
19559
57955
35535
14047
56148
58179
41835
31070
57595
56167
43767
21170
2194
2466
43251
12073
56329
19458
57317
53149
51136
58460
32588
25584
34518
12075
25181
54373
17090
42411
34113
25350
28073
46797
30574
20505
21851
33790
1466
53543
37928
37757
25469
4447
43796
49637
57509
34814
51338
31859
2934
51486
16930
51326
36218
17179
50164
25454
39540
57386
44147
24575
48214
53424
58696
49485
37307
23260
58414
48816
34888
37663
34730
39790
44472
30222
16410
13995
14670
54247
19635
44159
35139
40726
1935
47120
2346
58188
50557
41380
36083
55192
43072
14648
44555
45337
57312
19427
27820
20488
47457
27507
13110
41211
56156
35554
37582
50515
47520
40758
33996
57347
50302
2582
39065
4
57392
50991
31237
15376
34940
42655
45902
51028
13165
48814
51430
44844
58339
54186
27389
37674
27326
26203
6587
45910
51790
39392
49207
10475
1027
10777
28662
52853
56715
53822
34524
9997
24447
32419
57280
53703
57679
34907
34182
8566
20
36781
54109
55015
36508
57615
50683
53693
46111
44714
3583
24388
40192
34221
11696
52005
6395
48033
45023
3738
50674
38992
33657
3407
23837
51602
19573
43168
44283
22833
14091
14762
33279
24997
49476
54127
7227
41156
5911
12453
57731
3094
47726
26389
3617
39508
23322
29266
4857
58149
47037
53398
50767
25873
1746
42581
53949
55007
30605
41663
35369
22428
57249
33397
2053
37955
56450
34148
48493
57708
3739
19962
55126
56232
41227
34220
49691
11738
12018
56953
37028
1712
40586
15059
14122
16820
11272
15135
52885
58057
56570
45165
2591
39300
22693
40994
37393
38912
33588
38160
58997
38978
42014
53595
39909
54855
46360
32767
50427
41389
52647
35411
3718
58913
48158
49695
58427
14583
53372
3764
30819
43569
55963
45056
32796
57173
30855
59208
20399
48726
54459
43068
51178
58436
43171
31880
7585
58091
50775
53781
17612
43701
54893
10805
38045
42137
51730
10840
31448
25615
11474
44210
8482
56672
43359
38441
3741
18411
45586
10102
56273
55231
56787
8762
41956
39154
43316
29658
59276
56204
58319
38783
47766
34402
35253
31714
21839
46891
42315
39619
33438
29659
42168
31315
45881
54527
43508
45955
16127
12344
90
51980
52338
15062
45530
1065
4688
40995
55973
38591
23885
34226
13385
54423
11590
26965
55200
30866
39595
52570
469
26413
6888
11739
37437
58043
51696
42651
36945
57204
56937
41259
14809
6003
14743
57622
46800
41109
40341
50519
32695
53440
29202
25407
43964
34748
14806
35018
31493
29407
3144
44239
37947
39672
57230
34245
42965
26613
42460
52506
28337
53583
31930
24377
32462
37876
9098
2893
38219
28728
18151
20668
8683
54157
41662
43165
5473
31273
34582
7937
47573
7003
47400
54160
45003
3468
12420
11340
38930
52444
47429
55036
15120
17361
45047
49375
34204
19471
29145
50180
23246
59095
35481
27404
49758
38280
44557
57744
57585
46262
50899
17846
41676
17420
13095
56020
32644
42318
58679
12068
40646
16465
30887
10821
3759
22815
40463
23370
50514
5969
54431
5512
43391
44579
47499
20290
6342
47146
40433
56311
29739
29643
55404
34424
2663
35207
57973
58890
33323
56908
48446
25297
23920
36091
47475
24693
49297
17158
42715
55347
15866
27236
16236
47770
19120
38124
39802
39253
33461
53168
20438
41464
46104
50918
26685
12892
16424
36703
52101
37158
48477
5891
26342
53937
54570
14049
27451
35436
48771
52315
38281
14985
40483
59202
40596
5783
26240
7989
22305
58372
41591
43466
50217
45945
54684
40499
45346
46979
22626
2191
53079
44826
43208
46142
11720
41327
58472
53953
43558
41098
31779
35224
25621
1885
40104
32933
9256
55824
7864
45005
39848
46501
57404
51573
49467
33091
48845
19382
50704
56517
19309
18856
32344
39892
15250
49979
46243
6209
54750
42188
37475
52950
37688
32589
7069
22539
14974
56786
44985
54872
20447
9206
31059
55494
43160
35284
46017
22775
19437
35625
39444
23937
43340
41374
33778
58632
32505
27259
3564
13229
58429
55475
42529
25156
43387
51169
57442
16329
28414
54848
39773
21913
7282
49475
57844
32454
26972
53694
6229
37725
56495
41002
49922
54864
36829
54242
20914
41080
29382
34919
45260
26392
2339
39310
31905
57275
26581
31104
46565
6635
43809
39391
9333
22304
45077
55873
22037
30569
18601
38656
40663
37108
23890
12247
2094
11547
55476
14109
20494
6832
36472
58407
40921
13352
37727
57757
2027
10701
20579
39158
42865
40490
34608
35112
24789
6460
49445
23167
26974
10667
55845
23268
29501
37003
12944
47112
54674
27998
30742
51555
12272
37021
24323
30725
34368
44908
9192
48006
33705
34513
43492
36285
52735
43428
56552
53909
37603
1976
41989
51237
27900
41680
11873
48544
17072
41068
50938
52400
34128
8237
43249
2412
38509
57508
50701
936
34231
17613
55823
5401
11683
50934
13210
14770
18264
30281
41651
44197
9818
46863
15925
42011
45349
37790
7698
53611
2476
49592
56822
55472
52576
3212
27294
54559
37407
12360
49746
34134
41299
34393
2587
8605
18210
40293
16989
34032
13383
12363
49177
37914
37423
45191
50286
22018
37683
10324
39240
10549
37059
16828
57497
53087
51421
49363
41551
40175
49768
30577
41568
47206
30801
46648
2116
57526
29609
26241
57728
40388
34552
13900
42367
57007
43504
2197
36836
58387
44155
11853
30339
48865
41134
7670
42037
8322
51157
24401
52143
39247
35908
38710
42695
16525
52330
24376
22811
51429
2915
20292
53258
31727
40506
51303
16118
43358
4266
48423
8343
56587
47138
39752
34963
15708
53067
29321
10851
94
24320
46682
34462
34325
37118
57423
45632
9458
45501
11145
28005
1435
58233
54291
38776
18141
41855
52854
33197
7252
34725
16759
42051
45245
49380
34803
42918
35064
39991
9144
12353
42552
36193
36856
41973
25697
28195
47508
40268
51714
30325
43951
57434
32752
25909
2098
883
50080
54144
1978
52083
14158
16810
44961
52846
56496
21948
51762
41106
56161
51941
44606
9217
1613
30313
37722
57426
16840
27235
54583
56079
45173
47655
15154
2885
22884
21560
44722
27795
32493
37289
11367
52017
44326
1410
218
50668
39694
34970
47658
3215
57677
2650
41158
18878
39329
54227
26165
50142
48971
27495
11567
36958
32320
13306
58390
54732
6300
22452
12185
41169
1600
7480
32728
48923
57474
56192
35897
23237
56592
23613
35152
5446
20386
18233
20343
16058
47452
48265
27246
58064
24029
5708
13725
50095
7726
56093
5670
34587
39821
55109
39161
57678
37661
9325
44440
55565
53090
42742
9425
50167
9637
51106
45934
50533
40848
57402
41811
17501
57056
10462
50697
38685
41704
9466
53232
56692
7564
24438
18849
32316
47139
51293
41355
49376
58249
11876
15034
31904
2447
39674
57232
43471
37552
50348
40306
17684
30701
39414
4677
44778
35078
45155
52904
57778
42268
35675
40183
34833
54039
27368
47480
48933
54788
53856
53643
13527
58864
45754
19011
42122
15453
49319
12934
30999
19908
33210
12955
51770
22053
58831
40415
52566
36602
53395
15146
29565
3775
10478
15347
53573
56017
51016
15050
54326
40907
34591
38293
25583
57599
14440
57581
43174
55002
56125
45087
54742
55653
10003
23909
59061
30490
11852
58400
55488
49965
49452
7396
45511
8159
51411
45386
48302
45040
41177
41123
41990
13710
12654
47853
55686
39442
45931
40154
37228
27835
2645
51990
4499
22770
14172
20459
47234
58686
42815
6302
55385
43781
42028
31373
42244
39264
51297
47677
13465
8433
54107
38006
26318
55483
32636
30640
12200
47416
37081
10248
44216
51455
46331
3635
42455
27988
55624
54180
38909
51339
1501
56772
58208
47347
21846
19812
47857
16256
31216
55890
53728
27455
5150
57499
14155
10054
48818
34603
7590
44480
18914
22913
7110
10099
2242
56862
28079
22370
30984
18150
41562
45028
27185
46659
58259
51931
13934
11995
53312
28820
30687
4182
11638
12984
14094
33164
28714
42834
45891
42793
17711
54992
50297
26649
42972
37139
52508
5317
39782
46917
3828
55077
8136
49048
46168
27111
48582
6767
10295
57621
50397
57052
12841
4083
57277
43005
36139
57921
14885
16729
1029
31486
32407
45098
56014
52580
7796
23421
47143
50212
42238
38256
38074
53704
26350
49630
37842
57372
20302
45626
35522
37150
5660
36901
13505
26585
31285
42322
11797
39233
32490
37771
41133
10595
18462
56840
43669
46327
56030
6105
49914
17623
29978
59242
20553
31724
42452
44193
17821
10328
48304
19003
42854
42852
48824
34851
22522
44005
37370
57457
8526
42140
55409
20512
3035
45422
57607
45900
39901
40119
55256
23272
58031
48747
48500
8527
2434
47204
46023
13683
1881
47106
51014
53599
928
59022
28416
30728
33554
41097
58502
54558
42134
7135
32757
32705
42861
34938
12726
50535
37443
56569
52074
45819
51620
45875
59160
57159
20517
38519
37598
4310
42466
51266
30788
40603
50068
19780
39344
47205
40861
44685
58300
45247
44941
51250
59258
51681
46434
54947
34997
28991
54950
54948
37824
57490
20635
43034
12873
53405
56957
51767
53749
35916
57237
11517
36482
38224
30104
11992
57517
40836
42413
47527
57429
23374
35071
52048
15732
52658
50586
44920
35756
43655
48334
1034
34136
43288
34121
48681
9401
51756
53063
54952
58075
24571
13002
41847
13390
36877
57543
39759
36967
4966
56531
8611
19489
56530
29078
28326
48502
11344
49893
37377
12714
3683
30529
7259
25398
3405
17647
41425
17648
55842
58368
53722
14838
35010
10128
45145
42612
55150
57709
54899
27229
4851
58781
18013
13986
37069
35304
6917
35011
33565
35549
13778
35854
58634
48112
24869
49095
15529
15533
35439
36147
3396
40181
38270
57919
37761
55416
14059
56337
47341
44631
31343
5818
32976
37887
21893
35621
11883
49252
26186
38734
22405
39691
40018
6389
14430
42705
20267
44564
26493
53387
56638
18634
51031
8131
38218
44935
41476
10463
33110
1467
53351
41783
36277
52874
44217
54805
57661
44992
456
4330
224
56058
58272
51342
29333
29162
24474
10928
25620
13462
22453
43002
28921
6482
9281
40007
35327
18442
10864
35995
55804
34109
1958
33248
25934
16786
48215
16115
15950
13772
37379
48079
36445
45884
35555
9331
36355
37083
42598
57040
10077
40605
40202
5801
26784
26243
37854
51656
12720
56083
14000
46343
20916
20999
56059
41483
57918
43017
51200
52594
19217
14650
52855
44846
43347
49836
2706
51752
26711
22957
34867
5843
3731
58617
34356
35837
38046
11963
57406
49961
28274
37762
45929
22658
57248
45272
2725
2257
57444
41681
45423
17877
6795
7967
48159
40799
42816
35277
56075
15054
45602
35103
57211
41037
26158
48827
51784
50262
53390
42713
15010
12923
38606
43319
44238
34321
52082
37044
35242
58250
34548
57752
19671
52932
12515
30469
13626
56338
2377
9959
36349
44689
48745
40064
46991
28763
46786
50316
41780
21332
24291
42363
7361
12779
57563
6889
55880
13394
1180
50030
36165
44456
9326
37628
57377
50783
57644
39239
31734
23524
35543
37883
46255
23615
45942
31443
56363
44883
46240
4123
56023
26038
47245
46997
34399
53707
58453
12796
49132
51583
27194
57274
41560
36552
45821
38313
52340
27412
30608
42605
13545
28634
7781
98
23030
44170
37550
57527
11716
57988
54096
8781
31760
48593
51323
24309
58501
23289
42634
52927
8709
30315
48354
37698
52200
57319
54010
36865
38769
25031
25603
30224
37137
56188
45341
17348
52117
23716
33526
33192
52586
46771
13844
58256
51850
52965
42398
53000
46668
52197
13537
52307
57461
6248
50837
34844
41481
46405
31275
46596
42135
49558
4402
31345
10479
24396
54190
48355
22630
57265
33198
5427
55032
33456
41514
39332
51535
13152
28922
12658
28306
36242
19954
49142
39244
44575
13377
56867
36784
48591
47898
31405
51704
46029
58253
11656
24212
39197
40373
53373
22286
34315
22036
30697
42843
496
41386
44086
43496
16944
1900
57550
53852
55906
15602
12400
25799
3712
42384
42439
55130
46301
36186
41379
54892
57411
36543
52771
45284
41117
51849
53407
48806
42509
49351
53632
9415
56210
51369
39891
13891
50091
24215
14190
46517
16217
41460
54263
56135
3510
49181
42359
11384
51877
39141
14433
45253
43372
56920
41610
42362
45051
23578
57498
38736
30997
34771
35942
56501
33906
24277
53447
10689
43311
12506
57979
44222
55134
54277
57226
43095
42006
46058
5734
38777
54223
37095
40625
54514
31261
50616
50591
11363
36792
54009
41768
53334
28217
36946
50901
54321
53039
54904
51706
16470
42298
14523
54521
37658
22348
48409
51086
35994
2480
51354
8947
41722
54829
49305
49628
2372
18797
49383
28057
53574
56770
53267
22059
17707
40283
48453
9373
48019
57942
44084
40671
11917
49972
43739
49456
15232
51685
37779
40488
39825
57119
50530
51771
56184
25355
52938
25098
24937
8354
38842
6592
53994
51053
25704
47422
37036
37964
55113
45947
40164
16371
41367
20549
17949
52135
37983
6214
33941
57069
58225
32280
46534
57072
49641
49136
15063
45500
32337
44884
16242
37891
6992
36576
36322
40960
1512
43133
12252
58175
9289
37720
4689
41035
3131
49582
37850
42333
14746
44983
6083
51949
32993
58454
7783
43963
9057
2226
53896
32729
23981
19907
46363
56885
38735
23544
48393
41349
33904
9659
19160
5711
46044
31491
59182
37172
56589
57351
14793
54900
51753
4887
44027
56931
46865
14685
41585
40327
37898
39149
2207
58941
46631
39832
9244
8126
14336
2353
43793
3585
33497
37723
7517
31435
17597
10227
19683
37457
47514
6904
53457
32667
32941
12572
41654
49398
15496
41617
19672
50492
53620
39340
47150
20681
20959
1374
43075
40593
27579
17074
56505
45779
47784
29094
16593
39370
43229
45080
26644
45927
56102
53650
25159
14771
31891
35635
35685
47622
42296
55534
10602
2469
34999
36342
56916
36143
31241
33782
14040
8804
14666
15229
46785
10614
53253
41870
20236
11107
5400
57716
53316
28309
52134
21494
57010
39952
52093
52780
52599
13546
40756
11091
58382
49494
53296
48082
35392
46280
18913
54151
50413
11948
43523
57531
24031
42221
15027
45488
13367
52356
34143
43092
37772
31861
12846
52080
21783
42591
38344
10797
33353
32073
43016
29146
41851
30324
13927
40766
1476
57654
24460
5761
11098
32132
7093
18084
50409
8520
37231
51554
31282
7281
18693
44078
45774
28816
13808
19424
53279
42404
33710
25050
42458
9398
25500
29405
41262
38737
31229
12510
37060
40408
15077
51956
48718
38862
52206
56481
46450
49349
19736
22553
57401
31662
32267
15265
39174
28483
26712
41779
12471
41890
57837
39318
29341
11930
31434
11882
30504
40985
57862
37015
55853
51961
35701
38069
52193
10751
46963
14406
53295
44388
36252
21766
44603
36434
12270
45345
58519
26173
48404
41993
17039
42352
15013
37559
35600
14548
8756
31299
40718
12982
57397
8224
24348
4290
2175
57445
34910
48974
50453
48963
19759
36368
58589
46181
49785
13400
43176
41452
13987
37744
52152
14377
40808
51087
13959
59222
34862
52075
38206
56783
30632
56995
52655
56066
17590
35925
9118
43416
49927
34711
53156
47816
43422
38134
36112
33700
57878
2906
34364
24951
52737
43110
31858
525
13271
28563
51521
46209
51937
42234
54803
28984
9293
57799
28505
33443
18924
35459
47395
53796
34508
52707
33189
20328
45524
41335
45904
9330
26706
45140
18712
36066
42235
57448
29003
36650
22733
50770
5669
51212
45413
7503
49756
37655
51967
22636
57084
45781
50750
36756
53579
4206
40249
58358
45085
29432
35144
25815
56344
33518
58168
48542
53981
10818
57261
43086
13410
38233
6956
36333
24370
42407
34897
34594
39705
29504
40095
13922
11370
48886
25495
9154
21763
41831
58135
12486
1396
42096
56934
35603
55830
31380
8310
58349
47115
22926
39946
54286
32413
24093
29192
8234
33671
32610
46237
58025
4958
46612
42456
38643
6644
11764
36162
16647
52016
8630
14887
54174
24550
43940
10922
41323
42936
40623
5824
49411
41633
45807
37092
41688
16950
56421
48431
2455
26764
53289
44551
35174
41369
10825
3213
50131
16344
45032
2690
16971
10984
49261
58254
9929
21102
53238
16635
52254
11439
37549
57812
37901
34687
58681
36923
14951
24888
13896
47493
55683
43514
57786
1614
33411
46393
46222
22301
8059
50769
16997
10606
29220
57648
53376
45640
20873
22516
59131
36447
52476
12958
51121
17271
56262
57907
12403
45400
8225
57554
46449
57065
1055
2040
54874
45193
54797
2433
15400
58553
34668
23031
3349
7823
52958
20511
45050
48791
417
1028
48433
52147
50981
24153
35996
50623
7185
6458
51295
30456
9260
26142
41934
23407
38197
46303
23259
38048
24395
25843
22902
47111
44036
33971
41785
45957
20480
24559
45800
56260
39163
28240
57633
39915
41399
34437
6874
8658
13579
2605
37747
22855
42210
34604
48476
7169
55074
33211
48014
6893
48357
14011
25538
131
59249
30096
17103
45313
15655
10793
55094
39727
40022
54668
54112
7502
51712
3142
35059
43777
39389
58735
31046
44903
3429
20731
58857
38267
44077
2799
8854
51812
52365
13208
34463
48524
29359
26488
30017
42556
35765
10866
37976
53315
47218
28272
47127
40851
34973
50156
35001
3335
36163
29463
19503
54051
50589
57980
56231
48183
9009
45203
52127
40855
9770
14588
50411
45073
55260
50590
35499
10757
33722
48098
32118
49106
45703
1426
45815
8341
10801
47840
48316
33866
42542
12098
58721
31384
34655
55378
3713
38801
35240
12629
48420
40772
13792
51755
4861
11382
53935
40475
6868
51325
42828
16114
33586
37920
23418
47183
35120
19499
40055
17593
53910
36293
6717
30519
43433
57890
7186
15884
43378
23914
46619
9967
44940
20401
11823
40713
36711
58391
46376
46605
58475
1895
19801
18873
42864
42943
23192
12175
31860
37809
41747
26631
43263
42942
56836
51986
28935
56572
35418
52998
32482
2352
6373
23025
46258
46268
36357
51466
29837
46197
30471
48067
41583
46663
45289
24478
29356
51695
24590
44993
16799
40449
41895
29815
41691
53840
54896
25080
16703
53237
31515
25942
26870
22906
55884
20677
7589
6660
21975
36837
34967
35859
33529
850
53546
53533
47810
8113
55282
25494
41455
31123
58494
12787
29336
33940
31362
53869
45827
42508
46334
43235
49993
10419
42257
31085
33114
9336
57081
14778
39216
32318
43526
30624
42335
44135
56172
33974
8094
41984
40126
52964
27182
5892
48437
38114
45899
36410
15164
59144
39169
16809
50853
59238
34089
45845
58822
12358
19054
52792
50756
53018
25951
35823
41325
2532
21756
32905
56782
36492
38926
52572
11479
44045
35438
23768
52887
47683
3456
49704
39693
18920
35171
22708
57390
53520
51453
14297
30485
24563
36192
31850
18228
35012
24061
3848
56792
46530
40128
41204
3217
41368
35514
3845
48715
12051
58556
49002
54776
42119
49556
43776
139
9530
50968
50137
56691
23637
58684
3830
12384
19897
2067
33283
9519
52968
24720
50525
12987
38172
42450
7882
56072
18171
44059
41071
53516
9255
56710
41675
30597
10089
37921
44890
5928
47716
3729
48116
37106
1805
23128
36981
40637
4484
38183
33393
10296
20441
24992
18229
38181
24481
14672
56233
41164
46140
40395
8984
28112
51700
27458
23135
20534
15956
22768
46782
12192
40255
47187
22213
50686
42307
57400
18093
1989
74
18714
58909
38086
43653
53914
29002
37685
34678
4229
57083
8498
50757
41069
16935
54427
38340
44486
9481
38144
40524
5950
17759
47307
54006
27080
53907
1606
53958
55886
29482
46430
57008
38767
48565
28764
24338
56176
46141
6647
31947
57227
19124
39984
46271
57658
12632
75
56825
11586
37518
25807
41142
57686
9859
43105
277
55658
51543
3589
51579
37030
6023
2772
14870
38865
30414
26347
10998
24834
34669
44124
3685
8107
35000
58945
9041
35800
16084
57162
32523
54669
45288
13823
50687
49188
49077
37554
47789
14582
14453
45069
48969
33520
47351
2686
26177
35104
3305
780
5263
8089
29122
55497
48257
58680
49001
54132
19240
56703
7317
43982
11287
4955
54652
42231
3410
25523
55802
38117
45613
404
44204
12870
56923
16102
36030
11375
9381
38250
20323
14782
58201
43426
13312
38060
18118
25110
10878
29048
41998
29384
55867
41658
30298
57582
40672
45379
45157
11477
55895
52335
26292
22742
20509
37116
44957
13469
56815
16552
53816
14455
57714
51614
43398
31292
58001
13134
12667
42447
29134
39936
3649
42173
13785
50724
8952
45277
34363
37703
29728
8879
51465
59101
35755
4041
29813
48800
31265
34637
51487
55454
28936
33509
29152
33910
6665
43563
39796
19118
48396
34763
42779
54000
27488
53367
57759
50375
7460
52734
45532
33707
52012
32268
40000
56816
48359
44863
49220
13535
21686
14475
57447
31440
18455
34474
46883
41136
42205
13283
9040
50657
52275
36573
53612
46072
52032
57381
11674
51476
6758
40649
24779
42387
44200
8507
45396
3875
25266
39949
20340
42109
50326
35907
17702
25555
46336
34
48755
39995
6925
11936
32919
38213
36737
48442
43153
14095
44851
50040
54361
27071
14318
41143
56808
45202
58887
49006
57360
13351
50301
34254
37622
47451
52787
39593
36381
50929
889
37114
56463
43628
55140
43012
10671
30251
40696
40716
34579
35561
1039
41111
35608
12277
50050
15565
43427
58610
58279
54316
12434
47744
20406
8149
11988
49999
4503
57898
40146
47980
12966
37691
43069
24287
38163
42610
45798
41090
34149
34657
56081
35678
58037
48029
30410
40445
47470
16616
37951
9890
33318
45356
31236
20615
32595
58359
51160
2501
29822
29840
57435
17459
40097
55540
53807
16270
41857
29718
56599
48951
46089
24893
52940
51569
36230
12066
17845
56789
31846
31956
11134
54464
49110
51640
43999
57452
34211
7695
54963
33580
57440
35577
16509
56799
53268
36128
43494
12520
57006
57934
32658
57266
53069
15129
25419
47812
46224
31924
5806
28717
55054
15096
49563
23875
35665
59085
51675
15719
29763
20377
7649
54849
45315
20698
10376
27172
53251
37260
32276
13125
37734
37029
57235
42059
2464
9346
2907
51974
36824
58418
3272
40815
37198
53928
51456
35905
35447
4239
36240
58273
13404
18019
52791
20576
44489
40755
53911
50722
3209
40642
57433
31958
29522
40326
2313
57222
35384
55737
37896
28155
57276
12913
41363
49111
34611
37821
28783
40243
276
53214
12935
57835
51584
17543
27296
7236
19038
45052
54175
49994
14991
40141
54341
58667
26345
49486
31325
23213
40157
34994
9155
39358
23958
35466
57092
46994
36868
9259
35545
42941
2184
46535
42805
9804
47016
58229
24858
26257
51481
12747
1529
35586
45646
26337
38678
39440
35250
16065
4570
34817
41826
43585
41318
34419
56933
18565
23150
4783
49003
23633
36281
12530
29776
41767
58213
36311
36554
57872
13607
43108
12470
37531
50510
56158
38093
8843
22552
45509
52228
58788
35644
13863
48674
40824
39742
35745
51888
14961
53385
43840
10876
51473
40330
57384
30520
4271
38282
34978
6716
33108
6207
56623
16501
52563
8987
44936
39501
30901
58232
41055
48700
37773
25546
49169
45824
38638
38920
40896
30397
51428
50374
33964
25891
55185
26003
10044
32619
3758
48980
19079
49054
46337
20318
52873
35720
58190
43644
4227
10203
40810
27113
30186
7522
41685
49337
35930
36216
48451
6970
3379
58456
53199
50834
41183
43752
58815
20175
41725
25263
41579
57510
19813
46892
38858
8350
2074
21360
31499
30232
14812
41185
55105
52331
42999
56032
5260
42400
55849
56185
32240
56267
32150
8372
4806
36321
37925
25900
52006
53555
32572
51301
37753
42219
13389
31786
6138
35226
38253
35723
43344
57246
36370
33924
23907
34410
27070
31870
32239
46348
4779
52272
57810
19378
11588
39042
35707
55893
43330
38534
57982
38672
47027
54542
28285
25804
50773
8835
51190
34164
36384
53360
23127
45842
49742
39184
47705
56607
48825
15572
38038
8320
58152
58141
5828
45762
41215
33123
52010
10650
24994
41848
37088
52962
44959
25504
40406
55663
14544
7527
36586
49154
8384
42206
42391
12112
14153
41808
34684
21581
7953
48871
33404
40660
56498
34530
55521
54052
42703
53563
32560
46192
35509
41477
39687
48724
27762
10349
30231
12359
49482
50034
34535
53503
11023
6350
54134
54673
10323
57135
14848
57067
28333
46509
41620
31084
25068
59152
57819
36757
3841
52778
11119
12395
20975
44398
53140
34126
37885
37985
13047
52899
41400
6225
43424
21304
45078
9356
31953
10390
45036
43383
53408
39193
45418
51953
27160
1147
58073
54962
42495
48563
43475
48145
2527
57163
30581
1541
55872
10593
41311
42832
57596
10362
6617
51127
35259
19869
52831
40271
14189
1086
36426
44904
41358
40008
51183
53072
47852
44633
19109
52493
53670
43052
15999
37388
42537
32281
47786
42401
41778
5635
35321
45650
27449
45694
34573
17331
55516
15177
2134
49491
30253
41490
23950
6675
38788
8604
58914
28799
17654
23308
46345
56145
37756
49329
20395
39304
37242
38110
38781
13787
39224
24330
44079
38779
3780
42375
24418
56564
35014
12578
28616
9309
49584
56954
50516
51839
29045
14130
32133
53506
37599
22921
50403
48383
43322
33024
40936
56181
28506
30084
35928
15945
45793
56846
16521
15360
21914
6219
20492
20309
57524
26280
16850
32894
38225
49468
33720
54881
14574
57205
56806
36264
15547
57961
19678
51978
45809
49749
47488
12724
56712
46394
41830
55856
33999
35812
2056
37692
34291
46272
47035
41031
30830
33970
56330
54498
58245
46052
29073
58079
4946
15454
30292
55168
57804
45789
33997
36244
28994
31768
53576
2270
4340
39299
43527
40776
49226
3762
24346
52462
58316
79
19448
36400
39443
55052
58852
8808
55800
8394
25822
38567
23903
8380
7559
40218
51912
30691
9801
53396
53473
54645
27358
34578
48880
25340
43911
35768
46511
44506
738
53605
53866
38143
9773
1272
48675
1936
36505
31221
52700
34800
46999
49896
41330
37372
15085
34227
51995
40213
2382
49940
8104
18180
40980
34320
4186
45110
23631
17134
35630
57895
11578
42949
36223
5505
52053
42157
57940
40124
56433
18100
37304
51341
9488
52110
28503
31648
50532
41498
40098
45276
35833
22680
40736
17874
52751
48337
32272
12021
54500
47531
57870
43197
9506
17202
33432
57087
4856
50629
37645
30712
37434
53096
40644
45360
16545
42729
54550
2081
6490
54622
12345
37905
49081
39555
33747
8455
58694
19139
31331
28750
31600
14463
46855
46522
9698
10247
53303
20249
47866
16247
37263
44693
6130
33946
49288
43438
37752
25573
43575
30614
9243
47946
16133
50582
59275
3818
39780
35037
2158
46937
3543
49148
53666
35221
41466
58119
39940
3132
49681
35493
51994
56104
53839
58441
38609
40319
42614
55288
55218
53276
15437
33942
52007
55425
5890
42532
59183
41896
49593
26387
39513
56541
21361
57964
55261
47808
29442
29183
30274
41148
58360
33812
3834
53049
43867
10511
43835
59172
13617
9825
10660
50278
57203
52989
13374
32002
46092
14215
52203
24312
5443
28167
52951
52187
58883
31766
53381
18101
46474
50242
57373
49487
50011
49023
20333
8623
9625
51637
51589
7118
38059
34436
54638
52803
36108
20332
46666
11597
55898
55402
3172
34186
58033
14945
45299
58840
53187
20028
56285
1811
33693
48216
2063
21998
40902
54155
7840
43618
43895
50632
36801
55354
31751
14766
46259
57297
51633
40653
13703
20346
50378
1897
59226
9027
49299
14828
34174
53211
51378
29363
33775
51397
46124
49651
41976
34155
1685
49473
46289
54079
9413
9328
56947
9899
30478
38751
39867
48778
35067
56955
23997
47545
3849
45195
41817
13241
42316
32570
40739
17453
30058
12456
9728
52427
43993
20387
14101
36811
36019
57717
4884
41818
46661
12485
30854
41793
45006
57748
54914
15756
13186
50673
18255
23601
53425
59204
46189
33416
16190
58151
46299
46298
19724
29483
31509
38121
38826
30312
56243
40738
29828
40661
57879
31449
34712
29755
57476
37798
41160
55206
24871
2732
54368
53439
44230
30993
12727
15601
3832
22230
40841
47386
24265
14659
40937
38981
43283
45440
34976
16556
54752
40412
9629
22536
54315
49025
18965
16235
4963
13786
13678
56814
49438
49527
40084
12286
41924
40928
34974
56979
34794
31838
9524
56982
31284
29806
45108
8331
8486
20397
55287
50371
22754
24634
45258
7016
42878
3868
38888
37278
57167
23021
45372
47394
41938
20695
52832
31833
25689
57724
7158
41174
28959
697
42144
54630
10509
57680
24676
34850
37566
57525
16629
6205
57145
49583
45152
44245
736
17816
19327
58129
26611
36197
34119
48472
6804
57399
48077
32745
41008
12056
45597
49694
14625
12251
42490
29053
32786
30442
11533
52263
35358
8750
57937
51413
29508
8990
7721
37954
53610
14324
32731
28006
22315
20497
41646
58670
16249
58330
58120
29719
37852
51503
26876
59186
30365
48893
18829
45334
32674
57184
43855
31066
53270
50426
36213
35066
46127
51185
44014
44950
54020
59179
32806
340
57821
56074
41054
33254
35429
58285
56142
58459
15767
55132
32055
42365
50386
7591
36138
58204
12271
45121
16945
19119
58329
25613
35307
7359
23508
58551
41179
53421
50467
36423
58158
52657
24925
58202
48091
50987
54254
58260
15943
6637
34005
14903
37948
55230
7852
5432
49361
40321
49548
18595
45016
25283
14539
36386
19374
14690
42403
14404
1088
33099
27967
35464
45274
51689
43295
25921
33382
55990
42875
8920
4313
40295
48833
58162
42994
43056
40442
17495
45154
18020
29750
54414
15939
35046
54246
55529
14262
33655
56327
59020
37641
33929
45795
20434
10555
33583
51485
53383
32045
19293
17503
41333
38634
57553
22718
49192
26937
7228
35080
58408
25318
391
3552
19600
42313
41696
9104
45414
40850
57846
53452
57787
33387
16431
19461
58699
48560
23577
13084
43754
29895
20544
52434
10546
41331
32884
29807
7122
34914
52045
58791
13042
14280
43362
51137
42564
34927
17286
20518
45584
51024
8194
18392
54910
58829
40083
35976
37592
46290
49442
10612
32209
35965
19643
45180
22323
34961
50042
13916
54686
45106
39434
40845
1991
225
1943
12329
9274
58876
38966
58183
45324
56196
52428
57282
34068
41852
42648
40211
38161
44963
22336
59023
58381
39806
46725
17659
51471
10026
37583
42415
43590
40557
58351
50599
34620
11964
45167
54654
48248
13222
39627
28410
34262
31458
50044
45373
25458
52260
8713
22317
49747
35225
49946
54717
58067
14045
26588
54021
45397
51159
50652
50377
7492
36879
52602
34361
23033
7034
11084
56523
49503
55070
18075
36599
42638
52694
49389
25475
53752
43517
38258
33695
58584
51559
16061
50540
48028
13381
7484
3788
42570
52742
13314
35462
47026
57324
41329
5782
33658
58546
57562
29812
40853
57166
47594
35035
14054
16056
55259
45002
3716
48185
42226
58203
15053
35967
37409
9999
18751
3882
56974
15399
2052
47530
43224
35076
46673
49790
29834
40667
18763
56469
36888
11398
53617
47858
55020
31692
31157
54665
109
38891
42020
46830
23762
95
25652
50443
36516
37166
22999
44153
51858
52818
8162
36542
40204
3397
51820
53191
29281
58312
57417
36849
51108
58481
15934
23891
54012
57512
6148
13154
58597
32264
29110
5795
7620
41412
26195
10413
49313
1125
4674
34785
38173
43843
40551
35374
32053
44030
40281
11350
29846
11437
55765
20388
52744
54982
57313
10781
52866
26586
40280
50893
50817
58209
44956
8298
42838
9280
32579
45326
49715
4992
55244
45995
33696
36272
21127
36226
45594
53266
35544
33675
36660
41267
58685
36427
13473
25470
13057
834
42473
49114
41614
16892
42471
38186
5020
15507
12688
44202
386
34314
31671
51223
50445
12074
6560
45075
41578
35368
50772
49155
48618
12624
23182
56583
37781
14533
39944
55129
50600
10142
57183
43488
19035
8638
51099
23067
41944
30945
39410
2563
52268
14032
27838
1123
53419
34205
42836
23018
27671
48762
39268
45735
11604
33955
54226
40919
55368
56381
34699
9705
51902
54694
38068
32136
37585
37856
37922
47728
2143
34491
37755
36449
20694
46765
6104
2048
36796
53215
14609
57753
28084
33637
47618
52911
35861
52865
57631
9493
13226
16108
40820
11224
56685
9516
26250
58325
54770
13242
45221
13211
26282
23441
13554
38902
14145
4673
49938
41137
35715
13924
40339
49682
20641
18616
46427
13185
33969
58920
53365
50503
2654
58132
39359
57884
59138
36830
17113
14740
4347
42255
31946
19524
14231
18469
53302
43013
43038
48558
2857
58127
13294
25512
86
27530
13478
47877
53665
29194
57796
2484
46208
19116
46556
44909
39679
40770
30109
36965
16576
35238
48869
29285
57789
23147
38226
55969
48119
43272
45138
48696
53646
26163
13848
34565
53064
40624
49899
42145
45462
5905
2059
54024
25509
54640
20366
57416
58793
52366
49328
58841
23763
51318
52662
58134
57233
11594
52113
19284
53399
39739
34576
38789
57559
19051
25034
42199
52699
50177
35753
57371
30071
38123
42078
52015
10729
19821
40217
27819
53066
28069
43919
20489
4869
13993
40927
25940
20610
42596
55254
46365
37929
55447
28151
50496
59184
24837
26941
54332
56699
38651
13091
48604
57443
38921
50933
43862
36262
57094
43445
52769
21118
52126
20569
43405
40552
45302
56567
14021
28013
37687
59206
7516
58184
10798
38080
58345
46110
36367
51658
56362
35738
57283
31512
44640
35343
48407
53702
39222
23962
41303
47199
30320
37209
17505
56003
9078
32709
31497
53032
50057
23855
10771
32684
40964
44922
52123
33306
33280
38628
54194
54420
55530
11884
44900
37547
8847
57560
28561
45672
41840
15151
13347
59227
34542
14744
46533
56352
41387
39143
20014
42376
13997
24062
38262
57839
43161
27355
32831
2595
56565
14105
42771
43188
56242
50937
51294
40467
7383
2089
54
39483
8175
54676
51617
46670
20379
56302
40500
14010
43967
2952
45187
41786
40634
26654
41401
1856
46730
54082
54230
52018
48962
57412
56412
41859
20513
34896
11148
31353
42124
7957
38517
10153
55122
50733
17991
41356
41929
22313
50932
43365
29506
17583
33868
8475
323
32940
33553
42831
35431
11481
47495
51508
42646
56168
36589
9885
13616
54146
24259
53194
55843
49122
36808
54299
33817
33816
55172
32059
58340
25628
41970
58564
52842
43708
42932
2470
18378
30858
35868
38584
49344
48543
9273
3903
53438
28811
23551
48804
29144
27568
16020
55508
31467
12035
16251
3508
23129
50339
54425
34214
58379
38665
49379
35993
40737
37334
17053
28295
29743
5876
55914
24414
47198
4064
56520
52616
18876
57307
52748
40643
39497
40224
431
19342
49781
57482
44176
58790
14034
31696
53572
8929
35894
48994
54681
51950
57076
55110
38380
58837
58426
36816
26047
22969
23276
26717
17412
41601
52750
13815
58531
14396
41456
51151
10582
54318
55211
51556
39960
19344
34118
22447
46788
41470
33408
47202
41093
33256
39043
44902
32247
30085
18194
45411
28238
38122
42434
33585
58074
58017
41572
50794
12416
21017
51840
36451
7727
32319
56722
41260
44911
58270
47430
8931
45999
6640
27199
56861
2129
55181
56512
35079
41936
49847
42184
43220
23384
10670
35048
54762
36199
1523
27461
18390
10616
15141
32650
57790
25929
56780
50930
3218
20463
10155
59214
16126
54487
36090
45592
33683
12867
49137
40233
49061
14018
42240
53417
36369
30323
56632
14079
20012
51744
56830
34250
20374
49839
13943
36752
31731
34018
40981
41110
42418
8620
26767
57415
38162
13803
8192
48463
15813
58758
49706
32969
28836
37012
28218
49353
48021
15064
33834
57691
45381
47137
42115
6268
44379
53343
53184
32679
44100
22136
57966
45767
46277
37041
41065
27881
28978
43006
43077
49320
55953
6109
42823
57828
53972
7407
45347
58264
36274
18365
53598
483
56103
45115
16678
14908
51034
12354
51403
51513
395
20375
32216
8406
37636
32069
52224
43632
76
2058
33086
35382
40698
37909
44850
13625
41492
41598
24450
12902
9631
3518
8973
40284
16014
2405
14947
57085
42463
11548
43601
39531
36795
29861
2738
59218
55071
45785
38620
3699
1875
23377
38070
41581
37886
57830
46895
55275
4663
28490
48579
30683
21036
29217
55043
36385
42704
35714
45686
22477
28528
55146
46823
34007
54128
35408
27037
22176
34087
38969
56877
52116
50063
5542
54300
20380
10872
41684
41699
14516
37940
42953
56201
38050
28878
2312
20057
43450
50412
40636
56218
55636
32456
57746
46275
1197
37643
33926
46998
45823
26417
28691
14780
20525
55495
27398
42451
53570
40221
19030
42933
35776
42702
56399
31589
4240
22528
38260
54477
44738
43024
40071
25170
8396
40363
54461
32448
36141
41769
52858
53508
8328
33257
31865
41666
55055
29040
22175
18
19479
21489
49711
54780
58365
37528
6902
19959
20963
58563
1449
13591
35228
57847
52898
22818
14151
1953
18288
13003
57674
43138
57586
55770
53137
53013
56853
39182
57346
42229
37261
42835
44403
53478
47524
42209
37484
26448
43367
53776
32416
46873
49336
16121
41444
37580
56584
471
57323
13039
41674
42088
54188
8936
55900
6349
42799
39447
31623
41171
34780
22747
8130
49855
46806
34627
43779
55633
51729
34714
35400
59177
57243
40437
5897
41202
25132
46016
12308
45544
57198
59136
30862
2713
1404
4346
41640
15628
31628
29690
32215
52328
29312
44951
53325
57241
52895
45227
28674
45949
27222
37979
42223
42644
17862
49441
11994
54620
56026
24065
48937
57031
41334
47874
57785
17580
23251
43728
55682
53624
53326
51943
11328
13684
17493
40228
41807
45296
51138
51669
35984
57965
2577
11642
15632
35870
52538
999
7348
52612
49734
11132
20306
50786
51322
37026
39908
41513
31262
49489
40200
43277
30400
27982
9513
44894
5760
40291
43182
30936
40230
14076
13989
48428
41297
49058
40069
51008
55749
24921
31552
17105
20719
35636
45000
19456
21757
44974
49236
38774
46265
50762
43026
14518
38363
45177
33341
46947
40288
39159
14512
25905
40081
32860
25812
53185
33376
31094
42332
55505
52936
41659
15469
42410
35245
53159
58207
46059
47981
2386
43260
32409
2986
36435
37544
20367
42392
14995
49590
45139
40158
621
40498
19039
53054
36209
36131
64
40215
45429
49477
35845
53019
37425
40812
15261
15678
26397
6238
18675
45512
16789
53926
35779
58603
40325
55431
51927
49731
45119
20730
27344
15025
45214
44072
14048
58166
34383
34490
55787
14229
13864
32517
44852
28200
19457
11686
52999
32452
57515
19428
37454
5677
12232
41139
41180
23331
54205
15910
57809
14241
57575
14553
4293
33241
44568
42902
36626
57185
96
53557
44761
52089
43078
43357
8935
45890
50898
16754
56060
41488
7731
8233
47815
36288
36151
22711
6211
34804
12464
13879
45113
25675
57614
23194
57696
59270
43049
16267
52907
42680
57577
13218
21
4630
26676
4815
35537
54809
40802
30894
15858
7316
270
7787
37134
6604
32611
35380
30949
44682
55932
3216
57410
50320
39429
46333
36201
40846
35716
45718
52084
17256
28263
25713
48657
56887
10468
17685
17566
40905
14790
48783
49493
36157
43173
8512
50740
10046
35926
49014
53172
24005
30013
50815
45675
50660
43877
53527
48374
15657
47232
47931
58537
14469
51538
40686
49610
52322
38988
41332
41365
41178
8040
54124
7272
48830
52670
17801
12393
41072
24944
58609
55592
58482
48412
41351
50014
50038
55970
29127
23504
58529
46526
39001
27673
16279
41635
38708
34715
50103
44958
39257
11319
51837
40020
23518
40546
13807
47255
17681
2368
53397
29468
35728
27164
12374
32943
4416
31970
7326
38416
5810
36517
58642
31700
59096
42827
34286
11643
56045
42103
24343
32785
54031
5900
8257
58677
39924
45868
44949
39152
56479
27004
14068
58314
41904
46987
42887
25839
35073
46071
31277
42236
1288
28100
48105
48985
2290
43977
25321
35378
49152
56340
42789
46674
51328
58251
36724
43306
34207
46633
54800
39148
58274
19287
41146
17153
50745
38989
6663
27463
50654
46297
57338
56748
51632
25153
57453
40722
58317
894
23041
39180
57137
52066
49321
6263
12979
53088
51590
34700
46655
16240
51245
27626
32697
45330
51631
52661
7634
36624
3924
2910
17494
42653
14716
34640
50502
30603
55401
51209
23795
3733
52847
16272
59169
40669
59272
22656
51152
58027
25974
41839
33400
47437
46161
49770
12268
16479
57880
43995
9228
7439
43823
41371
43147
49850
40730
8452
28310
25694
279
23575
15894
21870
54633
33060
36040
10952
20435
42174
6722
49867
55738
3130
5759
12010
51872
36507
49138
45164
42481
53726
6278
8263
54926
33380
52630
12551
16158
51782
40668
40361
58347
14501
33422
58578
18958
45963
50622
31612
22012
13661
54715
34482
37667
57530
32675
23282
4794
30331
49133
55959
7364
56522
39245
37455
11397
43299
8786
43766
41206
46744
45748
58623
41385
19965
28830
44508
30134
40189
53374
44730
58326
11014
14039
37068
35946
25055
53500
47962
21356
48482
23803
57994
35381
925
34909
55453
52349
45412
10994
23348
53150
29509
39130
48124
53662
53950
41850
5042
28693
2448
5952
42414
57450
53291
34741
13976
28123
56679
51725
56002
35579
53642
50983
50420
3419
15560
11106
47008
9721
15640
57877
14012
44943
42979
10358
30988
40201
28257
40542
34212
30139
4152
50725
7757
36909
19290
23481
51564
36140
11471
12336
59016
53236
13337
42442
56519
36444
23106
55344
14969
53197
40585
35254
10691
45682
8565
47042
36853
9270
39617
36526
332
53625
42019
33879
27490
43510
51333
46050
42264
41569
49183
44725
26564
36569
33104
23316
45912
45249
53084
30601
4504
47375
53864
31854
32810
38081
28027
57422
57889
55713
51823
5572
29437
57929
23327
53392
50744
45010
32503
15882
31993
4011
10446
30657
11201
31297
119
43032
23290
54304
49262
10378
5299
4197
18208
14173
46358
11342
57271
2821
27956
13523
43507
35119
12847
25616
40191
59219
37499
12504
29454
36610
48594
51324
42786
30395
7676
3857
10557
23943
55098
37226
45184
35334
5873
33105
46338
17881
59237
58478
26277
56096
43799
37784
56673
15677
41362
48376
54990
41404
38681
41322
12957
45363
25961
48950
57816
15195
26340
53110
9279
29057
881
46022
57394
38938
6513
39955
58121
49139
24393
23266
14584
49414
43795
9729
47317
17
23649
1565
34179
25526
36298
38399
42017
49027
49158
46688
49902
30664
56217
11768
34181
6222
42749
29485
40470
54011
5718
49011
34686
48333
8319
30905
53065
48443
44430
33823
27812
1961
52983
4368
26565
35596
36054
40382
45303
42670
48365
20484
50507
56841
47228
14070
52223
44366
52632
33326
49602
40520
53686
35107
11895
59188
36081
58307
25805
50045
14677
29226
6657
7425
43018
29903
57868
18841
29645
45425
45159
56848
52273
54522
19729
1173
55210
54278
11717
53391
17982
14865
48922
29790
48630
23820
53068
52766
58361
29201
25707
51488
35089
58257
57959
40304
53790
26481
22465
37778
47172
32385
2220
30843
35864
5894
28347
35620
45580
34972
44592
39308
32484
40422
53737
31033
9235
16150
6466
43014
39900
40176
46554
24818
30061
34297
47550
52024
355
44937
34496
2092
53795
12173
58787
33385
48642
42183
18973
49915
36067
55444
39491
11311
19081
14176
17695
53530
50509
57583
55064
12825
44547
46926
13928
51798
2771
10939
1570
35276
57073
54718
38118
40793
58906
31034
45340
49911
42282
52119
52079
29562
42892
175
51298
19259
9776
36652
15981
37355
58794
50111
9324
37789
54320
59230
31056
51807
16448
48740
49757
57098
12721
31815
49535
6792
24080
12409
13416
54280
35023
36421
11780
31488
17560
50922
33487
46105
34056
36309
53541
42102
48863
14653
13618
50558
42732
2087
33556
35911
55790
57285
7431
4693
30548
1075
43707
34408
46260
43633
42870
9600
13813
57074
20364
16587
57425
56117
41631
9160
43490
52529
39703
3033
50520
14005
36154
14276
7605
24392
19773
16028
57359
11283
7167
43132
57441
24523
52518
28568
4117
56581
10879
34123
9817
39323
37801
20382
51545
47028
36992
40310
29435
54013
30528
42394
15270
53275
22964
54468
25735
50913
14893
13796
26286
53181
40804
39294
50108
40695
48254
35850
58281
58130
39996
25234
39228
52381
50807
15262
22300
34152
36155
21806
31055
17997
16985
10157
34076
15856
52863
55419
20336
27214
35437
18686
9528
36955
45409
36812
19808
41869
5784
42692
58313
52
2505
53308
36195
50190
17447
2263
29753
41644
49216
38792
31032
51167
2623
37233
43559
40609
52050
36962
45938
6878
12060
19525
35480
58490
1933
4122
24458
52310
25578
14083
44133
58224
32494
43155
40389
43333
27636
32123
38985
20383
42754
31986
55641
35704
33383
4919
53070
40461
58901
36766
45958
10335
34810
45388
59068
6343
45287
21222
29906
31701
11954
41218
21542
29409
14046
47564
28732
55278
42432
5676
5866
17896
37871
41407
41677
44461
37441
56998
41209
41714
39599
56574
17951
47216
5724
53743
36222
42578
53658
24552
44225
45025
57207
16054
14863
36314
9440
13158
52952
52196
58053
43321
55813
45410
13031
50550
53947
13839
27140
23278
57268
48071
35633
8168
14063
54536
2101
4278
39151
29269
37056
7033
30946
58113
58363
18792
42336
49863
39850
50820
27621
57260
24368
20464
48764
3978
4209
51652
36013
23835
52136
45264
19112
52711
47562
18671
26725
6930
54774
3869
59193
40534
44955
37626
10786
47948
17809
34954
981
36359
10073
40579
55296
55061
43787
13991
36191
44174
6920
55564
49952
56762
47021
37184
48888
10962
13913
33246
12962
18670
39743
57339
27625
8345
13302
37195
38463
50748
39699
47519
33122
23791
48419
50384
23431
46932
38235
41315
7720
9428
56652
15197
57820
37699
39212
8522
26380
9263
56527
34806
37006
43423
48799
33444
48761
58289
40209
54586
27974
41048
18986
5974
51591
4099
9407
35336
22068
16458
56597
58243
29352
33525
24529
30271
36910
57792
52124
49050
18937
9623
22783
40117
54432
7403
57139
46319
20031
58818
54443
57430
51661
10354
40675
13574
53535
45317
57247
55175
18336
13643
41526
36957
50726
40397
53748
35531
56215
10091
34210
31639
9103
48925
28068
51836
52745
6412
31391
58126
54336
45550
52578
11909
26821
13996
3714
16528
11782
41682
41286
35353
1853
51566
5867
24296
52406
40656
4062
47022
49265
15926
10130
56252
19180
34537
12634
50529
45102
13487
43743
38843
5975
6329
53651
54981
57016
1455
42565
52391
55081
36960
40759
57912
43164
58522
19173
14096
41103
30596
22805
19333
4995
34114
58049
50573
44248
37269
18437
34920
57972
28758
45895
53342
42443
34877
36789
34485
56043
55848
56563
20477
39134
55380
47835
19435
33743
54387
30484
13386
15253
34540
57009
6853
55659
29403
32669
13567
42668
48541
19335
56879
31745
29445
48782
55068
34373
45232
39566
32605
28153
11659
41246
50136
47411
45114
9813
19852
6895
32135
58328
30896
9139
41115
48610
10853
32129
38544
10228
48115
38819
51269
48510
46808
19562
57570
34991
49017
14044
49202
23901
34124
54692
43673
48754
6582
2156
44576
41405
31359
20514
57750
49735
14878
18857
56206
7532
13064
13048
9621
6627
23303
37465
57299
4988
51351
14517
25130
37234
2675
58302
14184
44880
19250
22268
39200
38550
55252
38623
6246
45954
54217
3561
48362
9195
39791
10230
41971
45813
53601
17803
34392
42421
34019
18459
413
36402
34012
47580
43451
53051
34158
43063
40950
9781
47647
25548
37865
57991
41566
57968
15608
35476
43447
50754
43015
48339
6850
46877
40038
35540
34162
57099
51847
18821
56554
37927
47996
46927
48622
54493
50148
36317
13231
45787
25796
38265
24598
48945
50883
56234
4876
38325
6341
26503
20452
56675
32604
37923
50634
37374
56411
14645
29883
16489
22524
58277
46282
57405
54810
41293
50524
51431
52913
52691
29340
10682
56655
42013
8308
54646
33648
52635
33442
47214
58428
7466
47640
10116
31474
6826
760
34313
26201
9335
41922
41439
56847
39827
34398
9498
19509
12949
18309
499
1194
58450
57320
52282
23919
15668
6908
49970
42331
56895
46418
58252
11029
59127
36746
53017
48758
15330
42304
33587
51058
46969
42773
11924
50450
30430
54958
37562
46524
56568
27667
46518
50727
51268
10198
51252
30399
4881
39967
6079
49119
56663
52505
32450
12947
33530
45965
29801
9935
40717
21063
25303
39642
59274
43323
46056
37671
13701
2752
7800
30226
20357
24008
28284
46415
50835
50436
18295
34528
49935
52507
45943
37145
16311
56240
58044
47116
54941
7354
42007
37617
52954
13726
41774
52479
14134
20506
58163
41715
36761
52698
56274
54333
48967
19381
23342
17861
55154
15491
26728
46537
27351
48733
34459
25966
52306
50583
39656
21749
5889
47074
53974
51149
51869
51205
34380
37094
1203
13971
49036
56664
6661
29531
40715
45935
35280
45057
18824
53606
57576
9135
55190
4146
46575
46970
51677
28424
37252
16296
58495
42784
17622
5525
16241
54965
39290
55627
50689
7225
18855
52794
59209
53657
8513
40435
6426
7140
20715
57999
11431
35820
47608
26138
24078
48068
58054
51948
38292
13676
33653
26153
13267
34100
53314
18234
29149
47003
51908
35863
46594
52857
36975
13159
51172
57956
15121
41225
3742
57695
2070
55376
47515
6477
42905
34882
14191
17933
17857
54074
6398
45262
41088
22554
18207
51150
50428
13731
36011
4192
41426
52072
28367
19634
57598
40362
17599
39529
38040
55195
38244
38294
2719
27403
25440
36327
39226
39775
14448
53793
42886
51578
15665
35614
57688
41622
9538
45218
41668
33006
26416
28140
50921
6250
6032
14753
38999
49157
42788
39324
49778
37908
54324
14025
58730
47539
34922
7766
36900
3493
49802
47160
29814
25960
58036
28370
36484
42684
10765
20315
50505
40252
13965
48956
11211
47193
25688
8511
42091
20455
2549
40635
18351
51907
43382
52499
41883
54022
19099
31869
50679
28583
57657
7508
23175
12322
32157
22854
24288
18838
7201
12802
49382
14821
51158
50417
41050
24454
35435
50574
16052
40263
53380
10341
19948
15755
46812
49561
9180
37051
4481
41590
41933
56689
46175
15903
18742
57479
42889
14435
5732
20472
52163
53336
48601
43290
51947
42948
13043
37942
35740
44041
43791
46603
40504
41510
51857
27642
35576
7547
57909
16310
23948
36100
2416
55084
35316
43812
41338
48238
35365
5994
13245
44876
36363
11369
20516
1859
42577
51355
493
53015
45777
36963
50693
43832
44142
50588
12123
43377
41064
19510
51663
48952
9340
16877
56694
15317
6217
55249
18479
24738
7666
22121
45230
16234
53290
40569
23118
45375
53145
49794
49384
53186
39315
15827
46536
41549
14884
8318
19523
30996
9732
49472
57556
36854
36287
24471
51426
8063
11368
35220
30812
43162
47182
47291
7931
42637
31270
58732
35502
42279
41627
46592
54140
24297
23146
41099
21878
13695
50556
58503
41120
4329
43528
43050
3843
41304
25129
34588
49648
53515
5773
31161
38284
33470
5725
38058
29451
43352
32823
37039
34111
55177
47177
35982
42728
34147
48392
31178
57357
41899
51682
36412
41690
23878
37385
37956
29749
7485
22744
11668
57228
19912
23285
9774
49884
49716
25842
58197
14078
49116
29953
36378
12501
53999
21216
15986
33828
2408
40322
49096
48899
33888
52535
27693
37739
3755
11353
1982
42563
29898
51724
14747
41021
41630
57838
9465
46305
55688
9083
57764
57670
18882
38165
40286
37132
47418
29049
29733
43871
12147
37615
57043
43067
6781
58905
2
22266
30426
21644
52710
52884
10601
47017
9761
54065
32459
58231
46625
19462
37061
57414
49642
46392
39487
57368
47767
32917
11811
56085
23007
12421
39753
35410
10548
11082
21551
53933
40432
43870
42405
34488
9854
18907
48926
44352
37900
6626
39343
1509
42829
30755
22779
25687
3884
5019
42179
43493
57385
28164
54331
58737
53968
51305
45208
13089
48719
45125
43837
52527
57636
8744
16295
50925
42172
56550
52106
33887
36429
8648
52686
52028
22506
13336
42383
47846
22260
14329
44406
58423
40305
3837
31222
47918
38255
41336
51536
14710
43448
38223
57234
50237
51189
24186
57493
39498
54348
45234
4208
43180
3357
16350
55167
19653
43720
22400
50713
21778
50416
34740
41083
13941
40707
10885
34697
29021
38201
35842
50851
43483
47082
9820
57983
39331
36290
57220
57115
26568
34103
46736
37875
46385
37058
34112
42643
29760
57803
10577
57028
57310
51959
10804
57376
42164
41390
38234
47733
34015
47433
42885
42420
35434
32354
49234
34572
45907
28015
45558
49502
57126
56094
45737
13164
35632
31484
56650
44348
53201
58912
11085
53297
2152
42416
58108
4833
47077
39994
18884
56653
32654
7020
38442
22726
19408
7230
12760
57105
43300
34883
38156
45178
35769
11667
53212
6900
5797
19289
17508
42743
42396
54627
2763
49072
59087
37733
58416
47586
45426
48739
7618
56139
41731
42308
22228
56924
30752
42665
29034
35659
34269
42326
55229
50376
50765
21799
40901
58723
56425
51349
38822
52931
41257
42003
26363
22737
43409
40160
2656
28588
28918
10717
51871
46907
47546
38604
55630
38285
32655
45146
53443
53099
53644
29663
18259
43502
6755
23225
38515
19355
55272
16165
58903
52719
47497
33375
47442
28408
54946
41210
47947
50039
49129
42494
36512
42631
17710
4903
8321
54793
42774
13419
56084
18728
54753
37612
49750
26402
42959
6870
29916
41423
23288
18972
46630
13811
57998
59156
57616
15737
11847
57505
41580
38212
30107
58015
14810
46288
13982
36297
55920
35972
24431
28992
39387
54454
2171
49067
52221
4987
57565
12083
56992
18136
23904
44545
47583
3067
40313
51478
16783
40740
45951
31163
45183
41173
57817
8223
37810
40402
39272
38633
58039
32736
54730
37464
44272
15102
49245
8352
37033
59111
8865
11863
25585
35413
4465
42547
15522
41112
43506
41061
40411
30230
37652
45818
1915
42558
1465
25846
37197
53659
55153
46317
54816
53903
27154
19415
50089
57059
14069
2657
36577
26896
46344
11758
40785
53175
4091
25493
52146
54525
52114
26344
51238
19817
48193
35186
46321
52984
43968
56856
42790
53499
41467
55253
33543
18296
40655
40282
9240
51819
44817
2867
3206
27629
915
16868
56339
8666
37754
52918
43583
2007
50253
56440
47572
34131
5227
7652
47802
42170
58050
36899
59170
24318
43896
34218
41606
30343
42917
45768
53621
20189
22168
49754
57408
55778
23427
52225
14955
57420
50245
38170
47058
7975
44975
25135
31308
23895
45066
42266
30301
16621
10149
8463
22148
46915
48345
44161
23893
36337
58654
41252
25393
58352
9505
50150
9061
19246
19553
29859
7221
33080
44021
48653
47494
18464
43861
34911
11432
20270
20711
23466
24340
38953
35108
43729
21910
18445
1954
45811
41010
49334
50695
48663
57933
40826
3145
56029
48222
47135
45043
44415
57049
34171
27999
50731
41893
27714
446
32304
51699
45199
53148
34326
34820
57109
27429
8704
53271
40527
18868
23077
20454
53180
39792
19237
7760
14687
12890
41516
50022
56313
50571
13338
17967
56608
58897
32948
49387
51437
37341
45105
45374
57861
25211
11021
36908
27232
40862
38239
48995
53362
33212
34554
2716
57143
56926
57290
54660
32196
3158
34453
22988
14694
51760
47246
52157
45070
45371
24306
46582
27786
29148
42672
46304
2306
41337
56959
48341
31256
36246
46647
25451
3238
33666
34949
53513
35406
44978
19194
48142
42417
51007
43432
9225
33440
33271
45163
5887
32888
14347
50072
50718
38532
9906
56990
57866
56646
20542
13744
42937
44617
40703
48441
41843
51011
9034
55858
52519
11614
34734
44887
58016
9268
22532
38257
21164
56704
53603
36016
37868
50812
55977
34596
8938
55042
49567
15359
51068
46722
45817
31765
41144
4890
19507
45460
34407
45852
19339
18308
49199
41963
23604
2305
27793
41283
51321
6208
42468
56984
14100
46134
4092
8326
23798
1232
44149
56526
36939
54666
9248
29469
49748
38542
25460
47438
58404
54601
22920
43481
42162
48059
48373
53745
15035
23162
45352
58047
39095
13529
4976
42138
52896
16527
57116
29263
236
51386
54741
18765
34289
27797
44739
17354
31808
12965
22217
44224
38866
47043
31045
34427
14867
40063
36217
28949
51646
35185
49638
52085
25299
10655
42976
59155
25672
82
54347
37832
48232
3385
2035
20465
34476
16580
45901
36994
10449
36160
47361
36568
33641
46886
54085
48179
34206
23754
58399
49469
4387
22558
40289
52151
49786
49881
47476
6387
36379
52115
50064
7450
45973
40626
55119
19454
26720
42026
45095
32290
58683
6629
26478
49440
29856
56726
54115
50842
36048
42573
11559
42077
57111
40056
40852
43500
31550
46658
41011
59255
1228
26224
6337
36072
56515
2568
48307
45940
38495
35302
42872
19728
2208
56051
54979
36028
26024
39861
11784
13768
35656
3302
19269
28649
55517
24102
40011
10256
26294
44916
56753
43389
58582
5796
36886
28328
6633
35308
12692
11554
41664
39231
58219
35092
46267
34718
7981
18002
38914
50079
19447
6315
37972
47522
30639
40159
53787
7404
30327
40574
54772
5394
48086
36915
50523
18466
14462
5884
30534
58115
44223
2673
43317
9517
19057
41540
42512
23304
47065
51214
30897
13711
36831
41665
44832
49386
6485
57981
40781
1540
10681
36113
49370
35848
36328
23691
56970
51262
51065
41858
49293
56164
8561
44172
54274
56101
31182
26172
47651
53976
47978
55929
7319
34788
22190
14718
51391
21411
48209
57737
31896
43920
23006
35672
589
39096
22501
27615
47498
50856
6845
40019
42722
58827
57590
21634
884
7303
58034
10658
6185
2695
47968
51352
41273
48921
26519
6206
45939
48242
34891
39972
14715
46294
53663
14851
27989
15361
43737
32583
11609
35952
53112
52112
46512
34580
51822
30535
42159
6031
51037
36124
43242
43462
4194
54736
38159
3825
41871
54301
52169
33748
776
49534
25481
42778
56259
50527
47212
42136
15864
56905
56991
3270
21659
30006
11718
44717
2707
46645
28808
12182
56801
11513
47398
21384
35731
36125
1909
2463
27732
27325
50751
52118
40380
8510
42733
47666
46139
42435
45769
45186
54416
53357
33703
27342
44563
16508
14418
37093
50709
35335
44647
57900
46951
15869
7203
44125
51645
34858
1341
28136
41366
14555
39313
49086
48518
12297
23235
56392
38762
5727
52683
5822
45225
54618
40664
52587
46805
7630
46205
17426
17871
5877
52473
26191
56843
52582
47560
18071
9525
12279
3235
58180
56559
6417
35212
9251
58258
1099
46853
58698
31368
41033
42546
49528
7315
45950
17558
40731
56824
29945
48191
50418
40946
57418
34641
5546
53538
33258
18285
53062
45837
50806
55820
3724
25473
5692
43232
35440
35061
47496
42175
58021
46248
18851
7371
35884
46382
2166
35244
50846
35759
58181
48010
1021
27614
49973
16047
33483
43790
45408
56133
42599
59191
55012
35551
1693
8145
40789
26743
23078
58504
38389
264
43540
22582
35951
32068
15740
43399
18410
37290
9426
16633
28953
598
53095
38211
48298
26574
7663
52411
36130
50653
59050
38360
53016
28543
40971
10527
48089
57431
44743
59224
50477
37495
41529
54546
43857
8754
58629
29756
36164
41361
55063
58766
18969
47906
48052
41608
45956
35992
39981
40351
2149
36515
57897
30670
41198
13139
56813
49809
11194
29138
57675
40777
38771
18135
24184
56225
52414
42995
25280
37529
7393
51103
52718
23233
53154
38637
57210
30556
58385
57745
45492
56919
42676
31969
38824
57472
476
39327
45244
52232
27315
41673
54212
13078
21197
40934
58122
40592
35310
16517
35069
53434
28971
33462
25421
53985
49454
41577
37545
53645
37467
34893
15460
11026
23043
3164
31477
52619
6487
48703
59205
57465
39404
37742
16082
58974
41087
39388
14197
45093
19202
34639
3726
58376
16185
47738
43822
30413
54323
12997
31615
30035
46483
43897
24731
54055
1415
48954
42488
40345
47181
55471
40912
59164
20570
38531
791
52807
42204
21189
51574
12276
41282
16949
27434
9291
35937
23210
41019
17097
15431
54902
7711
16193
11035
46930
16940
36983
46709
4187
16895
55465
28638
57242
36346
26555
24592
22938
57808
44755
40348
55432
12855
4339
53056
49576
46315
4424
47489
14017
45014
51107
50485
37640
46291
42758
57190
31468
50368
11161
8388
26749
32301
10886
39112
6231
22634
51424
38652
58919
39881
35589
43178
41876
28627
23539
37217
20265
487
52481
53304
18186
40114
35450
18922
54734
37365
31204
53348
18818
7270
29984
1908
12401
38374
40450
55161
54787
30415
32151
58269
37315
40829
31197
36156
280
23940
22032
50559
47689
37103
2292
42227
5865
11945
49112
26094
57638
57857
46971
25133
31481
6046
40725
31782
41932
42562
37731
50070
7530
19260
2230
53366
56850
28305
35446
40767
42926
41641
11770
42286
35504
31951
30052
37105
46732
42891
6434
50962
37866
40744
35363
14892
30696
6844
35246
5944
39626
10321
35371
34096
40631
27876
48076
56186
28365
6671
20235
47005
27527
33634
32703
22350
54150
41952
34912
23853
52574
44632
57936
759
15583
44824
41575
27723
53590
1041
51688
36256
34541
6486
24801
37152
39985
47997
37890
24833
41078
46223
22695
48165
8517
40270
8640
9981
48182
11515
56177
5716
44928
45848
8420
36869
47492
35084
22162
46555
52464
56536
17988
18322
11032
33231
31192
49991
10604
56582
51832
32556
32615
18258
45903
32346
35031
48878
11453
41016
59153
2784
40627
40434
55197
9311
42046
5752
24872
44923
42224
51664
16337
55227
15033
48036
57798
10646
10355
2665
9437
41671
49803
44332
52717
9796
50603
31087
33242
46460
2202
55572
43341
28239
6522
52588
36676
55164
16522
37210
46643
44609
15203
23416
22307
10775
16651
36433
14218
38018
31879
56545
55479
47680
26100
7160
42837
25237
26328
44409
13305
30115
34662
25700
18503
5036
50087
39536
58223
40607
59246
57045
47509
47427
12339
16636
35332
58581
45619
50288
40519
58235
4137
115
31438
51561
37540
21006
6565
56875
57726
39866
29191
4342
16831
38527
55622
13415
54329
10678
27660
36776
52517
20510
34467
54836
46792
43154
57779
14880
56682
54343
50033
33561
58236
40997
39211
2243
42213
11833
32859
43603
50633
28724
7215
57121
15779
13530
56907
28555
42382
1202
48430
59058
33853
54250
47829
21788
48439
3749
49736
40887
35750
26253
56700
9087
40116
38240
39131
36742
38033
3722
43243
53692
11605
42540
36118
23522
2840
20188
26135
54748
58743
42947
58172
29708
51056
34751
17884
50255
11389
34021
10383
46494
19265
43652
44275
41176
47842
32480
33276
12438
50491
59082
39029
42440
53332
2246
10738
58682
1256
3080
45806
40409
33831
18169
39424
40640
52894
45361
41508
42907
45851
56137
29712
7850
35032
9639
13812
34918
29585
34653
24791
7019
48062
56658
53647
50015
41468
1114
20288
57604
43497
3242
22795
47425
42310
38907
48516
31735
41254
31829
41175
34943
11020
4306
31445
48189
44103
6415
27688
50006
39449
37804
17576
40948
40168
52733
50795
49789
30904
51432
35610
52086
58048
40526
20393
9213
11092
58092
32957
28838
40537
14060
48735
8497
17407
56639
9681
2482
52267
27810
38679
49364
33677
36882
28894
15029
50399
16159
46417
41157
9073
35021
34945
58383
52939
10050
48444
23986
28025
8609
56871
47669
41153
8867
28205
46710
9211
34510
56591
18165
38194
40658
1645
45928
51777
49666
9494
18467
8944
50029
43625
21575
35827
40161
12608
30382
36025
41505
18933
38387
55075
13373
56116
1654
24464
54755
20566
36845
58309
51367
31016
46009
53002
9164
49697
28923
9675
53327
18685
44882
11763
33253
18500
5339
46986
46546
4106
28342
56138
56709
11329
46590
43602
48458
34481
38154
48389
46811
15637
37386
29388
21949
18403
49917
14064
5860
58299
34898
45354
24477
49131
44296
51621
7806
41573
24769
26878
48046
57883
35789
48848
50620
26861
50317
51143
32353
44574
49134
57802
8001
5776
37937
49815
43404
52551
33729
71
51985
40819
27747
45449
35198
13601
29010
19689
23700
22454
9713
23124
23827
31231
39552
49701
13219
30729
28369
32639
58565
42873
39183
39562
33830
41324
9269
40074
58660
34774
7369
40021
17941
33909
51216
58343
29798
24546
49051
57594
9908
23238
30686
3286
8052
52424
44976
34577
12312
20734
49959
11585
39171
43284
58131
49304
51562
53119
29268
59123
43664
48535
29402
56049
35573
37820
37411
38204
18176
20593
13849
29676
34230
30236
36551
50840
52696
17966
40036
34349
58451
31963
57976
34742
41281
39135
23179
3030
36097
30077
20498
41328
53466
46961
52593
41309
53208
23065
57466
50555
53697
50926
33933
49890
36220
39371
6184
4238
14457
49553
10958
7932
54101
24145
42618
46440
2039
28047
57932
14300
56542
41828
30432
45969
16909
50459
49838
34736
42076
23038
49097
15803
41096
38288
55946
55286
44369
39986
45677
15194
57091
42549
17063
53073
39281
17571
39381
44519
12686
27575
39122
39186
36998
11658
57424
58928
36872
40294
37960
24295
58160
