42798
6241
50115
5741
52640
36270
14987
54662
4450
20577
30995
51242
28869
19098
37764
5029
52709
16844
32152
34479
57063
38523
11030
12155
49936
39284
58888
41403
13585
34215
34962
7424
52881
58718
11826
8664
50162
38883
15620
43186
19542
43371
37676
34605
55142
57064
13170
12827
1830
41352
24335
31421
47063
37714
57791
28109
45441
45581
9834
33650
46419
17454
53701
48652
9063
10395
40630
15286
32897
38598
23200
11805
12487
45447
38874
37486
57760
15133
2819
15762
12143
58308
16189
17708
42087
30384
26686
27542
40978
32422
44422
36571
51459
13012
32104
5407
38864
49916
11338
13883
53241
53518
31475
50774
11565
15244
11412
41712
22934
41719
49276
31203
22443
38857
32685
14383
13250
14578
24169
34790
29472
5881
52672
22379
23339
50861
37706
54222
8329
16264
38553
38979
39581
36056
42139
51131
53404
34146
46852
45849
42098
51686
45470
58206
23849
55450
42355
52142
43349
39119
10979
48784
25466
36468
56434
38078
35138
54815
29287
12480
33781
55458
14751
23553
9095
32768
38400
7741
19818
15638
39230
25062
17830
42714
42230
38977
40059
41212
62
48435
40369
53288
51246
36419
23644
39610
4333
20181
37899
32838
19863
51170
3421
51101
24381
33109
12472
58189
54983
35377
14910
48102
29456
6864
34507
52877
56000
56606
53250
54726
18539
24746
53042
53553
24881
13921
14209
51889
58637
34567
40843
40419
44594
34924
38948
41752
50847
39868
47942
51346
17723
4191
42201
52875
46876
15018
59210
17313
14617
50153
14154
42200
12664
11986
38875
18573
56105
49726
41255
7966
55733
57322
23704
23565
8656
50855
31212
38227
39763
45705
30586
12766
3391
53233
11377
20603
13553
17530
38972
58080
33351
50753
46013
34020
54183
40035
27117
51531
5878
42085
9540
45228
7754
37700
10173
13674
24339
56019
38629
18572
6612
6271
22417
12868
53411
43227
34643
30447
50612
32625
44986
29443
27915
6611
12176
14872
2965
52985
6759
4088
23198
39437
21087
34344
58492
39600
57511
57114
8138
9920
8169
27189
25826
35498
45448
42900
5385
15538
58488
15729
21792
17712
51147
9522
12891
37991
4270
11415
22188
36615
38147
53556
7345
53522
53225
14385
50007
10812
20227
57170
12756
24207
4871
34609
22431
31267
57301
53414
40652
53301
29819
7084
38892
17338
57600
6010
57532
39882
8278
49298
30021
55325
54531
50581
58195
15275
41391
57296
26869
16009
41276
57634
31404
26986
21966
30790
10240
57606
6761
25614
28406
36377
12417
497
7123
23484
4954
39047
32543
18199
47626
24028
3538
20718
51643
38133
5678
8472
38511
34599
52144
5998
33913
43294
16207
39063
5579
38940
42783
56927
52628
38970
45383
25141
1636
12609
47743
5412
39553
30602
39885
47315
14437
53681
3900
32749
52140
31250
16761
18067
34309
53116
2135
39270
55756
37295
6788
41150
40951
51970
54237
44089
44349
32366
4462
40954
13240
59088
31832
33893
19610
27613
51379
51427
11972
51644
24850
53227
54440
27707
39771
13403
19111
38203
35692
40665
8400
47663
18940
25575
43285
53782
4417
31426
56636
58422
41360
52132
58394
39765
16750
39769
5448
14513
54698
45137
24976
46065
45144
37182
30623
53355
39478
17644
56968
14370
23178
35412
46055
57720
23708
27717
49835
42744
42150
4762
56678
45759
12844
34533
39196
52305
52078
50986
32584
10896
47421
37342
20911
7511
48559
7109
39398
27992
19695
50825
31119
34551
18909
17183
5743
11488
32
32306
41838
27748
57491
56739
51255
23957
41784
38904
39894
41947
35339
38526
35651
53428
35801
20954
33281
41301
57291
6368
38031
57460
51565
54328
4178
22842
55798
42189
26072
30916
34527
44979
51186
33358
18420
13846
38733
10474
32608
22995
23621
56616
37448
27400
57668
29180
53403
57662
45127
8942
30039
9201
37057
2422
41295
41188
55980
54880
57771
37690
38975
49688
8757
50832
41925
57000
55807
12023
8152
58561
35991
2850
11798
29691
24878
39105
23785
46899
50333
52729
8898
32311
14712
14657
14026
10959
28632
58557
501
24945
25157
10592
13412
42180
27343
41287
41873
49813
16199
36020
45537
53317
52644
14734
39494
16110
25189
19164
45746
26149
37978
4488
40354
49402
34161
20220
53735
7452
37277
19506
39176
42253
57309
55489
14014
18271
46407
32575
44999
38967
3156
47068
4892
50511
47806
40471
46069
38273
52674
51451
42850
29797
14862
20604
25938
22314
33170
26027
22637
41571
40167
53705
50703
58520
14540
15988
42314
27396
33796
14521
37578
28973
34904
57548
39188
8368
5403
31181
24828
29793
42796
38125
42580
16248
56195
29669
50614
25590
32574
19441
26569
43440
39502
2972
52685
42444
11654
22154
41837
12505
43415
46283
38965
23636
2112
38276
48687
21424
12995
4309
33343
35264
30354
46093
53339
12822
35433
37245
51993
58242
