52445
15002
4838
47078
37271
58627
30132
37397
20590
6610
34371
33300
23174
33767
9439
1838
58726
12209
1104
4873
32513
3779
20124
42661
4813
41030
47363
45976
8612
9023
28476
1605
51547
29987
230
31834
37329
31653
22706
58310
33471
35743
21005
23121
19613
36722
1016
4880
56951
40743
29520
7577
37220
37895
42626
30607
58900
38908
32938
33808
1799
30059
45520
13036
38409
15295
44605
3250
53636
28129
39758
12625
33899
32868
18152
4314
44783
20016
50293
34584
27184
4302
48201
33898
40533
47133
48595
55324
51119
52994
4365
43589
8914
3902
21000
1801
58985
29257
2342
20090
34079
43807
13129
58962
40016
49769
1361
47721
30970
26198
40897
6360
50984
32467
58571
34959
37600
33764
32784
31618
18741
3982
14826
37678
31642
51517
30234
55780
47724
30842
1006
49623
8639
13020
37309
44251
21278
21657
41070
3412
33031
25594
58880
3469
1588
29619
44066
37049
6090
4047
29525
33162
10913
55369
37292
20961
45261
12009
24156
21684
8254
32914
958
33463
33890
46476
10068
765
26144
5854
57954
15302
7041
8771
36861
16211
45342
30386
7877
0
50350
9204
4236
30956
43948
1580
31836
39734
56727
28612
36060
53724
10570
55269
33870
54476
44763
31543
44676
19463
17797
38385
30173
46495
49844
46095
41449
29860
33792
20871
39093
20781
58647
22608
57034
48174
52651
13599
55888
26781
32417
20078
58847
14277
13947
2320
12169
31506
21393
45295
16043
7554
716
20025
33684
51410
35050
30604
1564
28437
1587
42525
35920
30090
933
31007
33544
1403
18444
31893
59125
203
39943
46191
33934
38309
33533
11704
14471
44651
31722
19200
30391
58885
7144
2541
31948
35791
24995
56322
50870
4128
58715
42811
6388
1510
30306
15551
49873
10990
22505
1765
8457
48154
10348
31771
39815
19629
32038
30092
55574
2241
8201
13285
40
31108
17205
2516
30486
2523
6974
42760
28419
33297
18569
50494
27196
43972
32103
1502
42036
17060
48203
7808
31170
31613
30831
2120
55660
24366
19551
16383
19978
40247
37704
51264
47235
31186
24149
44615
56993
45210
32408
28138
56309
56728
19593
1177
30192
32031
50181
26755
1822
54919
33301
32388
7258
31228
28252
29311
12559
40684
429
20032
40866
19211
1381
30575
44634
40797
15783
239
1569
25533
31286
931
52821
11879
1525
33956
45553
1417
43457
53946
30500
31916
23371
33460
30075
26827
15539
27150
42679
25017
56244
35825
6752
559
35885
3321
57863
56778
42955
42683
21503
58832
32052
12776
29286
51447
29606
41108
30868
41792
30932
32101
29941
7055
7099
48023
48887
29950
31695
30922
54575
1644
10239
49272
20066
52240
29556
22728
30458
475
31688
32980
38488
23994
32551
3150
31233
1400
35787
33489
14922
35124
52731
15465
33516
55618
7261
27134
5940
28074
39214
32137
24245
40723
9582
18045
28394
50877
21442
26845
17978
32842
43074
59078
24173
49795
12242
28082
31983
58979
54489
1356
28415
15042
24568
32368
12992
31748
30262
8067
17357
313
57891
20027
33075
28481
4422
42866
30875
7062
33048
17742
29872
10212
10968
21911
22519
33000
53559
32863
34203
192
25241
30990
13295
44372
15768
15379
32087
15020
39537
37019
29527
47775
41443
724
32815
43292
29937
27143
31708
51496
18609
25753
1183
10191
13578
54424
53514
39511
7990
39577
40429
31173
29558
10175
31572
5675
40531
31888
20137
57051
19983
31716
49888
6421
30465
29999
39906
21446
31526
8603
30165
49722
54921
11639
48251
18143
31755
21429
11093
41801
21688
58728
31705
32600
31296
32322
33979
31492
877
29604
32242
23497
8674
32851
18184
55704
29651
33895
43520
32356
52783
30393
30499
28425
9344
48131
48087
1148
28477
3893
29406
46136
16795
20200
39692
15870
23656
36532
21181
44395
35133
29948
24060
6807
20319
26618
22892
33093
31814
1436
3540
18589
21328
3417
39746
30190
9445
48011
32581
42120
31165
34341
32387
34509
52533
33087
37201
29542
37847
18049
52392
1545
14510
34869
15514
45150
15425
44393
51021
18316
10406
2508
22356
41101
28076
29855
4754
21011
27948
33473
13327
29704
31598
1193
32972
52175
17743
13257
735
30082
32899
32857
24594
52816
22847
37364
42871
31121
952
24843
26182
26505
34329
6769
29742
56465
26432
39054
49639
30270
31863
49721
36559
40597
690
16312
10009
14390
44930
21720
4219
32825
44121
3392
25703
1513
45431
10058
46236
32922
39681
47368
8614
26770
4380
32206
28087
28509
9655
28152
18189
32032
1893
748
19572
18959
27186
33679
9826
5405
44736
24749
19987
337
38937
31208
24214
2155
51516
20034
156
41230
35527
33067
44670
20037
12540
33859
21795
3602
32018
39838
53157
846
11781
27781
4353
33004
18137
52316
33293
10505
30517
31551
32522
30470
32014
1427
49664
15811
22173
29975
29878
31614
26853
46001
33101
18179
24360
30880
44886
1184
58663
19949
28016
1598
44237
24642
32162
31413
28449
42517
11685
6317
11606
46162
43780
1582
27591
32844
40600
294
14254
2561
3381
56736
20093
58014
32081
37151
52229
27258
111
40959
14401
51733
45306
18647
24972
54462
39813
56804
43716
30555
44614
47355
8423
7035
50789
11156
20155
18771
42600
31817
31349
31667
32213
31565
16966
46477
45224
3704
33390
30898
41497
87
13559
29946
32021
37858
43467
33025
34036
3706
39251
32837
6041
18637
155
58770
47823
28351
42609
33145
13558
29185
24548
20969
30545
28438
54594
1770
1604
24852
54751
31333
4299
9848
1620
1567
52653
31089
43997
51913
27105
30981
14288
56732
13330
38849
30475
30379
18278
28479
33636
1398
12103
38987
7092
18095
44526
21487
6540
8652
6018
29821
105
48884
38882
33291
38454
46871
23048
53582
14697
23770
52219
40599
33985
8701
58583
1907
36467
38146
42114
12078
34428
25644
30068
11939
39887
5963
970
33050
29500
13565
17930
29545
24251
14441
55792
20140
29920
57613
26840
12571
44668
15904
28085
21673
14466
6359
20131
31752
39690
54097
38435
44010
6055
31495
31244
30277
2691
30537
582
13760
6297
41534
33458
18197
12500
53484
57876
59037
33181
55474
39463
44392
16117
45428
38508
13513
7865
22075
21376
8695
21502
8409
21458
28932
19373
45567
8185
30635
9864
351
11762
2606
29293
31289
1592
43661
38317
35249
29253
38706
2520
33319
29857
541
28609
42038
20107
34075
52756
7939
20206
30827
36473
10108
43970
1808
33046
44542
36976
31824
19588
45072
40214
21475
25625
902
13504
8819
23271
37124
41242
7659
40915
21280
7611
38401
4007
2161
33055
43122
55926
40870
30370
14538
52584
33479
51593
31792
43140
47805
48210
58275
33756
4101
28442
23797
31730
30116
8645
20555
24068
28052
42630
10037
30943
59102
32926
46187
40108
32986
44498
1456
50186
9792
31110
14307
15373
3382
29955
31785
990
42735
52827
6774
22035
28014
12355
32357
46972
31276
18021
2160
31562
33237
38370
20398
45333
33330
49986
3603
20614
55279
55671
904
26209
1176
13070
7624
4493
1797
6561
24802
29491
33049
38443
2336
10066
3194
48035
34116
38314
47147
12210
15320
11464
43958
21418
24647
30983
30877
45979
2079
40513
29890
21422
47839
35588
31116
20110
39877
57676
37236
32537
20535
42491
10379
31001
31661
47180
44488
16735
58576
36884
30218
48773
42645
21121
12803
23660
10104
30122
27663
7661
51041
12334
33701
50280
34529
47270
23060
30662
44816
28618
1507
29966
31402
1162
29523
18273
31632
14237
35202
4793
21434
21199
32529
12591
33069
30453
35975
32918
46446
4080
44866
21689
55220
260
13014
31652
44428
32518
32023
30521
18131
1865
9361
30081
4682
28396
30774
21309
9831
32688
18596
51917
30261
29009
4908
49423
29615
53261
31327
29693
2251
32035
43693
55585
59006
33338
33389
5723
26147
25521
46775
31017
179
33139
30158
10333
32973
37799
6728
55005
12463
58708
32271
3435
7061
14552
32861
13311
6890
2913
55440
20096
28798
43913
49780
15466
3698
2384
38562
26669
48253
30063
20092
34934
33488
33161
29613
9802
33616
46210
18418
36679
36499
38444
32004
51518
58944
26
15394
59
31961
9350
9079
8895
29251
29894
22038
29721
35891
12736
46145
24912
1585
21277
58534
30188
55507
18773
9650
4667
30661
26504
23166
21413
36592
43324
41340
7276
33238
18009
56613
25902
28405
15718
2107
44481
42664
48741
1736
42479
4376
28429
17741
21801
17824
14461
30510
56729
1201
21436
9809
49665
1012
38403
32864
33672
20341
4031
22083
10204
25286
14354
36575
18451
3910
38032
59072
14416
18431
36394
35575
34405
4395
33015
11390
42047
53230
1730
38413
9766
59081
49378
4362
29892
35085
15797
29980
4480
30024
754
6964
18328
42893
1522
21729
21453
10170
26762
14704
2188
30242
35191
33623
945
3664
26846
45323
48682
51557
34478
7277
44859
51098
28056
42624
53660
47796
43279
12298
31422
465
32011
31685
47838
36927
57620
50294
45267
46500
10297
14304
33163
42986
51979
24124
31269
40754
1378
2669
3525
49204
58954
11730
38395
10013
39772
33378
988
41995
20095
23699
24967
36537
47803
27926
31508
30523
50907
26714
43658
41504
15354
30179
31319
40704
34387
40393
29968
40421
58655
30193
8071
14236
22435
54994
46950
37186
34040
24134
8922
53493
16790
45533
4479
14365
1602
46493
43429
26480
21317
39824
1916
37428
52394
13912
49530
57029
48501
18577
44835
7551
17341
44636
7592
228
32723
1824
50144
38037
25757
31305
2419
45305
32398
14954
35203
14349
28187
1518
33076
44175
35919
11932
11056
23034
30401
12874
8846
17458
50373
44814
52339
5569
22724
31381
33057
46729
22866
57103
51164
12383
28271
22556
10834
2709
29915
37521
32007
31086
8023
32586
33391
31704
21007
6892
33209
30038
54473
1802
20038
10907
45355
1615
31155
27433
46885
1118
52788
49912
42248
992
53865
32064
53921
41026
53262
33627
58823
30237
6704
31011
33020
59100
50160
30045
17399
30055
6196
8536
31207
367
18382
32987
36133
29
48561
46696
42084
5742
40682
58466
987
1703
9739
48529
30991
31684
42480
946
1091
35367
24949
31211
33269
56251
17993
3629
36095
6323
32195
31136
8
28102
8635
6732
31818
38141
49573
27790
11418
33712
31759
26608
5827
31937
42338
18028
23650
700
18139
44878
38721
30795
2775
33074
18068
35270
57037
58515
12938
4363
9444
32887
4093
28099
756
43455
32498
55832
7051
48832
30047
48533
1238
54716
33902
13557
1533
58063
54598
6332
8092
7765
33262
51737
8102
31557
26943
30646
44565
44052
3576
46505
39929
20045
33041
37187
2435
44833
10668
29893
31654
53867
44624
37572
42770
44650
27415
49984
6411
23093
33195
9579
30508
20130
6757
32191
35090
43901
15823
50568
30982
31564
18803
49263
213
23999
15742
58442
33991
33354
44220
