30200
31334
21010
46459
58625
9737
18225
1439
9076
1553
28020
18089
36331
39080
49861
9795
30487
325
16313
32341
33903
31339
44646
362
31555
31973
1386
12026
2938
52784
56884
44644
1825
1666
31718
20080
32984
30405
11729
33316
33042
26949
31179
30145
31906
44641
12491
33848
22802
16358
32189
37122
5856
21650
21477
21674
31892
53044
34070
17935
18202
41472
22925
43580
26752
32507
50885
32935
10055
43529
29942
59038
31025
30002
34701
42344
10605
20068
49044
32873
22557
30963
33436
9168
29965
54578
26831
26170
55771
32379
31177
30103
32939
28445
58742
46410
30835
31868
45406
26993
51203
28398
26805
33457
32932
18906
30057
31907
31125
8643
24143
10060
50490
32740
39820
33711
30438
14757
26526
36656
31290
33459
19649
33315
46956
21441
11855
32934
20153
47490
26463
19966
50969
50118
36733
7959
31949
38994
12364
3888
229
22915
49857
20977
47378
32350
7546
3707
5920
2205
18598
4050
30938
23109
46817
34041
30126
32924
41364
20063
46904
13562
6724
31021
47935
27464
33193
4065
41040
12253
4355
46453
