13914
31403
22571
13076
48587
44838
5399
23558
57719
57478
19459
10625
22546
13115
54624
21866
51230
56645
8562
38514
56604
25524
54359
10518
37766
48860
32383
44934
31196
23845
14737
56461
33763
19522
34908
49909
36496
39397
58724
46984
46279
44989
23753
8650
10125
8489
24390
42970
21895
47178
20862
29330
16156
22468
57144
20953
30403
19847
3023
30412
31761
44029
41402
43248
34445
11629
30275
38087
39670
50335
13135
41687
55241
10445
9663
6632
8291
40910
17691
49533
49461
48413
3500
32910
27598
50971
35458
8339
42228
54791
55427
33654
37445
49374
41378
7192
15671
2341
54435
5901
18475
6437
25690
50663
3481
49509
33129
4319
29636
2254
58676
34784
41310
10889
30338
13534
26180
41357
20763
12960
8776
37470
59035
19630
59054
14493
36587
32119
8255
14604
56500
41250
54834
48896
12990
2100
30558
30260
38607
7210
33779
22865
25633
19535
9322
58810
33203
11793
41141
42108
54628
50281
34085
39269
13204
33896
31063
34415
17121
51345
35444
47597
48118
35188
52598
44587
51676
54843
24092
53007
4386
20856
3247
36835
26230
57337
13614
35206
52781
49791
10620
54342
3897
50202
24712
11504
35102
33578
1098
39766
40987
30023
56624
8772
47864
57003
27973
37053
46741
50275
41550
57566
20802
35699
58366
22458
32418
47536
7434
12734
25345
56131
7175
38740
9874
31629
38098
54588
40248
52678
53629
18794
18177
50325
1001
53235
53143
43375
14467
33373
11989
35445
21840
56659
6414
44055
11651
52138
13837
19910
3143
28664
48935
40984
6176
48780
25089
50813
38530
56573
47824
43177
33324
10450
41991
52216
55058
57269
49039
35470
51090
19794
48015
49620
31940
55400
52251
36614
41695
50626
54136
40368
36168
10090
41410
41637
43759
19942
52402
47825
33552
18051
30042
13644
3750
33681
24469
32548
47710
19662
40943
54027
34825
33788
48229
9469
13244
35574
48534
54619
55460
32364
16186
48351
39060
31379
18185
59091
37347
42346
55224
5923
18727
57306
34789
51920
49439
37285
39631
24795
31855
6576
58672
35652
22956
35601
39696
26033
22289
31114
23590
47653
19867
39954
46697
45198
35326
37215
34154
35086
2133
56745
35657
55123
6266
30563
31898
20618
22027
13938
53076
41238
47308
21658
50244
28721
48934
27677
42541
6244
41599
31974
59042
48186
29632
46816
37877
42289
39311
7146
16446
37815
51939
30187
30037
32988
52522
36497
45329
46762
9418
3231
13692
46131
57383
34880
25798
33355
37340
23624
9318
12152
52450
33466
47601
34376
55801
36891
7436
21645
50481
54430
8825
2176
48537
32252
48546
23521
13865
39698
24688
37702
30598
11472
51878
33277
33359
36705
6813
24790
23799
58509
55207
32009
31091
43271
54611
37635
14917
44741
10455
22562
29101
38836
34624
42586
37637
45528
33449
12037
8551
34455
38246
25833
22905
11365
33862
40329
18661
27669
6712
41294
24651
34868
21918
39077
21604
57353
2963
41416
34175
24728
8708
3546
42901
15661
50176
58240
42385
35948
58173
715
19106
43192
29998
45847
23832
43671
7367
25535
33434
49400
34765
31979
4164
6181
4849
34423
27181
19278
35771
3700
29752
46752
40947
27237
10873
22888
34441
55501
35927
52779
34060
44756
28944
11821
41969
34864
36390
3037
30185
41541
51502
53216
32393
40945
28160
47821
34069
42061
37327
58367
32751
23181
17049
8790
26450
10988
32978
28297
30841
56371
26537
35783
51582
55428
42486
32596
50606
45403
58550
283
28457
4719
41545
10899
32427
59062
54271
33435
34836
57813
51886
33978
55243
2066
36469
31590
38931
40890
39367
27031
44033
30637
56203
35387
30216
52233
9161
32131
39701
50617
33799
17892
50334
14968
35680
951
11458
34775
12956
14177
25723
29600
25680
37090
19212
39238
55174
35508
50151
13261
54877
34107
57125
29096
8088
31710
31980
56751
31758
34302
52345
42616
25077
51363
37893
39433
53551
50528
12856
29347
8738
56873
56665
9483
27885
43087
38555
29005
16598
12405
33249
46030
44334
21758
3931
36211
31195
50296
27239
13304
56713
38010
55496
12989
27925
6468
22285
52060
6872
51861
29678
24820
22540
56150
40893
17616
11160
9239
23417
25736
22334
24726
32481
45312
39426
50560
26300
50322
15065
52867
22971
57257
9427
47409
32603
38998
53882
56140
47792
1482
10974
39484
33137
25325
6940
3898
41201
3952
32285
25255
37822
31247
53966
51909
56207
30239
47185
48751
37227
43156
24691
5017
58834
30559
32126
9966
49699
42916
35177
29688
36221
39287
49974
52641
52688
54028
13495
3799
56107
35512
58507
50648
360
36253
39666
54993
49905
57507
30091
51362
55399
41916
35581
31159
22646
56197
34486
55461
23983
32602
53777
27209
48009
17349
59110
32313
42312
14242
44954
46921
55547
8558
49099
2010
52687
32175
57168
34696
18332
24507
58238
6157
12511
49903
27219
21383
35593
32265
58998
18457
31909
12749
14030
23490
54535
11469
45770
39137
30437
50405
41414
29307
50135
7196
17146
15108
3386
23861
24663
19192
32214
50912
41370
57630
25609
24667
58598
34886
48368
25358
10217
31437
31964
33228
33794
28849
35510
57224
58156
49978
17169
42492
36608
47384
31142
37314
11233
57894
25589
58118
14029
4259
46739
30627
58947
31805
58008
23583
45566
27710
36387
43200
53982
32803
32944
29092
58348
32565
56725
6285
36117
3394
3243
13206
11002
56609
45506
52385
37272
33395
26352
43152
43183
44002
35271
35525
34651
48455
26443
14916
1532
34110
21141
37906
22575
35890
52098
30980
43245
34102
19517
10435
27215
7349
29349
41833
42423
35830
39749
30305
31852
33802
49055
11088
59098
54944
3471
33993
41354
48092
32287
47731
12689
6186
12067
48928
48932
45909
27001
28910
39428
39479
34082
25540
43675
19243
37333
35009
33595
23157
23168
56913
4685
42888
54650
23952
57574
31115
32781
34884
32722
24677
42186
7961
37508
12696
34842
8665
33342
25138
24444
32144
19730
35560
45217
11934
22210
7266
49401
41800
13611
50270
39279
50298
45761
17360
25926
2659
32349
35299
13114
52912
4500
41734
49274
54201
34870
41431
23122
15659
18560
35484
36566
24058
24609
48872
55674
41844
34839
30915
49373
55426
54837
29383
40274
3936
41935
56006
36798
33826
32765
15352
30551
56602
29054
24662
49434
53059
56457
9001
14722
16756
54623
32401
25244
3280
8979
6614
39446
50539
53979
35963
48109
40606
27726
11568
39202
24468
47761
53965
14382
31954
50954
28135
51789
51179
30758
43747
57772
12246
15584
24666
31357
45543
42484
40417
16658
46068
20461
30439
10028
37265
42928
9271
46464
57729
29847
43694
12121
52215
58318
27650
24533
49564
29066
33029
36425
34176
41962
38461
45605
51834
28080
9467
50576
28619
36475
37708
53101
44219
35629
17227
58321
13355
57841
49078
19150
34074
19788
31726
32632
33994
49126
23826
40473
49104
29626
42602
35325
46379
48037
2069
19558
36093
57106
43339
48496
18558
17860
31524
36291
6443
48197
48111
52597
35637
54655
6380
10266
32920
23789
28684
54245
32439
7537
51446
39045
41014
8077
30162
42328
58749
31152
58211
39218
36339
55870
11187
54878
15093
284
50267
16347
52813
45896
47699
20550
6240
15402
22061
22850
26542
11579
39364
22746
7180
38644
1661
7064
27757
50875
52569
10448
15442
30240
34854
6858
26621
9391
4657
53521
41667
32557
28737
24718
31617
36070
50061
58157
33270
1660
35241
22095
12550
49541
56391
32885
30805
7925
51072
58984
10206
9881
6677
39204
24586
29843
47142
49102
23931
48236
53759
52195
47461
54735
35157
25070
32218
46810
2440
28264
36572
41007
10618
24707
26860
34843
53163
7572
58892
6436
36590
6529
40828
42094
3161
40226
36678
56547
54119
31762
18168
33344
57378
56889
28871
47941
34808
38132
17852
42964
34942
52860
50499
7520
57558
18623
31469
31634
50277
29766
30118
27221
32789
29757
32609
33706
56829
38588
31902
14119
3032
6672
39865
39399
59187
16397
21586
8273
26154
52362
54026
30552
58961
21179
30319
48126
33718
20587
17893
44351
30299
15236
52478
45611
40938
40891
55234
9417
20750
36148
20334
27138
58651
25665
52176
31820
54310
36645
24724
53983
37904
32130
50488
35661
51635
17310
54276
206
1486
52189
33294
19056
41765
53770
30337
27749
15663
24648
46414
57071
39621
33957
33239
44018
57221
7501
3273
58585
23705
29788
35649
20722
34646
19198
42662
32070
7621
50315
53973
32790
57905
18142
38923
32335
48902
10004
52077
34812
42287
33998
31361
16210
25638
34873
35956
33577
11938
38761
26835
30123
54840
18277
26866
10761
35643
16705
39762
492
12392
1237
45395
51853
29592
34555
23402
58789
57730
36236
26181
55423
9383
46691
49550
31392
10399
49171
11425
24241
49968
59005
28106
46442
18533
43203
52298
33386
45588
11503
33059
36180
27442
49858
9842
31073
12737
25498
9581
48507
33882
57685
36996
4692
26467
48239
32114
24363
51145
9526
35328
44786
58856
18263
22984
46324
8389
46720
49985
7057
19396
5562
31416
13248
24786
29141
22361
10439
34512
52373
50501
42802
