30571
29969
35017
6997
9170
1579
23821
32314
29982
12249
57217
15619
37987
31329
1496
409
31090
49957
31350
6809
5329
27496
48996
9090
1165
30939
43307
58452
55315
10414
35874
33474
49275
30269
14263
18465
14556
24926
41261
28090
13974
47765
35666
37993
30989
50130
31877
46787
51929
31494
31549
33120
6985
59070
33438
30483
31588
33084
1557
32372
6419
48078
33760
31209
33218
47939
39515
33010
31627
22901
53784
31717
4738
30434
50247
2737
30610
30844
30287
48879
32804
200
1577
54671
48461
54176
58612
58486
35959
1549
33285
33018
29931
53829
43044
12129
45952
43755
30152
48161
29385
23724
44659
34606
33540
33968
32964
22520
41900
33612
30681
32329
29917
37232
40563
51924
33766
10079
27046
1520
30852
32423
31440
3920
13876
36109
36374
48538
31899
36174
49759
9358
31594
24514
39565
6680
8358
49647
12800
29250
38963
30823
32985
44643
31191
9143
33601
22432
31529
33608
24189
30464
1798
15621
32263
49821
16135
33961
31658
33136
31049
36844
57231
29280
21602
30280
31584
12746
30488
39620
49733
51911
5016
30311
39669
33465
422
32921
31733
6824
51556
31507
53495
15566
7268
31082
52419
30683
29431
35305
35383
31623
31578
33605
29858
5835
7063
9424
30098
33735
6494
58626
46071
50781
56911
31602
6358
33061
58470
18014
27165
10935
50036
32826
8037
32466
10536
32451
59118
43025
32270
33122
33486
30146
6571
42030
29290
30658
33442
58969
48244
30895
33594
36793
14409
29823
11136
30540
57601
32999
32774
8574
33030
24111
8679
38449
26839
35473
41047
49784
31582
54969
28600
31604
5282
59075
32495
11952
12174
31670
12574
41791
33496
1540
59010
3342
33508
32853
31530
54282
30539
18274
49410
39049
33503
32664
30904
58774
1531
1932
32336
29387
33729
33830
31536
57123
58579
50473
