47975
54949
16956
14477
2127
8660
34811
56114
58886
39684
23917
54399
59064
40199
57270
44139
22563
23839
30501
48626
55504
44227
53001
18962
14104
57471
41130
27791
34941
44514
37953
12399
23474
34635
16257
42181
52979
9334
57272
46627
10820
50017
56100
57795
56930
8661
47335
47439
22172
54784
56442
42922
20325
38243
2347
17544
14938
12300
16459
45096
40219
57944
17196
57906
35403
52449
57161
20327
25936
29995
53594
31563
57619
55199
58171
41917
55821
14484
50471
57698
29461
29399
37561
42867
6483
30367
48868
52640
2698
51477
42927
55114
27993
50457
2596
45453
58298
34104
33663
23119
21825
22177
50567
42625
45104
26540
20451
41419
6545
52692
24322
47518
6975
40900
1395
46842
37718
39939
57702
41733
42822
44830
25920
41484
22717
19868
10372
36968
16726
57363
57681
54936
37917
11987
46457
13773
43536
59195
495
38983
52249
32006
13379
57520
34444
35098
15651
38247
17351
16998
52798
15332
52590
58878
19826
16223
6768
39873
4403
19900
8780
37140
23664
21533
50691
22824
38039
59073
23293
33872
49347
56585
35027
23606
56171
30263
37670
22822
5948
32377
53667
54782
45116
31459
15669
36471
36519
50784
56407
56626
37512
55539
40208
59217
19235
48957
39800
55196
57122
58030
872
36521
10924
57495
50554
50139
58327
53102
46285
35360
54069
15106
6210
39365
47593
52278
32098
57175
57463
34964
45889
18887
7940
57403
7604
53178
49920
56453
45882
23089
20381
44104
40468
38451
33962
51370
55473
16784
11235
37881
41880
40205
42721
41411
24313
13610
5687
54824
52323
55147
59239
43385
41022
45153
42847
1919
57651
51242
5157
22543
32577
40786
52841
46985
31672
2436
14220
40835
21030
17359
52238
6144
36585
31900
48066
56946
56535
17932
37848
57885
5823
58862
39805
22088
42169
4471
33233
36225
8703
16623
5029
52153
14089
57612
45401
11337
33869
8941
37738
35718
32152
7996
10685
34142
45254
51450
10365
44881
54111
33133
13075
51587
57407
53671
14728
57464
46471
6791
41819
13480
15508
38768
54973
2983
29849
40050
48978
18460
32194
26513
40285
14149
54137
39089
23358
31579
46949
35028
11750
26918
47755
50758
16506
15252
4249
54172
15257
53955
56555
19087
19066
19049
34285
24513
39473
41878
13925
4291
41740
47419
58375
55356
29811
44073
37839
7162
11485
26460
57308
34411
7022
41296
13420
6367
14695
40039
53313
37913
36985
31754
41547
54812
55972
13871
28723
52514
41182
56449
50312
31365
30089
6418
55238
33290
26202
31624
13184
36407
22282
42782
32514
31643
12715
35401
18510
21755
47561
37401
36372
33832
45271
24405
3824
13585
41863
9115
27787
38610
55885
37665
28142
40757
16253
49470
36912
41393
9351
41316
19343
20373
37745
42561
51738
11407
14113
49233
45959
39580
45948
55235
8715
50359
49950
10963
566
36536
13973
14097
3740
17427
33413
41519
46399
11246
55844
46545
18200
4097
43269
1080
11179
41548
40365
40227
36970
25249
59241
24660
7184
7226
17425
1816
5237
52483
19478
42130
38111
25693
41429
49331
58386
19241
57011
857
38221
12376
39448
42010
37680
23641
57295
51312
43998
14811
2260
2540
54733
14779
18861
36810
31406
19476
52433
20432
52840
37367
56909
27779
51525
8524
55294
29697
58356
34332
35121
51337
57391
39977
55201
33575
57053
40092
46591
57066
37369
42267
39431
26950
41842
38278
34729
50738
19186
39652
53450
19393
31077
40166
11122
55120
41621
24499
56389
57722
37970
54966
11977
57800
50001
6080
40935
34106
49043
51235
33112
46371
31802
43175
26576
58026
57186
47491
38719
54001
15946
44404
37556
27411
56386
29326
27348
59122
4888
53635
27946
18001
43267
11269
13757
41140
45549
17913
50174
55386
57987
57713
26248
18477
11933
38772
52026
46617
36153
41957
30070
53200
44874
13080
33878
12807
56932
43126
35521
13147
57369
11978
34466
8485
38208
11724
23344
32606
14993
18812
54830
41911
40763
13842
7446
20307
57213
2714
24865
11524
48706
37840
47682
2745
36442
56134
27226
23498
22955
38790
37777
58417
20322
22875
53467
39934
45863
16439
42311
24428
54117
42215
16148
56249
1584
5027
29323
7066
53284
40518
36956
37831
41408
40700
43091
28363
15112
57219
44363
42876
13539
33665
6564
40193
52130
26713
16796
8955
52301
33873
52736
55076
42588
58828
30402
41300
2554
9958
30330
52830
18869
34011
6887
58004
51838
46804
57393
34483
18088
8570
19465
40138
36813
36283
25188
8864
17529
15343
11536
1312
44008
52556
41813
40706
59232
57200
25670
46945
22390
12311
48504
3896
11261
43978
37818
11624
41381
9227
43868
40231
48853
20613
32472
24851
54018
22354
11661
9422
25389
45833
49173
34282
54485
45235
28049
51140
35766
4936
2736
36817
35311
6363
57541
9512
7873
57251
58462
42368
51371
21506
56845
57480
42960
50688
34977
58169
48491
32324
1169
19870
14161
42554
19239
46312
49868
29575
35072
45998
670
17882
321
14792
35022
38198
3833
25076
28851
22357
11400
53462
11663
25152
9247
38630
40103
6802
58322
57858
43315
34546
54243
54885
14298
36044
50927
39150
56301
27699
23750
32461
50553
35668
37063
46551
56731
32648
59012
48514
27741
5499
48509
48358
52948
53540
55718
36719
8445
57001
52704
25557
57824
59245
54579
13130
18967
53322
46803
35468
42469
42143
43499
52396
31975
12827
30578
19477
8035
33379
50723
19095
50258
19005
42606
17937
15998
55640
24964
130
29408
41743
32516
57815
17523
30741
56180
23214
29787
2259
34125
30066
41352
37311
38682
56247
41018
45059
22820
28446
41224
14133
30291
38810
24335
19855
30321
41104
42154
5480
53460
34704
20933
56160
18811
6976
31968
18806
53996
2373
37138
34990
42386
48525
28529
49793
34165
36289
24581
5709
33313
58764
58430
3375
55116
55753
28606
5868
43149
50344
4758
54164
57245
54560
58812
36730
26336
532
54763
14160
4056
18941
32361
34558
36248
57935
44870
37714
36725
53616
22968
51377
53817
46577
17064
37555
21369
25962
37046
58220
53388
58194
58547
19802
44023
49663
29104
4900
50593
39430
40013
20219
58013
1042
35567
13485
6842
43360
56831
6630
22669
7038
36974
41482
49018
14128
46323
20385
4823
31412
57315
58198
2297
36116
48911
38291
15111
53370
17026
23751
25980
42409
14949
45805
56393
2411
33273
49823
21740
13686
13536
54090
57148
22156
52038
16554
13272
30715
20444
23618
15463
54670
17615
45359
53532
53814
32776
42155
40375
17029
11049
51388
32305
6022
32048
10211
12454
9834
47708
38139
41561
17226
50179
56983
31936
3787
39303
6869
15895
50768
57963
689
34644
52727
51399
33951
12815
7232
7490
55523
18433
11982
10473
55442
57164
25841
34654
16502
24351
41163
57666
48549
30644
57496
43945
44857
52768
42302
46034
30966
56098
52554
5266
17454
43792
51862
9431
34781
1372
22493
30160
37390
36604
57367
3526
28913
51155
32112
13509
42402
39575
5028
48314
53701
59198
24285
54758
49258
41764
40459
27131
1656
55883
48652
41239
11408
13418
43942
50828
42824
59261
32080
37971
52061
10739
34506
32597
45669
12928
35763
29726
13980
41024
33302
36950
875
14055
54428
20515
56031
36229
6095
46678
20314
41763
22125
48402
31015
39803
7672
40774
15501
39516
27656
34354
41208
43252
57428
34543
42292
13582
45792
23345
28119
45079
45149
12620
52285
11125
15286
13148
34773
39291
53182
26263
41988
36042
36494
55462
31742
22790
37808
12973
44355
3064
27245
50639
20564
19298
4043
43745
38697
53307
53596
38598
58673
18705
58540
34563
53415
14816
28804
57208
59104
37915
25151
56162
44977
12948
10033
46274
50252
50391
48315
35691
34311
37207
43744
58012
24324
37546
44872
46329
34290
43414
17154
49764
6998
40742
37859
16356
35118
54120
50728
59251
57660
51211
34767
28299
23434
38079
15047
54327
12274
18134
58045
56278
16689
35405
32992
50456
56377
4739
41397
43938
42379
9534
14192
11271
57673
37862
20636
46667
42800
55897
26426
45447
4214
53483
23101
49238
19480
42807
56261
27737
8991
38874
39951
2557
41382
48103
2927
39432
9649
45166
27571
36278
23261
15982
20338
28125
36271
36718
26653
9120
50631
7954
55485
10613
25586
16863
55429
44820
33056
45185
42345
3816
59264
17799
56464
10961
38684
24879
4521
45932
35616
38337
5987
9250
2076
59185
10951
48360
21844
17726
51515
2471
41306
18163
49109
51436
30549
43619
40047
38035
14754
42032
15133
47937
41670
35578
16060
3420
29572
29730
32666
53613
14482
57845
7637
12642
25817
20342
58058
17844
28379
33932
1759
8030
40416
42526
35386
36827
7463
45300
39895
34834
29850
35045
26095
38009
45836
2378
42938
36855
22375
2600
37935
47312
37577
17267
8140
40197
34612
27119
26548
59176
42273
23643
282
31776
14033
6552
22180
18989
2357
44270
56708
1126
11357
22515
9044
34016
59271
49143
58029
42397
25356
6226
54317
16731
29051
25618
11095
37621
39094
12225
19720
57239
56524
57864
43961
44198
35950
13236
23478
56416
23570
58491
15071
57843
57454
28826
39897
29845
56681
30925
39088
37328
57580
12369
32734
10704
23686
43852
53571
41632
50587
9910
36619
9460
47410
19053
22442
34663
48471
41879
38283
7255
4304
37918
36111
27282
57090
45417
40093
23226
38906
27253
56823
57587
3950
54071
13670
41190
13998
4828
41967
15409
34975
57833
16189
34901
55935
49007
23978
57330
56546
57062
2573
12156
52743
58123
10800
9339
55225
55418
51615
57584
56406
49614
56375
51416
41624
15557
41347
58569
49175
20568
15727
55536
30206
17904
51969
38084
29588
3365
9912
29649
53485
15837
41343
23672
18743
19117
42553
29992
862
55499
13886
58187
30318
38835
47709
27508
8799
50729
24941
34442
48289
48892
56560
52092
40863
8210
35730
39325
48612
42478
40567
12239
45175
57848
27751
36145
42723
31756
47555
34807
29973
16488
48603
54218
36712
42087
52121
30135
39823
34900
37767
42044
46508
3320
27290
46677
31800
13930
28765
14042
30626
41289
45825
40884
49779
48484
17339
39767
56475
34343
54269
37362
50585
1980
14795
19062
46246
6730
24159
49741
14506
45015
39265
30326
6286
42694
7245
35775
58866
57284
14386
54228
28699
36305
23158
42271
57875
43617
17594
12482
48578
49607
45877
24362
28037
52413
25105
52621
28551
3413
28214
12660
23215
52457
51232
45551
39567
52910
59243
19177
39356
13645
42633
47048
35903
32544
23393
9800
12735
50900
55125
13917
51414
11448
13407
34602
5688
43096
9521
46519
7131
39957
36310
55056
30512
58497
8428
54033
37746
56781
57187
33566
46851
1336
42427
39490
35013
58748
40229
54255
26179
43532
50917
24175
55518
45257
2506
49241
44966
34569
38249
7509
15861
54576
31923
39297
37792
22856
20294
46665
45445
58729
21587
56906
57990
36134
35128
9694
19482
48198
41678
14755
34566
34088
51571
57684
56839
34930
34586
23610
20291
53323
51630
54138
15212
509
21922
23463
55155
51865
34340
10465
36564
33263
18358
49995
34144
19850
20439
45331
51957
17418
47224
49087
23039
3994
9317
46713
45027
42857
52990
6725
7119
52726
32104
2279
36894
7401
31478
55729
42104
18703
45463
34357
29436
33445
5430
56532
39997
49214
56698
3856
35361
41772
39968
43419
35876
43145
40454
53718
28327
53578
56348
44229
40864
22647
3990
45439
57354
13050
38263
53771
59263
16744
39384
33268
56793
46249
1787
19894
38082
5407
46273
14571
54891
42557
38864
48759
32149
57174
9241
21143
57514
34951
14589
53821
48196
52324
3103
30616
13847
4768
31240
26551
11356
18513
32426
14107
57865
33746
44867
23939
41114
37403
42203
40975
18498
45135
37597
14414
19026
13654
13026
33676
50615
33686
52009
14187
46650
40374
40342
11694
52706
40037
34397
16049
19997
52236
45572
28661
2014
14028
7384
56827
57859
24098
36852
53518
50098
46284
46954
31475
15976
10870
55684
47652
52728
47717
51570
35448
19084
22788
49082
58324
58228
30780
44375
513
14234
42663
33054
58176
20827
45518
53562
2075
47331
56115
19707
17725
11565
58125
29809
48684
14050
25562
33602
47659
53179
32508
49732
3222
36840
17645
23812
35402
3810
2179
28315
7243
15369
57655
11308
32802
55044
50816
10927
15238
59046
50060
45377
22414
25384
14644
30431
12265
2225
56586
31148
47046
20519
33835
8448
54273
46000
8909
7997
44948
57374
15839
53580
13391
42111
14431
57993
29337
36803
7902
47155
56132
51575
19594
12391
31472
27201
40571
50215
37111
39416
18054
36304
48
12523
24137
51524
19559
57955
35535
8553
14047
56148
58179
41835
31070
57595
27489
56167
43767
21170
2194
2466
3802
43251
12073
56329
31336
19458
29576
57317
51136
58460
32588
25584
34518
23603
12075
25181
54373
17090
42411
34113
25350
28073
46797
30574
20505
21851
35538
33790
1466
53543
37928
37757
25469
4447
43796
49637
57509
51848
34814
51338
31859
2934
51486
16930
51326
32777
36218
17179
29026
25454
39540
57386
44147
24575
48214
52689
53424
58696
49485
37307
23260
58414
48816
34888
37663
34730
9628
39790
44472
30222
29084
16410
13995
14670
54247
19635
44159
35139
31203
44580
40726
1935
47120
2346
58188
50557
41380
36083
55192
43072
13799
14648
44555
45337
19427
27820
20488
47457
27507
13110
41211
56156
35554
50515
47520
40758
38857
33996
57347
45599
50302
2582
39065
4
57392
50991
31237
15376
34940
57475
5753
42655
45902
51028
13165
48814
51430
44844
58339
54186
27389
37674
37758
26203
6587
45910
9827
51790
39392
49207
32762
10475
13250
1027
10777
27572
28662
52853
53482
34317
56715
53822
34524
7333
9997
24447
32419
51251
57280
53703
57679
28336
34907
34182
8566
20
29242
36781
54109
55015
36508
57615
4439
50683
53693
46111
44714
55902
31932
3583
24388
40192
34221
48438
11696
52005
29472
6395
48033
45023
3738
50674
38992
33657
3407
23837
51602
19573
43168
44283
52672
22833
14091
14762
33279
15446
24997
49476
54127
34902
7227
41156
5911
12453
27502
57731
3094
47726
26389
3617
39508
23322
29266
4857
58149
47037
53398
50767
25873
1746
42581
46764
53949
55007
30605
41663
35369
22428
57249
33397
2053
37955
20392
56450
54852
34148
48493
57708
3739
19962
22801
55126
56232
41227
34220
49691
11738
12018
56953
37028
1712
48877
40586
15059
14122
53969
16820
11272
15135
52885
58057
56570
45165
2591
39300
22693
40994
37393
38912
33588
45671
38160
58997
38978
42014
53595
39909
10107
54855
49478
32767
50427
41389
52647
35411
3718
58913
48158
49695
42263
58427
14583
53372
14727
19791
3764
30819
43569
55963
516
45056
32796
57173
30855
59208
20399
48726
54459
43068
51178
58436
43171
31880
20626
7585
58091
36932
50775
53781
17612
43701
54893
10805
42137
51730
10840
31448
25615
11474
44210
8482
43359
38441
3741
18411
48918
45586
10102
56273
55231
35488
56787
55599
8762
41956
16264
39154
43316
29658
59276
3219
56204
58319
38783
47766
34402
35253
31714
21839
53489
46891
42315
39619
39470
29659
42168
43431
31315
42531
54527
43508
45955
16127
15452
12344
90
52338
15062
45530
1065
4688
56028
40995
55973
38591
23885
23152
34226
13385
54423
11590
43741
26965
55200
25705
30866
39595
52570
469
26413
6888
11739
37437
58043
51696
41809
42651
36945
18853
57204
56937
56396
2264
7558
41259
48647
14428
14809
6003
14743
57622
46800
41109
40341
50519
32695
36533
27657
53440
29202
25407
43964
34748
35018
13414
53331
31493
29407
37696
10611
3144
44239
27380
37947
13019
42245
57230
34245
34238
26613
42460
52506
28337
53583
31930
24377
32462
37876
9098
2893
38219
18151
20668
8683
54157
41662
23557
43165
5473
31273
34582
7937
28974
47573
7003
47400
54160
45003
3468
12420
11340
28313
16244
38930
52444
47429
55036
15120
5829
30776
17361
45047
27735
49375
34204
19471
29145
50180
23246
8787
35481
27404
49758
38280
44557
24422
57585
46262
50899
17846
41676
17420
13095
56020
32644
39273
42318
46155
58679
12068
40646
16465
30887
10821
3759
22815
40463
23370
50514
5969
54431
5512
9495
43391
44579
47499
20290
6342
47146
40433
56311
29739
29643
55404
34424
41586
35207
57973
58890
33323
56908
48446
25297
11330
23920
42894
26283
36091
47475
24693
49297
6489
17158
32535
15097
55347
15866
54819
27236
34935
16236
47770
19120
40029
38124
46215
39802
39253
33461
53168
20438
41464
46104
50918
42506
17687
15609
26685
12892
16424
36703
37158
48477
5891
18010
26342
53937
54570
14049
27451
35436
48771
52315
38281
32660
14985
40483
10752
59202
58364
40596
5783
26240
7989
47211
22305
5138
58372
41591
43466
50217
45945
54684
40499
45346
46979
22626
2191
39262
44826
43208
46142
11720
41327
58472
53953
43558
41098
31779
35224
56397
25621
52068
5475
6526
1885
40104
32933
9256
55824
7864
45005
57926
39848
46501
57404
51573
49467
33091
48845
19382
50704
56517
19309
37912
18856
32344
39892
15250
49979
46243
6209
54750
42188
37475
52950
37688
32589
7069
22539
14974
56786
44985
54872
20447
9206
31059
55494
43160
46017
22775
19437
35625
39444
56976
45169
23937
43340
11726
41374
33778
17522
58632
32505
35379
30417
27259
18347
3564
13229
58429
42529
25156
43387
51169
57442
16329
56380
28414
54848
39773
21913
7282
49475
57844
14946
26000
32454
53694
6229
37725
56495
41002
49922
54864
36829
54242
58206
20914
41080
29382
34919
45260
26392
2339
39310
31905
57275
26581
31104
46565
6635
43809
39391
9333
22304
45077
55873
14285
22037
30569
18601
38656
13234
40663
2187
53108
33367
23890
56872
42016
35351
12247
2094
11547
55476
14109
20494
6832
36472
58407
40921
13352
33670
36079
42355
37727
59252
57757
34597
2027
10701
14999
20579
39158
42865
40490
34608
35112
24789
16981
6460
45990
49445
23167
26974
10667
55845
13362
23268
29501
37003
12944
47112
54674
27998
10979
35322
33610
30742
51555
12272
46749
37021
24323
30725
919
30128
34368
31096
44908
9192
33705
34513
43492
36285
52735
43428
56552
16212
53909
37603
1976
41989
51237
27900
41680
11873
56367
48544
17072
41068
52400
34128
8237
43249
2412
7340
38509
57508
50701
936
34231
17613
55823
5401
11683
50934
7923
13210
14770
18264
30281
30727
41651
44197
9818
46863
15925
42011
45349
37790
44171
7698
25851
53611
41291
2476
49592
56822
55472
56972
52576
32370
3212
27294
54559
37407
14593
21639
12360
49746
34134
41299
34393
2587
8605
12419
14171
40293
55744
16989
34032
13383
12363
49177
37914
37423
45191
50286
22018
17634
37683
10324
39240
4286
10549
37059
16828
57497
53087
51421
49363
29287
41551
40175
49768
30577
41568
47206
53195
10550
30801
46648
2116
57526
29609
26241
57728
2685
40388
34552
13900
41982
34728
42367
9202
57007
43504
2197
36836
58387
11853
30339
10431
48865
41134
7670
42037
8322
51157
24401
52143
26244
39247
35908
38710
42695
16525
24376
22811
51429
2915
32554
20292
53258
31727
19088
40506
51303
16118
43358
4266
7918
48423
8343
56587
57571
47138
39752
34963
15708
53067
29321
28071
10851
94
24320
46682
34462
34325
37118
57423
45632
9458
45501
28005
1435
58233
54291
12289
25927
38776
18141
41855
52854
7252
34725
16759
42051
45245
49380
34803
42918
35064
39991
9144
12353
42552
46818
36193
21059
36856
41973
25697
28195
47508
40268
22565
51714
30325
43951
57434
45062
32752
25909
2098
883
13540
14751
50080
54144
1978
52083
14158
16810
17468
44961
52846
56496
21948
41106
56161
51941
27910
44606
9217
1613
30313
57426
41742
16840
27235
54583
56079
15179
45173
47655
15154
2885
3051
22884
21560
44722
27795
32493
37289
11367
52017
41154
44326
9108
1410
218
50668
39694
34970
2833
6879
47658
33837
3215
57677
2650
41158
18878
39329
54227
26165
50142
48971
27495
11567
36958
6382
30015
34129
55332
32320
13306
58390
54732
6300
22452
12185
41169
1600
7480
32728
48923
57474
43332
7741
56192
35897
23237
56592
23613
35152
5446
20386
18233
20343
16058
47452
48265
28526
27246
16120
20275
58064
24029
5708
13725
45878
50095
20352
7726
56093
5670
34587
39821
55109
39161
57678
37661
9353
9325
44440
34878
55565
1950
53090
42742
9425
9637
51106
32019
45934
50533
27081
17445
40848
57402
41811
17501
42194
57056
10462
50697
38685
41704
9466
53232
56692
7564
24438
18849
53581
32316
47139
51293
55543
28983
41355
49376
58249
11876
11928
15034
31904
58301
2447
39674
40378
56437
57232
43471
37552
50348
40306
17684
30701
39414
4677
44778
35078
45155
52904
57778
42268
35675
40183
34833
44
54039
55783
27368
47480
9185
54788
53856
41274
53643
13527
58864
45754
19011
8809
20443
42122
8773
15453
49319
12934
30999
19908
33210
12955
51770
22053
58831
40415
52566
36602
53395
15146
26414
29565
19031
3775
12455
10478
15347
56017
51016
38821
15050
54326
40907
34591
38293
42230
45499
25583
3872
57599
14440
57581
45316
55002
56125
45087
54742
55653
42699
10003
23909
59061
30490
26735
11852
22133
58400
55488
49965
49452
7396
53022
3550
45511
8159
51411
45386
13253
48302
39587
45040
41177
41123
41990
13710
12654
47853
55686
39442
45931
40154
37228
27835
2645
51990
4499
22770
14172
20459
47234
58686
42815
6302
43781
42028
31373
42244
46439
39264
51297
47677
30557
13465
48570
8433
54107
38006
26318
55483
32636
35532
30640
12200
57555
47416
37081
10248
44216
5731
51455
46331
40177
3635
27988
55624
54180
38909
51339
1501
52543
56772
58208
47347
19812
47857
16256
31216
27455
41564
5150
57499
14155
10054
38167
16105
8737
52190
34603
7590
43222
18914
22913
7110
62
10099
2242
56862
28079
22370
30984
22276
18150
29395
38017
41562
45028
48435
27185
46659
58259
51931
13934
11995
53312
28820
30687
4182
11638
12984
14094
33164
4244
28714
42834
45891
42793
7209
17711
50297
18961
26649
25979
37139
54241
52508
5317
39782
3828
55077
8136
49048
46168
27111
48582
6767
10295
50397
27422
57052
12841
51246
4083
57277
43005
17646
36139
57921
14885
16729
1029
31486
32407
45098
56014
7796
23421
47143
50212
42238
38256
38074
53704
26350
9102
49630
37842
57372
20302
41247
45626
35522
37150
8606
5660
36901
13505
26585
31285
30143
42322
11797
39233
32490
37771
41133
10595
18462
56840
43669
46327
56030
6105
49914
17623
29978
59242
20553
57396
31724
10919
42452
28043
44193
17821
10328
14739
48304
4333
19003
45856
42854
42852
48824
34851
22522
44005
37370
11648
57457
8526
42140
55409
20512
3035
57607
35622
39901
40119
3028
23272
58031
8046
48747
48500
8527
2434
9138
47204
46023
13683
13398
52682
1881
47106
51014
53599
45343
928
59022
12314
28416
30728
33554
41097
58502
54558
42134
7135
3829
32757
32705
42861
34938
12726
16779
56446
50535
37443
34243
56569
52074
45819
51620
45875
59160
57159
20517
38519
37598
12798
42466
30788
10997
18626
40603
50068
19780
39344
47205
44685
58300
45247
44941
51250
59258
51681
46434
54947
30332
34997
28991
54950
37824
57490
20635
43034
12873
53405
56957
51767
53749
35916
57237
11517
36482
38224
35764
30104
11992
57517
40836
42413
47527
57429
23374
35071
52048
58384
19222
15732
52658
4251
50586
44920
35756
40066
43655
48334
1034
34136
43288
13007
24381
34121
48681
9401
51756
53063
54952
58075
24571
13002
41847
13390
36877
9482
57543
39759
36967
4966
37944
56531
8611
19489
56530
29078
28326
48502
11344
49893
37377
12714
3683
30529
7259
25398
12472
3405
17647
13066
41425
17648
55842
58368
22677
53722
7115
14838
35010
10128
45145
42612
57709
54899
27229
4851
58781
18013
13986
37069
35304
6917
35011
33565
35549
2295
18535
13778
35854
58634
53455
10225
48112
24869
49095
15529
15533
35439
36147
18387
3396
35441
40181
38270
57919
35068
18711
25632
37761
55416
14059
36395
56337
47341
31501
44631
31343
5818
32976
37887
35621
56385
52697
11883
13059
49252
26186
54649
38734
22405
39691
40018
6389
14430
42705
20267
44564
26493
53387
56638
18634
51031
8131
38218
36924
44935
41476
10463
33110
1467
53351
41783
57645
36277
53255
39969
52874
44217
54805
57661
31851
44992
38149
456
4330
224
58272
51342
24889
46934
29333
29162
24474
7894
10928
25620
13462
22453
43002
28921
9281
40007
35327
18442
10864
51825
35995
55804
34109
23117
6864
33248
25934
16786
48215
17421
15950
13772
47453
48079
36445
21375
45884
14844
35555
9331
37083
19321
6445
42598
57040
10077
19074
40605
40202
5801
26784
26243
37854
51656
12720
56083
14000
46343
1181
20916
28738
20999
56059
41483
45607
57918
43017
52594
55355
19217
14650
52855
44846
52877
43347
49836
2706
51752
26711
22957
34867
5843
57552
3731
58617
59203
34356
50369
35837
36574
18852
38046
11963
57406
49961
28274
37762
5416
45929
22658
42002
57248
45272
15544
2725
42745
2257
57444
41681
53978
45423
53389
17877
59031
6795
7967
48159
40799
35277
19528
56075
15054
45602
35103
57211
41037
26158
48827
51784
50262
53390
42713
15010
12923
38606
43319
44238
34321
29816
42539
52082
35242
58250
34548
57752
19671
26930
52932
12515
30469
13626
56338
2377
9959
44689
48745
40064
46991
28763
46786
41780
19658
21332
24291
42363
7361
56662
12779
57563
6889
55880
13394
1180
50030
36165
44456
9326
37628
57377
3029
50783
57644
38228
39239
31734
23524
35543
22667
37883
46255
23615
45942
31443
56363
44883
46240
24746
4123
2970
56023
47123
47245
46997
34399
7116
53707
8939
58453
12796
51583
27194
57274
41560
45821
38313
52340
27412
42605
13545
4322
28634
7781
98
23030
44170
25761
37550
57527
11716
54096
8781
31760
48593
51323
3842
24309
24881
35990
58501
23289
42634
52927
8709
30315
48354
37698
52200
57319
54010
36865
38769
25031
25603
30224
37137
45953
52723
19384
56188
45341
17348
52117
23716
33526
33192
52586
46771
3757
56283
22832
13844
58256
51850
52965
42398
53000
46668
52197
13537
52307
57461
6248
50837
31473
34844
41481
41288
46405
31275
46596
42135
49558
31345
10479
24396
54190
48355
22630
57265
33198
5427
55032
33456
35097
41514
39332
37510
51535
13152
28922
12658
28306
36242
19954
49142
39244
44575
13377
56867
14209
36784
48591
52790
47898
31405
51704
46029
58253
11656
24212
39197
40373
22286
34315
22036
30697
42843
496
41386
44086
34194
51889
43496
16944
4265
1900
57550
44748
53852
55906
15602
55214
12400
25799
39768
3712
42384
42439
55130
46301
36186
56447
10514
10617
41379
54892
57411
36543
52771
45284
58380
41117
51849
53407
48806
42509
49351
53632
9415
56210
51369
34567
39891
13891
50091
24215
14190
46517
16217
41460
56135
50542
3510
49181
42359
11384
51877
39141
14433
45253
43372
56920
41610
42362
45051
22949
4225
23578
57498
12331
9375
38736
30997
34771
35942
56501
33906
24277
53447
10689
43311
12506
57979
44222
54277
29455
57226
37910
43095
42006
46058
5734
38777
54223
37095
40625
27690
56686
54514
31261
50616
50591
11363
36792
54009
41768
34487
53334
38042
28217
50901
54321
53039
54904
51706
16470
42298
14523
18833
54521
37658
22348
48409
11047
51086
35994
2480
51354
8947
34822
41722
54829
49628
2372
13955
18797
17502
49383
28057
19027
20674
53574
56770
53267
22059
17707
40283
48453
9373
48019
57942
44084
40671
11917
49972
43739
49456
28273
15232
17084
51685
37779
40488
39825
57119
50530
51771
36106
56184
25355
52938
7193
57244
25098
9332
24937
8354
29448
52309
13215
38842
6592
53994
51053
25704
51217
47422
37036
37964
11104
55113
45947
40164
16371
41367
20549
51173
13851
17949
31375
52135
37983
6214
33941
55481
57069
58225
32280
12146
46534
57072
34460
49641
49136
15063
45500
32337
44884
16242
37891
6992
36576
36322
40960
1512
43133
12252
58175
9289
37720
4689
41035
3131
49582
37850
42333
14746
44983
54483
6083
58454
7783
43963
9057
2226
11127
43236
26376
32729
41149
29539
23981
19907
46363
56885
55611
38735
23544
48393
41349
33904
9659
19160
5711
46044
23464
53020
31491
59182
37172
56589
57351
14793
54900
3251
51753
4887
44027
3823
56931
46865
14685
11843
41585
11961
40327
37898
39149
2207
58941
46631
39832
9244
8126
14336
2353
43793
3585
33497
37723
7517
9619
31435
17597
10227
22500
19683
37457
47514
6904
3732
53457
32667
32941
12572
41654
49398
15496
41617
19672
56459
50492
53620
39340
47150
20681
13624
20959
1374
43075
40593
27579
17074
56505
45779
47784
31387
39417
29094
23098
46756
46387
16593
39370
43229
45080
15018
14655
26644
45927
56102
53650
25159
36528
14771
31891
54747
35635
35685
35944
47622
42296
55534
10602
13798
2469
34999
36342
56916
36143
31241
33782
8804
14666
15229
46785
7014
10614
53253
41870
20236
54876
11107
5400
57716
53316
28309
52134
21494
57010
39952
52093
52780
52599
53364
13546
40756
11091
58382
38474
49494
53296
48082
16514
6578
46280
18913
54151
50413
11948
43523
14617
57531
24031
42221
15027
45488
13367
52356
43092
27301
37772
31861
12846
52080
21783
42591
38344
10797
33353
32073
43016
29146
41851
30324
13927
40766
1476
57654
14154
24460
5761
11098
32132
7093
18084
50409
8520
37231
51554
31282
18968
41921
7281
42200
18693
44078
45774
28816
13808
16116
19424
42404
33710
25050
42458
9398
9408
25500
29405
41262
38737
18871
31229
12510
40408
15077
51956
48718
38862
52206
56481
46450
49349
19736
57300
22553
18816
57401
31662
32267
15265
39174
28483
26712
57700
41779
41890
57837
39318
29341
11930
31434
11882
30504
40985
57862
37015
55853
51961
54303
35701
38069
1601
52193
10751
46963
14406
53295
7936
8767
44388
36252
21766
44603
36434
12270
45345
34986
58519
26173
41993
17039
42352
15013
52720
37559
35600
14548
8756
31299
40718
12982
57397
8224
24348
4290
2175
57445
34910
45911
48974
50453
48963
19759
36368
58589
46181
49785
13400
43176
42008
41452
13987
37744
52152
14377
40808
51087
13959
59222
34862
52075
38206
30632
56995
52655
56066
17590
18573
35925
9118
43416
23639
633
49927
34711
53156
47816
43422
38134
36112
33700
57878
2906
17585
34364
31242
24951
43110
57304
41739
31858
525
16544
28563
51521
46209
51937
42234
54803
9293
16814
57799
33443
18924
47727
35262
56105
16107
35459
47395
58255
41258
34508
52707
20328
45524
41335
28986
9330
26706
45140
18712
36066
42235
57448
29003
36650
22733
50770
5669
45413
41255
7503
49756
37655
51967
22636
57084
45781
50750
53579
4206
40249
58358
40017
29432
35144
25815
8353
46386
12508
56344
33518
58168
48542
53981
10818
57261
43086
13410
38233
6956
36333
24370
42407
34897
34594
39705
29504
40095
13922
33731
11370
48886
25495
33992
9154
21763
41831
58135
12486
1396
42096
56934
55830
39973
53413
31380
8310
58349
47115
22926
39946
54286
32413
24093
29192
8234
33671
32610
46237
58025
4958
46612
55719
42456
38643
52800
6644
11764
36162
16647
52016
26452
8630
14887
54174
24550
43940
10922
41323
42936
40623
49411
41633
45807
37092
41688
37750
16950
56421
59117
48431
2455
26764
53289
44551
35174
41369
10825
3213
50131
16344
45032
2690
16316
16971
10984
49261
58254
9929
21102
53238
16635
3230
52254
11439
37549
57812
37901
34687
58681
16423
36923
14951
24888
13896
55683
43514
57786
1614
33411
19229
46222
22301
8059
50769
25760
16997
44157
10606
29220
57648
53376
45640
20873
22516
59131
36447
52476
48425
12958
51121
17271
56262
57907
12403
56200
45400
8225
57554
38687
46449
57065
1055
2040
54874
14157
34438
38227
45193
54797
2433
15400
58553
5030
34668
23031
3349
7823
52958
20511
45050
29085
48791
13409
417
1028
48433
56929
52147
50981
24153
35996
50623
57336
7185
25298
58826
45705
22144
6458
51295
50158
30456
9260
26142
41934
6221
23407
57826
23243
38197
22140
46303
23259
51622
38048
34939
24395
25843
5023
22902
47111
33250
44036
33971
41785
45957
20480
24559
45800
56260
39163
57633
39915
41399
34437
6874
8658
13579
2605
37747
11067
23240
22855
42210
48476
7169
33211
48014
6893
48357
12759
21392
14011
25538
131
59249
30096
57348
17103
45313
15655
10793
55094
39727
40022
54668
54112
7502
51712
3142
46278
35059
43777
39389
37
58735
11998
25387
31046
3569
44903
3429
48557
20731
58857
39271
38267
44077
2799
26434
8854
51812
52365
13208
34463
48524
14378
29359
26488
30017
42556
52105
35765
10866
37976
53315
47218
28272
40930
39393
47127
40851
34973
50156
3335
36163
29463
19503
54051
50589
57980
56231
48183
9009
45203
52127
33350
3748
40855
9770
14588
50411
45073
52325
50590
35499
10757
33722
48098
32118
49106
45703
1426
45815
8341
10801
47840
48316
33866
42542
12098
58721
31384
10530
34655
55378
3713
38801
35240
12629
48420
40772
13792
34280
51755
4861
11382
53935
40475
6868
51325
42828
16114
33586
37920
23418
47183
22064
35120
19499
40055
17593
53910
36293
6717
30519
43433
19338
57890
7186
15884
43378
23914
46619
9967
44940
20401
11823
50839
40713
36711
58391
46376
46605
56410
58475
1895
19801
18873
42864
42943
23192
12175
37675
3925
31860
37809
41747
26631
43263
17036
15391
42942
56836
51986
28935
31424
31120
6544
35418
52998
30029
32482
2352
23025
26954
7195
46258
49213
46268
36357
52014
51466
29837
15743
46197
30471
48067
41583
46663
45289
24478
29356
51695
24590
44993
58080
16799
40449
41895
29815
41691
53840
33351
54896
25080
16703
53237
31515
25942
26870
22906
55884
9968
20677
7589
6660
21975
34967
35859
33529
850
28003
58374
53546
53533
47810
8113
55282
25494
41455
10856
28375
58494
12787
29336
55927
33940
31362
53869
8893
29683
45827
42508
46334
55527
43235
49993
31085
33114
9336
57081
14778
39216
11666
32318
43526
30624
56216
42335
58362
56172
33974
8094
41984
40126
52964
27182
5892
48437
38114
45899
36410
15164
16913
59144
39169
16809
50853
59238
54898
34089
40035
53891
45845
58822
25414
12358
19054
52792
57494
50756
40976
53018
25951
12509
19041
35823
41325
2532
21756
32905
54593
26904
56782
36492
33173
38926
52572
11479
44045
35438
23768
52887
692
47683
3456
49704
39693
18920
35171
21194
22708
57390
53520
51453
14297
30485
24563
36192
31850
18228
35012
24061
3848
56792
46530
51531
40128
41204
3217
41368
12940
35514
3845
48715
32769
12051
58556
49002
54776
56443
42119
49556
43776
139
9530
50968
50137
56691
23637
58684
3830
12910
12384
19897
2067
33283
9519
52968
24720
50525
12987
38172
28366
42450
7882
56072
18171
44059
41071
53516
9255
30641
56710
41675
30597
10089
37921
36350
58493
44890
5928
47716
3729
51017
48116
1805
23128
36981
40637
4484
38183
8710
36999
10296
20441
24992
45984
18229
38181
23562
24481
14672
56233
41164
2321
46140
40395
8984
28112
51700
27458
23135
20534
15956
35111
22768
4183
46782
56448
12192
40255
47187
22213
50686
42307
57400
18093
1989
74
18714
58909
38086
34633
43653
45850
53914
29002
37685
34678
4229
33409
57083
8498
50757
41069
50715
16935
54427
38340
44486
9481
38144
40524
40357
5950
17759
47307
56540
54006
27080
21973
14772
32434
53907
17717
1606
53958
55886
29482
16109
46430
57008
38767
48565
32328
28764
24338
56176
46141
6647
50732
31947
57227
19124
39984
46271
57658
12632
23611
75
56825
11586
37518
25807
41142
57686
12348
2084
20371
9859
43105
277
55658
51543
3589
44509
51579
55903
10623
37030
6023
2772
29150
14870
38865
30414
26347
10998
24834
34669
40839
44124
3685
8107
35000
58945
9041
35800
34132
25610
16084
24410
8735
12773
57162
32523
54669
45288
13823
50687
49188
37554
11589
47789
14582
38982
7810
14453
45069
48969
33520
47351
2686
26177
35104
3305
2678
780
5263
8089
41321
29122
48257
58680
49001
54132
39776
20390
19240
52150
56703
7317
43982
45713
11287
4955
54652
42231
3410
25523
55802
38117
9238
45613
404
44204
12870
56923
11041
16102
6546
11375
9381
38250
20323
14782
58201
43426
13312
38060
56439
10454
34413
18118
25110
18798
10878
29048
41998
29384
55867
15890
6612
41658
30298
57582
40672
45379
45157
11477
55895
52335
32159
26292
22742
22962
22464
42659
37950
20509
38619
2617
37116
44957
13469
56815
16552
14455
57714
43398
31292
58001
13134
12667
22664
53207
42447
29134
14505
39936
3649
42173
13785
18450
50724
8952
45277
34363
37703
29728
14963
8879
51465
59101
3193
35755
16209
4041
4281
50504
29813
48800
31265
34637
51487
24700
55454
28936
33509
29152
19060
33910
6665
43563
39796
19118
48396
34763
42779
54000
27488
53367
57759
2236
50375
7460
52734
45532
33707
50965
52012
28053
32268
40000
56816
44863
49220
13535
21686
14475
57447
18455
34474
46883
41136
13283
9040
50657
52275
36573
53612
52032
25375
49271
57381
11674
51476
6758
40649
24779
42387
44200
8507
45396
3875
6462
2370
25266
39949
20340
42109
50326
35907
56902
17702
40184
46336
52679
34
48755
39995
6925
11936
32919
38213
30067
38703
36737
48442
43153
14095
44851
50040
54361
27071
14318
41143
56808
45202
58887
49006
33412
57360
16204
13351
28576
50301
37622
13718
47451
52787
50929
889
31960
56463
43628
55140
3570
11759
52985
43012
12267
10671
30251
40696
40716
34579
43011
35561
1039
41111
35608
12277
50050
15565
46638
43427
58279
54316
12434
47744
20406
8149
32764
49385
11988
49999
4503
57898
40146
47980
12966
13237
37691
43069
24287
38163
42610
45798
25499
41090
34149
34657
56081
35678
58037
48029
30410
59158
40445
47470
42167
26901
39437
16616
37951
9890
33318
45356
31236
20615
32595
58359
51160
2501
28046
29822
29840
57435
17459
40097
55540
53807
16270
23530
34746
34948
41857
21087
29718
29063
56599
2124
23480
58492
48951
46089
52940
51569
36230
12066
17845
13735
56789
31846
31956
11134
54464
49110
51640
43999
57452
34211
7695
32051
54963
10264
57440
44317
16509
24587
58133
56799
53268
36128
34137
43494
12520
57006
57934
32658
57266
57114
53069
15129
25419
47812
46224
31924
5806
23317
28717
15096
49563
23875
8138
35665
59085
51675
15719
29763
28338
7697
20377
7649
54849
45315
10376
27172
53251
37260
32276
37734
37029
57235
11573
42059
2464
9346
2907
51974
58418
3272
37198
53928
57969
51456
35905
35447
4239
36240
14972
58273
13404
18019
52791
20576
44489
24466
40755
53911
10766
31075
50722
3209
11968
40642
57433
7179
33863
56403
31958
29522
40326
2313
57222
35384
55737
37896
28155
30541
57276
12913
37797
41363
49111
34611
37821
13866
14726
28783
40243
276
5976
53214
12935
57835
51584
17543
27296
7236
19038
45052
54175
7206
45448
49994
14991
40141
54341
58667
26345
49486
31325
23213
40157
34994
9155
39358
23958
35466
31978
21777
57092
46994
9259
35545
42941
2184
46535
45656
42805
9804
47016
58229
24858
26257
51030
51481
12747
1529
35586
51887
45646
26337
38678
39440
22071
35250
4570
34652
34817
41826
43585
41318
55629
34419
56933
56199
18565
23150
49003
23633
36281
12530
11351
29776
46031
58213
36311
36554
35943
4799
57872
13882
3754
10925
58488
13607
43108
12470
37531
50510
56158
38093
8843
14080
22552
45509
52228
47440
58788
35644
41736
29105
13863
48674
47983
40824
39742
35745
51888
14961
53385
10876
51473
40330
57384
30520
40923
4271
35602
34978
26553
6716
33108
6207
56623
16501
52563
44936
39501
30901
58232
41055
48700
37773
18138
25546
49169
37740
45824
30580
38638
38920
40896
56776
25256
30397
51428
50374
33964
25891
31830
20575
26003
10044
32619
3758
29494
17712
48980
19079
49054
46337
43388
20318
52873
35720
58190
43644
4227
10203
40810
27113
30186
58711
7522
41685
11620
49337
35930
36216
48451
6970
3379
5990
58456
53584
53199
50834
41183
43752
58815
20175
41725
25263
41579
57510
19813
58237
46892
38858
8350
2074
40657
21360
31499
30232
14812
12891
41185
55105
52331
42999
56032
5260
42400
55849
56185
21860
32240
56267
19750
53220
32150
25896
8372
31175
4806
36321
37925
25900
52006
53555
15306
32572
52363
51301
37991
56556
37753
42219
13389
31786
15381
6138
35226
15965
38253
35723
43344
57246
36370
33924
23907
34410
45048
27070
31870
4270
32239
46348
7028
55545
4779
39285
52272
57810
19378
11588
39042
29664
35707
6785
56429
55893
43330
38534
57982
38672
15384
39811
43397
47027
54542
28285
25804
28531
50773
51190
34164
36384
53360
23127
45842
2992
49742
39184
26792
47705
56607
48312
48825
45290
15572
38884
49481
8320
38147
58152
58141
5828
45762
41215
33123
52010
10650
24994
41848
37088
52962
44959
25504
40406
55663
14544
7527
36586
49154
16766
8384
42206
42391
12112
14153
41808
34684
21581
7953
26961
48871
33404
40660
56498
34530
55521
54052
42703
53563
32560
38601
46192
35509
41477
16243
39687
48724
27762
10349
30231
12359
49482
50034
34535
53503
11023
6350
54134
54673
25471
10323
57135
53522
14848
57067
28333
46509
41620
31084
55988
25068
57328
59152
46694
38877
57819
36757
3841
52778
11119
12395
20975
41220
44398
53140
34126
37885
8915
14385
24755
37985
13047
52899
41400
37507
6225
43424
23177
21304
45078
9356
31953
41264
10390
45036
43383
53408
12698
39193
19302
45418
51953
27160
1147
58073
54962
48563
43475
38065
48145
2527
57163
30581
1541
55872
10593
41311
42832
57596
10362
6617
51127
35259
24425
19869
52831
40271
14189
41195
1086
36426
44904
41358
40008
51183
53072
47852
44633
19109
52493
53670
43052
15999
37388
42537
32281
47786
42401
51758
41778
57180
35321
45650
27449
45694
34573
17331
55516
15177
2134
49491
30253
41490
23950
6675
38788
8604
58914
28799
17654
23308
46345
33692
56145
42347
37756
49329
20395
56325
39304
37242
38110
38781
13787
39224
24330
44079
35275
38779
3780
42375
24418
56564
35014
45853
12578
28616
9309
49584
56954
22291
50516
51839
29045
14130
53941
32133
53506
37599
22921
50403
48383
43322
33024
40936
56181
35291
28506
30084
35928
15945
45793
56846
16521
15360
21914
6219
20492
58731
20309
57524
26280
16850
32894
38225
49468
15911
33720
54881
14574
57205
56806
36264
15547
57961
19678
51978
45809
49749
47488
12724
56712
41830
55856
33999
35812
2056
37692
34291
46272
41031
23531
27307
30830
33970
56330
54498
58245
46052
12756
46714
29073
58079
4946
51439
15454
30292
55168
57804
45789
33997
36244
28994
53576
2270
4340
39299
43527
40776
49226
28556
3762
52462
79
19448
36400
39443
55052
58852
8808
55800
8394
22431
25822
32470
38567
23903
8380
7559
40218
51912
30691
4475
56149
9801
53396
53473
54645
27358
19555
34578
48880
25340
8478
43911
35768
46511
44506
738
31267
53605
53866
38143
9773
1272
48675
15039
56430
1936
36505
25383
31221
52700
31454
34800
2945
46999
49896
41330
37372
15085
34227
51995
40213
2382
49940
8104
18180
40980
34320
4186
45110
11463
23631
17134
35630
46702
57895
11578
42949
35734
50475
36223
5505
52053
42157
57940
40124
56433
37304
51341
9488
52110
28503
31648
50532
41498
40098
16246
12062
57468
45276
35833
22680
40736
17874
8608
41860
52751
48337
32272
12021
54500
47531
57870
43197
6697
14691
9506
17202
33432
57087
56153
4856
50629
26029
37645
30712
18078
37434
53096
40644
45360
16545
42729
54550
2081
6490
54622
12345
37905
49081
39555
52724
33747
8455
58694
19139
45168
31331
28750
31600
14463
46855
46522
16445
9698
10247
53303
32715
10082
20249
47866
33857
16247
37263
44693
6130
33946
49288
43438
37752
25573
41773
43575
30614
9243
7457
47946
16133
50582
59275
3818
35037
2158
46937
3543
49148
33085
53666
35221
41466
58119
39940
55228
3132
49681
35493
51994
56104
53839
58441
4267
38609
40319
42614
55288
55218
53276
55446
15437
88
33942
52007
7284
29126
55425
5890
23858
42532
59183
41896
49593
26387
10802
39513
56541
21361
55261
47808
29442
29183
30274
41148
23443
58360
33812
3834
53049
43867
10511
26366
43835
59172
7805
13617
9825
10660
50278
57203
52989
13374
46092
14215
11314
52203
24312
5443
3499
28167
34156
52951
52187
58883
31766
53381
54167
18101
23852
46474
38839
50242
30021
57373
27204
49487
50011
49023
20333
8623
9625
51637
51589
7118
38059
34436
54638
52803
36108
20332
46666
11597
28571
55898
55402
3172
50581
34186
58033
14945
45299
58840
53187
56285
1811
33693
48216
2063
21998
40902
54155
33073
7840
43618
43895
50632
55354
31751
14766
46259
57297
51633
40653
13703
53939
20346
37716
50378
1897
59226
9027
49696
49299
14828
41391
34174
53211
51378
29363
33775
51397
7628
41868
46124
49651
41976
34155
20344
1685
49473
46289
54079
9413
58230
56492
56947
9899
30478
57780
40312
31848
32141
38751
39867
48778
35067
56955
23997
47545
7241
3849
45195
41817
18662
13241
42316
32570
40739
17453
34735
30058
14282
12456
9728
16009
52427
43993
20387
14101
36019
57717
4884
34658
41818
46661
12485
14913
30854
41793
45006
57748
54914
15756
13186
50673
56404
35083
18255
23601
53425
59204
46189
33416
16190
46299
46298
19724
29483
31509
38121
38826
30312
56243
40738
52546
41292
29828
40661
48580
57879
34712
29755
57476
37798
41160
53652
55206
2937
24871
2732
54368
53439
44230
30993
12727
15601
27744
3832
49930
8592
22230
40841
47386
24265
14659
52020
40937
38981
43283
45440
34976
24479
16556
2228
54752
40412
9629
54613
22536
54315
49025
10525
18965
16235
4963
46983
13786
13678
56814
49438
49527
40084
12286
268
41924
40928
34974
56979
34794
31838
9524
56982
31284
45108
8331
8486
20397
55287
50371
22754
24634
45258
7016
42878
3868
38888
37278
13193
57167
15472
23021
45372
47394
41938
20695
7464
52832
31833
25689
21838
57724
7158
41174
28959
697
19363
42144
54630
10509
57680
24676
12327
34850
37566
57525
16629
6205
57145
49583
45152
44245
736
17816
16747
19327
58129
12871
26611
36197
34119
6804
57399
48077
32745
41008
12056
45597
49694
14625
12251
42490
29053
30442
11533
52263
8750
57937
51413
29508
8990
7721
37954
53610
14324
32731
19865
28006
22315
20497
41646
58670
7406
16249
58330
58120
29719
29102
37852
51503
26876
59186
30365
48893
18829
45334
32674
57184
43855
31066
53270
9954
50426
36213
17490
27777
58797
35066
51185
44014
44950
54020
59179
32806
57821
1566
56074
41054
33254
35429
58285
56142
58459
15767
55132
32055
42365
50386
7591
36138
58204
12271
45121
16945
19119
58329
25613
35307
7359
23508
6894
58551
41179
53421
50467
36423
58158
13875
52657
24925
58202
48091
10240
15753
50987
51448
54254
58260
15943
6637
34005
14903
37948
20565
55230
7852
5432
49361
44554
40321
45883
49548
45016
47540
17100
25283
14539
36386
19374
14690
42403
14404
1088
33099
27967
45033
35464
45274
51689
43295
25921
219
33382
55990
42875
8920
4313
40295
48833
58162
42994
43056
22306
40442
17495
45154
18020
29750
54414
16879
15939
35046
51467
54246
55529
14262
31347
33655
56327
59020
37641
33929
45795
29804
20434
10555
33583
51485
53383
32045
19293
17503
41333
38634
57553
22718
49192
26937
7228
35080
58408
25318
391
3552
9282
19600
50664
42313
41696
9104
45414
40850
51265
47563
57846
53452
28406
57787
33387
16431
55480
19461
58699
48560
23577
13084
55524
43754
29895
20544
52434
57332
10546
41331
32884
7122
34914
52045
58791
12417
13042
14280
43362
51137
42564
34927
57500
17286
20518
45584
51639
51024
8194
18392
54910
58829
40083
35976
46290
45151
49442
8036
10612
51851
19881
32209
55148
35965
19643
3858
45180
22323
34961
50042
13916
39434
40845
1991
29462
225
1943
12329
9274
45724
58876
51786
38966
58183
45324
27674
56196
52428
19883
57282
34068
41852
42648
40211
38161
44963
14992
22336
59023
10121
58381
22979
897
39806
46725
17659
51471
10026
37583
28701
42415
43590
40557
58351
50599
34620
11964
45167
23572
54654
48248
8019
13222
39627
54371
28410
34262
31458
50044
25458
52260
58155
12411
8713
22317
49747
35225
49946
54717
58067
2080
45297
26588
50700
54021
45397
51159
50652
22372
50377
7492
36879
52602
27789
34361
23033
11084
56523
49503
55070
18075
36599
42638
52694
27220
49389
25475
53752
43517
38258
1979
16239
33695
58584
51559
50540
42306
56415
48028
13381
7484
3788
19903
42570
52742
13314
35462
47026
57324
41329
5782
33658
58546
57562
29812
7053
40853
57166
47594
35035
14054
16056
55259
45002
3716
48185
42226
58203
15053
24129
37180
35967
37409
9999
18751
56974
15399
2052
11508
47530
43224
35076
46673
25969
49790
29834
40667
32607
18763
56469
36888
11398
53617
47858
55020
31692
849
20656
31157
54665
109
42804
49685
38891
42020
46830
27986
52255
23762
95
25652
50443
36516
37166
22999
44153
51858
52818
8162
36542
33217
10242
40204
3397
51820
57970
53191
29281
58312
57417
36849
31078
51108
58481
15934
23891
54012
57512
6148
13154
58597
32264
29110
5795
7620
41412
26195
10413
49313
1941
1125
4674
34785
38173
43843
40551
35374
32053
44030
40281
11350
29846
11437
55765
5838
14142
20388
52744
54982
57313
10781
52866
53257
26586
40280
50817
58209
44956
8298
42838
9280
24409
36755
32579
45326
49715
4992
45995
33696
36272
21127
36226
38171
45594
53266
35544
33675
51643
36660
41267
58685
36427
13473
25470
13057
834
42473
49114
41614
56431
42780
14834
16892
42471
38186
5020
15507
12688
44202
386
34314
31671
51223
10643
50445
12074
6560
45075
41578
35368
50772
34665
56426
4326
49155
48618
12624
23182
56583
37781
14533
39944
55129
47621
50600
10142
57183
43488
19035
8638
51099
41125
23067
41944
30945
39410
2563
52268
56456
14032
27838
1123
53419
34205
42836
30167
23018
2329
27671
48762
39268
52573
45735
14421
11604
33955
54226
40919
56381
52095
14660
34699
9705
51902
54694
38068
32136
37585
29568
38120
37856
37922
47728
2143
34491
37755
36449
20694
46765
826
37902
6104
2048
50543
36796
53215
14609
57753
28084
15355
33637
47618
26192
52911
35861
52865
57631
9493
13226
16108
40820
12790
11224
56685
9516
26250
47558
58325
54770
32622
13242
45221
13211
26282
20430
23441
13554
38902
14145
4673
49938
41137
35715
13924
40339
39063
49682
22569
20641
18616
40334
9074
53128
13185
33969
58920
19787
29563
53365
50503
56528
2654
42182
58132
39359
2036
37835
57884
59138
36830
17113
14740
4347
42255
31946
50706
19524
14231
18469
53302
43013
43038
48558
2857
58127
13294
25512
86
45888
27530
13478
28998
47877
53665
29194
57796
2484
13958
46208
19116
46556
44909
39679
40770
57579
30109
42783
36965
16576
35238
48869
29285
57789
38589
23147
38226
55969
48119
43272
56927
9836
4162
45138
17461
53646
26163
13848
34565
53064
40624
11015
49899
42145
45462
25141
5905
2059
54024
25509
54640
20366
57416
58793
52366
49328
58841
23763
51318
52662
58134
57869
57233
11594
52113
19284
53399
39739
34576
38789
57559
19051
25034
42199
9583
52699
50177
35753
57371
19372
30071
38123
42078
52015
19821
40217
27819
53066
28069
43919
20489
4869
13993
40927
25940
20610
42596
35065
55254
21985
46365
37929
55447
28151
50496
59184
24837
54332
56699
14894
38651
13091
48604
57443
38921
50933
37610
36262
57094
43445
5880
52769
21118
52126
20569
43405
12609
40552
45302
56567
14021
28013
37687
59206
33668
7516
58184
10798
38080
37280
58345
46110
36367
52133
51658
56362
39553
35738
14702
57283
31512
44640
35343
48407
53702
39222
23962
47199
30320
37209
56035
17505
56003
39885
9078
32709
31497
53032
50057
23855
10771
32684
40964
44922
52123
30451
33306
33280
56246
38628
54194
54420
55530
11884
44900
37547
8847
57560
44183
14264
29029
28561
45672
41840
15151
35427
13347
10944
59227
34542
14744
46533
41387
39143
20014
56969
42376
13997
24062
38262
57839
8669
32831
2595
56565
54442
14105
22600
42771
43188
56242
50937
51294
40467
52140
7383
2089
47417
54
39483
8175
54676
51617
29137
46670
20379
56302
40500
14010
31250
43967
2952
41786
40634
26654
41401
1856
46730
54082
54230
52018
48962
57412
56412
41859
20513
3519
34896
11148
31353
36980
16761
42124
7957
38517
51215
10153
55122
50733
51769
17991
41356
41929
54591
22313
50932
43365
29506
17583
33868
8475
17676
32940
27611
52139
42831
35431
2150
11481
18067
34309
47495
51508
42646
56168
36589
9885
13616
24259
53194
55843
49122
36808
54299
33817
33816
55172
55389
32059
2008
56068
58340
25628
41970
58564
52842
54631
6595
43708
42932
2470
10874
30858
35868
38584
51015
49344
48543
9273
41616
3903
53438
28811
23551
29144
27568
16020
55508
31467
12035
16251
52013
20619
50621
3508
23129
50339
54425
34214
58379
38665
49379
35993
40737
37334
17053
16883
48646
28295
29743
5876
55914
24414
4064
56520
52616
25227
18876
57307
40643
39497
40224
431
19342
49781
57482
44176
58790
14034
31696
9665
53572
8929
35894
54681
32117
51950
40040
57076
55110
38380
35338
58837
58426
36816
26047
22969
23276
12275
26717
17412
41601
55756
52750
13132
13577
13815
58531
7542
56419
50746
14396
41456
51151
10582
54318
55211
39960
19344
6788
34118
22447
46788
41470
33408
47202
41150
41093
33256
39043
14524
44902
20254
31064
32247
30085
51970
18194
1924
32960
45411
28238
38122
42434
33585
52721
58074
54237
58017
4297
41572
50794
488
48989
12416
21017
51840
51187
36451
7727
32319
56722
41260
44911
58270
47430
36073
8931
45999
6640
27199
56861
13671
2129
55181
56512
35079
16860
41936
49847
42184
43220
23384
10670
35048
54762
36199
1523
46342
55338
27461
18390
10616
15141
32650
57790
25929
56780
50930
3218
20463
57455
10155
16320
16126
54487
55777
36090
45592
33683
12867
49137
40233
32366
49061
14018
42240
53417
36369
30323
56632
14079
20012
15451
51744
56830
34250
20374
49839
37611
13943
36752
6875
57867
31731
34018
40981
11913
6352
41110
42418
8620
26767
57415
38162
13803
8192
48463
15813
19891
58758
49706
12278
32969
28836
37012
28218
31183
31098
49353
48021
15064
33834
57691
45381
55217
47137
42115
6268
41298
44379
53343
53184
32679
44100
22136
57966
45767
46277
37041
41065
29660
56788
27881
2944
28978
43006
43077
49320
55953
38528
6109
4462
42823
57828
56454
7407
45347
58264
36274
18365
42132
53598
483
56103
45115
16678
14908
51034
16806
12354
51403
51513
395
1951
20375
25056
32216
8406
37636
27559
32069
52224
13240
76
2058
12845
33086
35382
40698
37909
13625
41492
41598
14684
39615
24450
12902
6270
9631
3518
40284
16014
2405
14947
57085
18507
42463
18555
4393
11040
11548
43601
39531
36795
29861
2738
59218
55071
45785
38620
3699
1875
23377
38070
41581
37886
57830
55275
18458
4663
28490
42009
48579
56422
41191
21036
29217
55043
36385
42704
35714
45686
22477
28528
33151
55146
46823
34007
54128
35408
51997
29132
27037
34087
38969
56877
52116
42380
50063
5542
54300
20380
10872
41684
41699
14516
10261
37940
42953
56201
38050
28878
2312
20057
43450
50412
40636
56218
55636
25978
32456
57746
46275
1197
37643
33926
46998
45823
26417
14780
20525
52213
55495
16220
27398
42451
53570
45933
40221
19030
42933
35776
42702
56399
31589
4240
22528
38260
54477
44738
43024
16964
40071
25170
51427
8396
40363
54461
32448
36141
41769
29098
52858
53508
8328
33257
52770
31865
41666
55055
29040
22175
18
19479
21489
49711
54780
58365
37528
6902
19959
13348
58563
1449
13591
35228
57847
52898
22818
14151
1953
18288
13003
43138
57586
10715
55770
53137
53013
10656
56853
39182
57346
16231
42229
37261
42835
44403
53478
47524
42209
37484
26448
43367
53776
30304
32416
46873
49336
16121
18552
41444
37580
56584
32478
57323
13039
41674
42088
54188
8936
55900
6349
42799
39447
32227
41171
39111
34780
22747
49855
46806
34627
43779
51299
39961
55633
51729
3232
34714
35400
59177
28355
14774
57243
40437
5897
41202
25132
46016
12308
13403
45544
57198
59136
30862
2713
1404
4346
41640
15628
22564
31628
29690
32215
52871
52328
29312
44951
53325
57241
52895
45227
28674
18570
45949
27222
37979
53382
42223
13622
38203
42644
17862
49441
11994
45160
54620
56026
24065
9031
48937
57031
41334
47874
57785
17580
23251
43728
55682
52614
53624
36361
53326
51943
52995
11328
13684
17493
57361
40228
40665
41807
45296
51138
51669
35984
57965
2577
11642
14559
59231
15632
52538
999
7348
12468
52612
49734
11132
20306
50786
40032
51322
37026
39908
41513
31262
49489
40200
43277
30400
34968
58395
27982
9513
44894
344
3169
5760
40291
43182
30936
40230
14076
13989
48428
41297
49058
40069
51008
55749
24921
31552
3847
51468
35636
45000
19456
21757
44974
49236
38774
38580
46265
50762
43026
1920
25336
14518
38363
45177
33341
46947
40288
39159
14512
25905
40081
32860
25812
53185
33376
31094
42332
55505
52936
41659
15469
42410
35245
53159
58207
46059
40045
47981
2386
43260
53004
32409
52844
2986
36435
37544
20367
35674
24165
42392
41822
14995
49590
45139
40158
621
40498
19039
53054
23148
36209
36131
64
40215
10949
45429
49477
35845
53019
37425
51116
40812
15261
15678
26397
21259
6238
18675
45512
16789
53926
35779
55431
51927
49731
20474
45119
20730
27344
15025
45214
14048
58166
31457
34383
23595
34490
55787
14229
12767
13864
32517
28200
19457
11686
52999
32452
57515
19428
37454
5677
12232
41139
41180
23331
54205
15910
13214
57809
14241
57575
14553
11722
33135
4293
33241
44568
42902
36626
57185
96
53557
44761
52089
43078
43357
8935
45890
14735
50898
16754
56060
53358
41488
7731
8233
47815
36288
36151
22711
19370
6211
12464
13879
45113
25675
37255
57614
56384
15219
23194
18330
57696
59270
41986
28260
43049
16267
52907
42680
57577
13218
21
4630
26676
4815
35537
54809
40802
30894
15858
7316
270
7787
37134
6604
41750
32611
35380
30949
44682
55932
56401
7903
3216
57410
58422
39429
46333
36201
40846
3541
35716
11079
52084
17256
28263
25713
48657
56887
10468
17685
17566
40905
14790
48783
36157
43173
8512
50740
10046
25746
35926
49014
53172
24005
13826
50690
30013
50815
23830
45675
50660
43877
53527
26124
48374
15657
47232
47931
58537
46669
14469
27928
51538
40686
53035
52322
38988
41332
41365
8244
41178
8040
54124
7272
48830
52670
17801
12393
41072
24944
58609
55592
25341
50407
58482
48412
41351
50038
16675
55970
29127
23504
58529
46526
39765
39001
27673
16279
57178
24385
41635
38708
34715
50103
44958
39257
11319
51837
40020
23518
40546
13807
51409
54508
17681
2368
53397
29468
19028
35728
27164
12374
48221
32943
4416
31970
7326
38416
5810
36517
58642
14232
29444
31700
39769
59096
19227
25811
42827
34286
11643
46767
56045
42103
24343
32785
18456
9275
54031
5900
8257
58677
9741
39924
45868
44949
39152
56479
27004
14068
58314
41904
46987
42887
14131
25839
51479
31982
19282
27501
35073
31277
42236
1288
8732
28100
48105
48985
36261
2290
43977
19024
25321
35378
49152
56340
42789
32067
46674
51328
27068
58251
20321
33649
36724
43306
34207
46633
54800
39148
58274
19287
41146
17153
28361
50745
38989
23073
6663
27463
50654
46297
57338
56748
51632
25153
57453
44088
57763
40722
58317
23467
894
23041
39180
57137
52066
49321
50661
6263
12979
35366
45144
53088
51590
34700
46655
37182
16240
57569
56394
51245
27626
32697
45330
51631
52661
7634
9252
36624
3924
2910
17494
2613
42653
14716
34640
30603
55401
51209
23795
3733
52847
38964
16272
59169
40669
59272
9486
22656
51152
58027
21920
25974
39478
41839
33400
47437
46161
10811
49770
56539
12268
16479
57880
43995
9228
7439
43823
41371
43147
49850
16053
40730
8452
11943
28310
58344
25694
279
23575
6557
15894
21870
54633
33060
36040
10952
52537
18753
20435
42174
6722
202
49867
55738
3130
12010
51872
36507
45164
42481
6278
8263
54926
33380
48403
12551
16495
16158
51782
40668
40361
58347
14501
33422
58578
18958
58977
45963
50622
31612
22012
13661
54715
34482
37667
57530
32675
23282
4794
30331
49133
55959
7364
56522
39245
37455
11397
43299
8786
43766
41206
46744
57850
45748
58623
41385
19965
17018
28830
44508
30134
32638
40189
53374
44730
13194
58326
11014
14039
37068
35946
25055
53500
47962
21356
48482
23803
11111
57994
35381
9626
34909
55453
52349
45412
10994
23348
30086
55781
53150
29509
16104
39130
34489
48124
53662
53950
41850
42744
5042
28693
2448
5952
42414
57450
53291
34741
13976
28123
56679
51725
56002
35579
45828
11510
53642
50983
50420
3419
15560
11106
47008
9721
15640
41872
57877
14012
44943
42979
10358
30988
40201
53152
28257
40542
34212
30139
4152
50725
7757
36909
19290
34952
23481
32090
34331
51564
36140
11471
12336
59016
53236
13337
42442
10174
56519
36444
23106
55344
14969
53197
56432
40585
10745
35254
10691
45682
8565
34702
47042
9270
12476
39617
36526
32075
332
53625
42019
33879
43510
51333
46050
42264
14411
56971
31144
41569
49183
2407
44725
26564
56435
36569
33104
23316
45912
45249
53084
30601
4504
47375
53864
46445
31854
35026
32810
26276
38081
28027
57422
57889
55713
51823
5572
29437
57929
39905
1171
23327
53392
50744
45010
32503
15882
31993
4011
56420
10446
30657
11201
31297
119
43032
23290
54304
49262
10378
5299
4197
18208
14173
52305
46358
14090
11342
57271
50343
2821
27956
39467
13523
43507
35119
12847
25616
12258
16846
40191
59219
37499
12504
39942
29454
33230
36610
48594
51324
42786
30395
7676
3857
23943
55098
37226
45184
35334
5873
33105
46338
17881
59237
58478
26277
16250
56096
43799
50531
37784
53124
56673
56962
32584
15677
41362
48376
54990
41404
38681
41322
12957
56126
45363
25961
57816
15195
53110
9279
40067
29057
881
48218
46022
57394
38938
20372
6513
39955
58121
49139
20857
24393
23266
14584
49414
43795
9729
47317
17
23649
10183
1565
34179
25526
36298
52313
38399
42017
50049
49027
49158
46688
49902
30664
56217
11768
34181
6222
42749
29485
8718
40470
54011
5718
49011
34686
48333
8319
30905
53065
8256
48443
33823
27812
1961
52983
4368
26565
35596
36054
40382
45303
42670
10436
48365
48913
20484
50507
56841
47228
14070
52223
44366
10696
52632
33326
12529
49602
53686
35107
11895
59188
36081
58307
25805
43731
50045
14677
29226
7425
43018
9296
29903
57868
18841
29645
45425
45159
56848
52273
54522
19729
56205
1173
6086
55210
54278
11717
53391
17982
14865
17822
23254
34931
48922
29790
48630
23820
53068
52766
58361
29201
51488
35089
58257
57959
2211
48559
40304
53790
33645
54184
26481
22465
47172
32385
2220
30843
35864
5894
28347
35620
45580
34972
44592
39308
32484
40422
53737
31033
1683
9235
16150
6466
43014
39900
40176
46554
24818
9504
30061
34297
47550
52024
355
44937
34496
2092
53795
12173
58787
33385
48642
42183
18973
49915
36067
55444
39491
33704
11311
473
19081
14176
17695
53530
41602
50509
57583
55064
12825
44547
13928
51798
2771
10939
1570
35276
57073
54718
38118
40793
58906
31034
6397
45340
37317
38784
2421
49911
42282
52119
36620
52079
24560
29562
42892
175
51298
19259
48625
9776
36652
15981
37355
58794
5872
50111
19328
9324
37789
54320
31266
59230
31056
51807
39398
16448
48740
49757
57098
12721
31815
6792
41145
56852
24080
12409
13416
54280
35023
36421
11780
31488
17560
50922
33487
46105
34056
33447
36309
53541
42102
14653
13618
50558
42732
2087
33556
51624
49782
35911
55790
57285
7431
4693
30548
1075
43707
34408
16191
46260
32545
43633
4142
42870
9600
13813
57074
20364
16587
57425
56117
41631
9160
43490
39703
3033
23273
50520
23951
14005
36154
14276
56478
7605
24392
19773
16028
57359
11283
7167
43132
57441
24523
52518
28568
35044
33659
4117
56581
10879
34123
9817
39323
56359
37801
51545
47028
36992
40310
29435
54013
14397
30528
42394
15270
41084
53275
54468
25735
50913
14893
13796
26286
53181
40804
39294
50108
40695
48254
58281
58130
39996
25234
14925
39228
52381
48707
14859
50807
15262
22300
34152
5429
36155
21806
31055
17997
16985
10157
11488
11602
32306
9542
17006
56960
34076
19879
52863
55419
20336
4831
27214
35437
52202
18686
9528
36955
45409
36812
19808
41869
22941
5784
42692
58313
52
2505
29497
53308
36195
50190
17447
24504
2263
29753
41644
49216
38792
31032
51167
47233
11105
2623
41838
37233
43559
40609
36962
45938
6878
12060
19525
35480
2594
58490
1933
4122
24458
13427
52310
25578
14083
44133
58224
32494
43155
40389
43333
27636
32123
38985
20383
42754
31986
55641
35704
33383
4919
53070
40461
58901
36766
45958
7318
10335
34810
45388
59068
6343
45287
21222
29906
31701
41218
21542
29409
14046
7576
47564
28732
55278
24052
51692
42432
5676
5866
17896
37871
20113
41407
41677
44461
37441
56998
41209
41714
39599
21163
56574
20837
17951
47216
5724
37737
53743
36222
53658
24552
44225
45025
57207
16054
14863
36314
51795
9440
48505
13158
52952
52196
58053
43321
55813
45410
13031
50550
11601
51255
53947
13839
27140
23278
57268
48071
35633
16567
23472
8168
14063
54536
2101
204
4278
39151
29269
58751
58323
37056
7033
30946
29106
58113
18792
42336
49863
39850
50820
27621
15530
57260
24368
20464
48764
29171
3978
43221
4209
51652
6855
36013
42242
23835
52136
45264
19112
52711
47562
18671
26725
6930
54774
3869
59193
30137
40534
44955
37626
10786
47948
17809
34954
981
36359
10073
40579
55061
53192
43787
13991
36191
44174
6920
55564
10574
49952
56762
37184
48888
31318
10215
10962
13913
33246
27469
18670
39743
57339
27625
8345
13664
13302
35339
38463
50748
39699
47519
31164
23791
48419
50384
23431
46932
38235
41315
7720
9428
56652
15197
57820
37699
39212
8522
26380
9263
56527
37006
43423
48799
33444
30416
48761
58289
40209
27974
41048
14970
18986
23537
5974
51591
4099
9407
35336
22068
16458
56597
8838
58243
29352
33525
24529
30271
36910
57792
52124
49050
18937
2072
9623
3047
22783
40117
7470
54432
7403
57139
46319
20031
28198
58818
25288
54443
57430
10354
40675
13574
53535
45317
57247
55175
5681
18336
13643
41526
36957
50726
40397
53748
35531
28829
51177
56215
10091
31639
9103
48925
4301
24641
8700
51836
52745
6412
31391
58126
54336
34073
7552
45550
52578
11909
26821
13996
3714
16528
9266
11782
41682
41286
35353
1853
20707
58457
51566
54719
5867
24296
52406
40656
19257
4062
49265
15484
15926
17312
10130
56252
19180
34537
20954
12634
50529
13487
13985
38843
6329
55022
53651
54981
57016
1455
42565
52391
55081
13619
36960
40759
57912
43164
41720
19173
14096
41103
30596
13470
7728
22805
19333
28242
4995
34114
58049
50573
44248
37269
18437
34920
43955
57972
28758
22750
45895
53342
42443
38626
34877
36789
34485
57984
56043
56563
20477
39134
55380
47835
19435
33743
54387
55745
30484
13386
15253
9283
34540
57009
6853
55659
11192
29403
38031
32669
13567
42668
25433
48541
19335
56879
31745
29445
2223
48856
48782
12975
40821
34373
45232
39566
31990
32605
58433
53130
28153
11659
41246
50136
47411
45114
9813
19852
6895
32135
58328
30896
15830
9139
41115
48610
10853
32129
38544
10228
23298
48115
14143
38819
51269
48510
46808
19562
55464
57570
34991
49017
58315
14044
54017
49202
23901
34124
30592
52108
43673
48754
6582
2156
5789
44576
41405
31359
20514
57750
27053
49735
14878
18857
56206
7532
13048
9621
7593
6627
23303
37465
57299
4988
33261
51351
14517
25130
37234
2675
58302
14184
44880
13189
19250
22268
39200
17552
10841
38623
6246
45954
54217
3561
48362
9195
39791
10230
41971
20228
45813
53601
17803
34392
42421
14675
34019
19236
18459
413
36402
34012
47580
43451
50736
53051
34158
27257
34923
40950
9781
47647
26262
25548
37865
57991
41566
15608
56468
35476
43447
27141
15581
50754
43015
42189
48339
6850
46877
40038
35540
34162
18929
57099
51847
18821
27766
29457
56554
37927
47996
46927
48622
54493
56922
50148
36317
44328
13231
45787
25796
38265
24598
48945
50883
56234
4876
22787
26072
35033
38325
33687
16228
6341
7423
26503
20452
56675
32604
37923
50634
37374
56411
11460
14645
29883
53026
16489
22524
58277
46282
57405
54810
41293
50524
51431
52913
52691
29340
10682
50541
56655
42013
8308
54646
33648
58167
52635
47214
37880
58428
7466
47640
10116
31107
58775
31474
6826
760
34313
26201
9335
41922
24582
41439
56847
39827
50662
34398
9498
19509
12949
18309
7283
499
1194
58450
42202
57320
52282
23919
3174
15668
6908
49970
42331
56895
46418
58252
11029
53240
22665
59127
36746
53017
48758
15330
42304
33587
51058
46969
57755
42773
11924
50450
30430
54958
37562
46524
56568
27667
46518
50727
51268
10198
51252
30399
4881
39967
6079
49119
56663
52505
32450
12947
46350
13846
33530
35922
28093
45965
29801
9935
40717
21063
25303
39642
59274
43323
46056
37671
13701
2752
31113
7800
30226
20357
24008
28284
46415
50835
13789
50436
18295
39808
34528
25265
49935
52507
45943
22197
8480
37145
16311
56240
58044
47116
54941
7354
51461
42007
37617
52954
13726
41774
5359
27006
52479
14134
20506
41715
32608
36761
52698
56274
54333
19381
23342
3221
17861
55154
15056
15491
26728
46537
27351
48733
13238
34459
25611
25966
52306
50583
12964
23733
39656
21749
5889
47074
53974
51149
51869
51205
34380
37094
49036
8275
56664
6661
29531
40715
45935
22995
56980
32717
35280
45057
18824
53606
57576
9135
55190
4146
46575
34461
46970
51677
28424
37252
16296
58495
17622
5525
16241
39290
5908
55627
50689
33186
7225
18855
52794
59209
38200
53657
41131
8513
43301
40435
56400
6426
7140
20715
10686
57999
11431
37711
47608
26138
24078
56374
48068
58054
51948
38292
13676
33653
26153
28574
13267
34100
53314
18234
29149
47003
51908
35863
46594
20890
52857
36975
13159
51172
57956
12332
15121
41225
58051
12604
3742
57695
2070
55376
47515
6477
42905
34882
14191
17933
17857
54074
6398
45262
41088
56482
22554
18207
45100
51150
50428
10637
13731
36011
4192
41426
7622
52072
28367
19634
57598
8924
40362
17599
29657
39529
38040
55195
38244
50324
38294
2719
27403
25440
36327
39226
39775
14448
53793
35058
42886
15665
35614
57688
41622
9538
53936
45218
41668
3297
33006
57327
26416
28140
50921
6250
6032
26900
14753
38999
49157
39886
42788
39324
49778
37908
54324
14025
54309
58730
47539
34922
7766
30159
42640
36900
3493
49802
47160
29814
25960
58036
28370
36484
49369
42684
59115
10765
20315
58041
50505
40252
13965
28127
48956
11211
47193
25688
8511
42091
20455
40635
18351
51907
43382
52499
41883
41295
4889
54022
19099
31869
50679
28583
57842
57657
7508
58388
41188
23175
12322
32157
22854
24288
18838
7201
12802
49382
14821
51158
50417
41050
24454
55980
35435
50574
16052
40263
53380
10341
19948
15755
46812
49561
50572
9180
37051
4481
41590
36553
48676
41933
56689
46175
15903
18742
37690
57479
42889
14435
5732
20472
52163
1821
53336
48601
43290
15101
51947
42948
13043
37942
35740
44041
43791
46603
40504
41510
51857
27642
7547
57909
16310
23948
36100
55084
35316
43812
41338
48238
35365
5994
13245
44876
36363
20516
1859
42577
51355
7487
493
53015
45777
19539
36963
50693
43832
44142
53738
50588
22423
12123
43377
41064
7909
19510
55160
51663
48952
9340
16877
56694
15317
6217
55249
18479
24738
7666
22121
45230
16234
53290
15878
40569
23118
45375
53145
49794
49384
53186
13575
39315
54862
15221
46536
41549
14884
19523
1942
30996
9732
49472
57556
36854
36287
24471
51426
8063
39132
11368
35220
30812
43162
47182
55807
47291
7931
42637
31270
10807
58732
35502
42279
41627
46592
54140
24297
23146
41099
21878
13695
50556
8152
58503
41120
51358
4329
43528
43050
2498
4456
3843
41304
25129
34588
49648
53515
5773
31161
38284
32949
33470
5725
38058
29451
43352
32823
3095
10795
37039
34111
38578
55177
47177
35982
42728
34147
48392
31178
57357
41899
51682
36412
41690
23878
37385
37956
29749
7485
22744
11668
57228
21215
53838
21517
36560
19912
23285
9774
49884
49716
25842
58197
5570
14078
49116
29953
36378
12501
53999
21216
15986
33828
2408
28158
40322
49096
48899
33888
8279
52535
27693
37739
3755
11353
1982
42563
29898
51724
14747
41021
41630
57838
9465
46305
55688
12905
9083
57764
57670
35489
38165
6525
40286
37132
47418
53318
29049
29733
43871
12147
37615
57043
56428
43067
6781
58905
2
22266
30426
21644
52710
52884
10601
47017
9761
50333
54065
32459
58231
46625
19462
37061
57414
49642
46392
39487
57368
32917
11811
56085
23007
12421
39753
35410
19769
10548
11082
33216
21551
53933
40432
43870
42405
34488
9854
18907
48926
44352
37900
6626
13920
24317
1509
42829
29392
13301
22779
25687
3884
42179
43493
42291
57385
28164
54331
58737
35534
53968
51305
45208
48719
45125
43837
52527
57636
8744
32626
16295
50925
10624
42172
56550
52106
33887
19263
36429
8648
52686
52028
22506
13336
42383
39087
47910
43749
47846
22260
14329
44406
58423
40305
3837
31222
47918
38255
32311
41336
51536
14710
43448
14814
57234
50237
51189
24186
57493
39498
54348
51018
45234
4208
43180
3357
3532
16350
55167
19653
11711
55875
43720
14657
22400
50713
21778
17898
40174
50416
34740
41083
13941
40707
10885
34697
29021
38201
35842
50851
27685
14026
43483
47082
23859
9820
57983
8315
39331
41359
57115
26568
34103
46736
37875
46385
37058
35323
34112
42643
29760
57803
10577
22206
57028
50717
57310
10804
57376
42164
41390
38234
47733
34015
50578
47433
28632
42885
42420
35434
32354
49234
34572
45907
58557
28015
45558
49502
50739
57126
56094
45737
13164
35632
31484
56650
44348
53201
58912
11085
53297
8988
54364
2152
42416
58108
4833
47077
10888
39994
18884
37515
18022
56653
32654
7020
38442
22726
19408
7230
12760
57105
25157
43300
34883
19836
38156
13412
45178
35769
42180
11667
53212
6900
5797
23220
19289
17508
16227
42743
42396
54627
2763
49072
59087
58416
47586
45426
48739
7618
56139
41731
53263
42308
3271
22228
56924
30752
46266
42665
29034
35659
34269
31180
42326
55229
20932
50376
50765
45771
21799
40901
58723
56425
51349
57669
38822
52931
41257
42003
37736
12536
26363
22737
43409
40160
32665
2656
28588
28918
10717
51871
46907
47546
38604
55630
38285
22098
32655
45146
53443
53099
53644
29663
18259
43502
6755
23225
38515
19355
55272
16165
58903
35057
52719
47497
33375
47442
28408
54946
41210
52320
26532
14166
47947
50039
49129
42494
49813
36512
42631
17710
4903
8321
34067
54793
42774
13419
56084
16942
18728
54753
37612
49750
19196
26402
42959
6870
29916
41423
23288
18972
46630
55512
16173
13811
57998
59156
57616
49693
15737
11847
57505
41580
38212
30107
58015
46351
14810
32223
46288
13982
36297
57389
55920
35972
24431
28992
39387
45537
54454
2171
52644
49067
52221
4987
57565
23305
12083
33647
56992
18136
23904
44545
47583
3067
40313
51478
16783
58311
40740
45951
45183
41173
57817
8223
37810
40402
39272
33339
38633
58039
32736
54730
37464
44272
15102
49245
8352
37033
59111
8865
11863
25585
35413
4465
42547
15522
41112
43506
41061
40411
30230
37652
45818
19047
1915
32620
42558
25846
53659
55153
46317
54816
53903
27154
19415
50089
57059
14069
2657
28286
36577
26896
46344
11758
40785
53175
4091
25493
50675
52146
54525
52114
26344
12337
51238
19817
56677
48193
35186
46321
52984
43968
56856
42790
53499
41467
3166
12993
33543
19364
18296
40655
40282
9240
51819
44817
2867
16149
3206
27629
915
22586
16868
56339
8666
37754
52918
43583
2007
50253
56440
47572
34131
5227
7652
47802
42170
10714
58050
36899
59170
24318
43896
34218
41606
30343
42917
45768
53621
20189
19709
22168
49754
56458
16233
57408
55778
12753
4444
23427
52225
14955
57420
50245
38170
47058
7975
44975
25189
25135
31308
23895
46608
33589
45066
35500
42266
30301
2625
16621
52928
8463
22148
46915
48345
44161
45746
23893
33963
36337
58654
41252
25393
58352
11618
23392
9505
9061
19246
37631
48072
19553
29859
7221
33080
44021
48653
47494
18464
43861
34911
11432
20270
56537
20711
23466
24340
38953
28876
35108
39220
43729
2413
21910
28362
18445
1954
45811
41010
49334
50695
57933
40826
32425
11682
3145
56029
48222
47135
45043
44415
57049
52099
34171
27999
50731
41893
27714
20487
446
4487
40354
32304
10936
51699
45199
17655
53148
34326
9866
34820
57109
27429
8704
53271
18868
23077
20454
11619
20220
53180
39792
19237
7760
14687
22044
12890
41516
50022
56313
50571
50831
8801
17967
32156
56608
26881
58897
32948
49387
51437
37341
45105
45374
57861
25211
11021
36908
27232
40862
38239
48995
53362
37277
36754
42945
33212
34554
2716
56926
57989
57290
54660
32196
3158
34453
22988
14694
51760
47246
52157
40973
45070
45371
24306
46582
27786
19506
29148
42672
26726
46304
27480
42597
39261
2306
35344
41337
56959
48341
31256
36246
46647
25451
39176
3238
33666
34949
53513
35406
44978
48142
42417
24163
51007
43432
9225
33440
33271
45163
16101
5887
59139
32888
14347
50072
50718
38532
9906
56990
57866
56646
17841
33917
6049
13744
42937
44617
40703
48441
11058
41843
51011
55899
9034
55858
30746
13932
52519
11614
34734
44887
58016
9268
22532
38257
56704
53603
14111
36016
37868
50812
55977
34596
8938
55042
49567
7400
15359
51068
46722
45817
9511
31765
41144
4890
19507
34407
45852
19339
44871
18308
49199
12379
41963
23604
26442
15962
2305
27793
41283
35781
51321
6208
42468
56984
46134
4092
8326
23798
1232
36005
44149
56526
36939
54666
9248
29469
49748
38542
25460
58404
54601
22920
42162
48059
39103
48373
11097
53745
15035
20912
23162
45352
58047
18271
39095
13529
16878
4976
30797
42138
52896
16527
41576
57116
236
51386
54741
18765
6646
34289
27797
44739
50720
31808
12965
22217
44224
22250
38866
47043
31045
34427
14867
40063
26603
36217
28949
51646
35185
49638
52085
25299
10655
42976
59155
25672
82
54347
37832
48232
34458
3385
2035
11637
20465
34476
16580
42092
45901
36994
10449
30366
36160
47361
36568
33641
46886
34629
54085
48179
34206
23754
58399
49469
4387
22558
40289
52151
49786
49881
47476
6387
36379
3588
52115
50064
7450
18866
3864
45973
40626
55119
19454
26720
42026
45095
32290
58683
6629
26478
49440
29856
56726
54115
50842
36048
50827
42573
11559
42077
57111
40056
40852
43500
54129
31550
46658
41011
20591
59255
1228
26224
6337
43973
36072
56515
2568
48307
45940
38495
35302
42872
19728
47225
2208
56051
54979
36028
26024
39861
44999
11784
50640
13768
35656
23589
3302
18834
28649
55517
24102
40011
10256
26294
44916
56753
43389
58582
5796
36886
28328
6633
42422
35308
12692
11554
41664
17631
39231
58219
35092
46267
47068
34718
7981
18002
38914
50079
19447
16559
44168
6315
37972
30639
40159
53787
7404
30327
40574
41894
54772
5394
27597
36915
50523
18466
14462
5884
30534
58115
2673
43317
35160
28767
1880
9517
19057
31822
41540
42512
19711
23304
47065
51214
30897
59201
34766
13961
13711
36831
41665
58412
44832
49386
6485
57981
40781
36113
49370
7599
35848
36328
23691
56970
51262
51065
41858
49293
56211
56164
8561
51163
44172
30955
54274
56101
31182
1994
7216
26172
47651
53976
47978
55929
7319
34788
22190
14718
51391
21411
48209
57737
31896
43920
23006
35672
589
16167
39096
22501
27615
17553
47498
50856
6845
40019
42722
58827
57590
21634
884
7303
58034
10658
6185
2695
47968
51352
41273
48921
26519
6206
45939
48242
34891
39972
14715
46294
53663
14851
19798
27989
15361
43737
10768
32583
11609
55277
35952
53112
52112
16266
46512
34580
51822
30535
5794
42159
6031
51037
36124
15283
37638
43242
43462
4194
54736
38159
23257
3825
41871
54301
7039
58022
52169
33748
776
49534
25481
42778
56259
50527
4383
47212
42136
15864
56905
56991
3270
30006
29797
50743
11718
44717
2707
46645
28808
11483
12182
56801
11513
11293
21384
35731
36125
1909
2463
27732
27325
50751
52118
40380
25702
8510
42733
47666
46139
42435
25938
45769
45186
54416
53357
37996
33703
41384
27342
6822
44563
16508
14418
37093
50709
35335
44647
57900
46951
15869
7203
44125
51645
15980
34858
1341
28136
41366
14555
39313
49086
56387
48518
14531
12297
23235
56392
38762
5727
52683
29394
5822
45225
54618
40664
32643
52587
46805
7630
46205
17426
17871
28352
24979
15970
5877
26191
56843
22118
13376
52582
47560
18071
9525
12279
3235
33437
58180
56559
6417
35212
9251
58258
1099
46853
58698
31368
41033
42546
51064
7315
45950
17558
40731
56824
36579
29945
48191
40946
57418
34641
5546
53538
33258
18285
24412
53062
45837
50806
55820
5874
53805
29543
3724
25473
14194
5692
43232
35440
35061
47496
42175
58021
46248
18851
7371
35884
17409
46382
2166
35244
56069
50846
35759
58181
48010
56417
1021
27614
49973
16047
33483
43790
45408
56133
42599
59191
55012
3502
35551
1693
8145
40789
26743
16070
23078
58504
38389
48889
264
48499
43540
22582
35951
15629
32068
41571
15740
18410
31151
37290
45308
9426
3159
16633
28953
598
53095
38211
48298
26574
7663
52411
36130
50653
59050
38360
53016
28543
27254
37491
40971
10527
48089
57431
59224
50477
37495
41529
54546
43857
8754
58629
29756
36164
41361
55063
36603
58766
18969
47906
48052
45956
35992
39981
40351
2149
57250
9254
36515
57897
14540
30670
41198
19886
13139
56112
56813
1050
49809
11194
29138
57675
40777
38771
18135
24184
56225
52414
42995
25280
37529
7393
51103
52718
53154
36775
38637
34167
57210
58385
19483
36087
45492
56919
42676
26490
15988
31969
38824
57472
476
52148
39327
31537
45244
52232
10294
27315
41673
56538
36834
54212
13078
21197
40934
30333
56402
58122
40592
35310
16517
35069
53434
28971
33462
25421
53985
49454
41577
37545
53645
37467
34893
15460
11026
23043
3164
31477
52619
6487
48703
59205
57465
28048
39404
14521
37742
16082
58974
41087
40823
39388
14156
14197
45093
19202
34639
3726
58376
16185
47738
14327
43822
30413
40838
54323
12997
12921
31615
4359
30035
46483
43897
24731
54055
1415
48954
42488
40345
46276
47181
55471
40912
24760
59164
34904
13081
20570
38531
791
52976
52807
20702
52708
42204
21189
51574
12276
41282
16949
27434
12154
9291
35937
56212
23210
41019
11069
17097
15431
23922
18480
33329
54902
7711
16193
11035
46930
16940
36983
46709
16895
55465
28638
57242
36346
26555
35746
24592
22938
57808
44755
40348
12855
4339
53056
49576
46315
4424
47489
11457
14017
45014
51107
50485
37640
46291
42758
57190
31468
50368
44231
11161
8388
2340
45854
28980
26749
32301
10886
39112
6231
22634
51424
52379
38652
58919
39881
46711
41876
28627
23539
37217
20265
5403
487
27619
52481
53304
18186
37959
40114
35450
18922
54734
37365
31204
53348
31181
18818
7270
29984
1908
12401
38374
40450
55161
21381
54787
30415
32151
58269
37315
59163
40829
31197
36156
280
23940
22032
50559
47689
37103
2292
7049
42227
5865
11945
49112
26094
57638
26731
57857
46971
25133
31481
38636
27873
40725
31782
41932
42562
42796
37731
50070
27832
7530
19260
2230
53366
56850
28305
35446
25692
40767
42926
41641
11770
42286
35504
31951
30052
37105
46732
42891
10842
6434
50962
37866
40744
35363
14892
30696
53597
6844
16248
35246
5944
39626
10321
35371
34096
40631
48076
56186
28365
6671
20235
47005
27527
33634
32703
22350
41952
56462
34912
23853
14306
52574
44632
57936
759
15583
44824
41575
13482
27723
53590
1041
29288
51688
36256
34541
57068
6486
28145
24801
37152
39985
47997
24833
41078
46223
22695
48165
8517
29669
5481
40270
50614
8640
9981
48182
11515
28657
56177
5716
44928
45848
36057
8420
36869
47492
35084
22162
46555
53615
52464
56536
17988
18322
33231
31192
49991
57449
56582
51832
32556
32615
18258
56388
32346
35031
48878
11453
41016
59153
2784
40627
40434
55197
51879
9311
42046
5752
24872
44923
42224
51664
55227
37760
48036
57798
10646
10355
2665
9437
41671
49803
44332
52717
9796
50603
31087
33242
46460
2202
41834
55572
28239
6522
52588
36676
55164
16522
37210
46643
31801
44609
15203
28403
23416
22307
10775
16651
36433
14218
38018
31879
56545
55479
48787
47680
25449
26100
7160
17540
42837
25237
26328
44409
13305
30115
34662
25700
18503
5036
12072
50087
39536
12316
58223
15562
40607
13907
19776
59246
57045
47509
47427
12339
16636
35332
58581
45619
50288
40961
33716
40519
58235
4137
115
31438
51561
37540
5837
21006
6565
56875
57726
39866
29191
4342
16831
38527
55622
28716
13415
54329
10678
27660
36776
20510
34467
54836
43440
46792
28589
43154
57779
14880
56682
54343
53431
50033
33561
58236
40997
39211
2243
42213
11833
32859
28620
43603
50633
12931
31414
28724
7215
57121
32057
15779
13530
56907
8468
28555
42382
1202
39348
48430
59058
33853
54250
47829
21788
48439
3749
49736
40887
35646
35750
26253
56700
9087
40116
38240
39131
36742
38033
3722
43243
53692
11605
42540
36118
2840
20188
26135
33234
58743
42947
58172
29708
51056
34751
17884
50255
11389
34021
10383
46494
19265
43652
44275
41176
47842
32480
40988
38115
33276
12438
50491
59082
39029
42440
53332
2246
10738
58682
8975
1256
3080
42444
40409
33831
18169
39424
52894
45361
41508
42907
45851
56137
29712
34759
16463
7850
35032
9639
13812
34918
29585
34653
24791
2062
7019
48062
8090
56658
53647
50015
41468
1114
20288
57604
6877
43497
773
20154
3242
22795
47425
42310
38907
48516
31735
14451
41254
31829
41175
34943
4501
46760
11020
4306
31445
48189
44103
6415
22738
27688
50006
39449
37804
17576
40948
40168
52733
50795
49789
51432
35610
52086
58048
40526
20393
9213
11092
58092
32957
12505
28838
40537
14060
48735
8497
17407
56639
9681
2482
48987
27810
38679
49364
33677
36882
28894
15029
50399
16159
46417
41157
42966
9073
35021
34945
35229
58383
52939
10050
48444
23986
28025
4599
56871
40302
47669
41153
8867
28205
46710
9211
34510
56591
14752
18165
38194
40658
1645
45928
51777
49666
46283
9494
56382
18467
8944
50029
43625
21575
35827
6195
40161
12608
23134
34295
36025
41505
18933
38387
55075
13373
56116
1654
52812
20660
24464
54755
20566
36845
52579
58309
31016
46009
53002
9164
49697
28923
9675
53327
18685
44882
24424
11763
33253
18500
5339
46986
24413
46546
4106
25003
28342
56138
56709
11329
46590
43602
48458
34481
38154
48389
46811
15637
29388
21949
18403
49917
2112
14064
5860
45812
58299
34898
45354
55829
24477
49131
29896
34253
44296
51621
7806
41573
26878
48046
57883
48687
35789
48848
13732
50620
26861
50317
34760
51143
32353
44574
49134
57802
8001
5776
37937
49815
47434
43404
71
51985
17534
40819
27747
37588
45449
12321
13601
28276
3769
29010
19689
20225
23700
22454
9713
23124
23827
31231
39552
44043
8284
13219
30729
28369
32639
58565
42873
39183
39562
41324
9269
40074
58660
9453
34774
7369
40021
17941
33909
51216
58343
12821
29798
24546
49051
57594
9908
23238
10649
30686
34708
3286
8052
52424
44976
34577
12312
20734
12741
11585
39171
43284
58131
49304
51562
53119
29268
21316
59123
43664
48535
29402
56049
35573
37820
37411
38204
18176
23125
20593
13849
29676
50562
15611
56966
34230
30236
36551
50840
52696
17966
40036
34349
58451
31963
57976
34742
41281
24679
39135
23179
13200
3030
14358
36097
30077
20498
41328
14198
53466
46961
52593
41309
53208
23065
57466
50555
53697
50926
33933
49890
36220
39371
23083
6184
4238
14457
49553
10958
7932
43287
54101
24145
23947
42618
46440
27703
2039
30004
28047
57932
14300
56542
41828
53339
30432
45969
16909
9604
49838
34736
42076
37245
23038
15647
49097
15803
41096
38288
55946
55286
44369
39986
45677
15194
57091
4807
42549
17063
53073
39295
39281
17571
39381
44519
12686
27575
39122
39186
36998
58242
11658
57424
58928
31908
1573
36872
40294
37960
58160
