42798
34929
6241
38475
50115
5741
14804
36270
14987
54662
4450
20577
21367
38956
30995
22880
28869
19098
17472
37764
52709
13276
16844
34479
57063
38523
11030
12155
57777
49936
39284
58888
53695
39922
41403
3579
34215
31918
29413
34962
22511
34259
7424
52881
58718
30762
11826
53003
8664
50162
54955
7499
38883
15620
6399
7524
43186
29951
19542
43371
32699
37676
53637
39326
34605
57064
53832
15543
13170
1830
2128
31421
47063
57791
28109
45441
45581
53282
43469
24325
33650
46419
56047
42987
31145
9063
10395
40630
32897
18630
23200
11805
45420
12487
37486
51842
57760
41625
2819
15762
12143
58308
39639
17708
30384
26686
27542
40978
32422
44422
36571
51459
12029
41051
13012
38898
38366
20165
38899
40320
49916
11338
13883
53241
45236
39298
50774
15244
11412
41712
22934
41719
49276
25120
33919
22443
32685
14789
14383
16419
14578
44918
24169
34790
5881
22379
23339
37706
8329
38553
43342
38979
46099
39581
36056
3226
42139
52404
22114
34801
51131
53404
51228
32362
26684
23924
33757
34146
51425
46852
45849
42098
51686
45470
40549
54050
23849
51509
55450
17887
30913
52142
43349
4679
39119
48784
25466
36468
56434
38078
35138
54815
17940
24907
180
12480
29783
33781
9502
46120
55458
14520
20894
23553
9095
32768
38400
2042
39947
10278
41214
19818
57058
15638
39286
39230
25052
25062
35002
3504
39296
29844
17830
42714
16617
38977
40059
41212
39843
40369
53288
36419
23296
23644
38876
39610
20181
37899
53321
27079
32838
46352
19863
20295
51170
3421
51101
33109
17924
58189
40323
54983
35377
14910
48102
36033
29456
40904
29178
34507
56000
56606
53250
22527
18539
53042
35329
53553
18287
44858
53294
43890
13921
20598
23307
32916
58637
40843
40419
44594
34924
38948
2928
29416
12126
32573
41752
50847
39868
44841
47942
43320
51346
17723
4191
42833
40683
52875
57776
46876
59210
17313
49674
42214
31035
53319
50153
23580
42317
17678
12664
30244
11986
38875
51718
22280
49726
36947
10250
36009
7966
55733
57322
24314
23704
23565
8656
26393
47779
50855
31212
39763
30586
44550
12766
45857
3391
53233
11377
29722
20603
13553
17530
45871
26736
46745
38972
37345
43329
51287
12880
50753
43444
46013
34020
54183
51824
56641
27117
58801
42545
19132
38935
5878
42085
52030
9540
45228
7754
37700
57131
10173
13674
38104
24339
56019
38629
18572
6271
59244
22417
45972
12868
53411
43227
34643
30447
14454
57671
50612
32625
35324
39457
44986
13349
29443
27915
6611
37646
8222
53353
12176
14872
2965
22163
6759
38831
4088
55882
23198
34344
39382
39600
57511
2235
9920
51286
8169
27189
25826
23865
18807
3440
54988
40516
30168
35498
42900
19713
5385
15538
40403
39235
15729
26771
21792
51147
9522
49879
11415
42730
43000
22188
38467
36615
53556
53799
7345
4558
53225
30740
50007
10812
20227
57170
24207
4871
34609
57301
53414
21732
38138
40652
53301
56123
29819
7084
38892
17338
57600
6010
57532
14185
52293
39882
8278
12346
49298
53786
55325
3461
58195
15275
57296
26869
23001
41253
40311
38905
41276
57634
39856
6618
46144
23662
4166
47174
49618
26986
21966
30790
24332
23336
17732
57606
29386
52244
6761
25614
40079
39539
3364
36377
46968
50822
368
497
36611
53427
7123
21249
23484
4954
53788
41623
39047
6100
57561
32543
51327
18199
47626
24028
3538
20718
38133
5678
8472
38511
34599
52144
5998
56055
33913
43294
34840
16207
32140
30440
5579
5961
38940
52628
38970
45383
22642
1636
10498
47743
40559
5412
34538
30602
47315
14437
53681
25057
37608
37659
3900
32749
30481
10305
50211
11574
53116
2135
57758
39270
2753
37295
38873
40951
44089
23816
44349
40954
24151
59088
31832
11139
23787
33893
45336
35179
19610
27613
51379
11972
57663
38952
51644
47585
24850
8460
38820
53227
54440
27707
39771
19111
22152
35816
35692
27645
8400
47663
18940
37181
34469
30507
25575
43285
5958
53782
4417
31426
56636
11849
43331
28118
46084
52888
23860
42216
41360
52132
58394
16750
50992
5448
14513
54698
45384
10539
45137
24976
46065
47502
30623
53355
45251
8997
5440
56968
14370
23178
35412
46055
57720
23708
25326
19564
27717
49835
42150
4762
56678
45759
12004
12844
34533
35552
24668
39196
52078
52188
50986
54189
10896
47421
15303
37342
20911
38852
7511
4210
7109
11630
28584
11888
57171
45128
27992
8600
19695
50825
31119
23706
33180
31462
34551
18909
17183
56949
5743
32
39051
4683
35345
33891
27748
57491
56739
31790
2815
51883
23957
41784
38904
42033
19362
4016
39894
41947
21994
38526
35651
53428
46130
43097
4401
33281
41301
13893
57291
6368
57460
51565
54328
43418
37154
4178
22842
55798
25030
36821
2073
30916
11631
34527
57712
44979
22066
51186
33358
18420
15315
40879
55510
38733
24658
10474
22437
41864
28447
23621
56616
37448
27400
57668
11949
29180
53403
57662
45127
3181
8942
30039
50435
9201
37057
2422
12474
34753
54880
45327
52610
57771
38975
49688
23010
8757
50832
41925
57000
29174
12023
52262
29835
58561
33451
35991
58447
18063
2850
11798
29691
24878
39105
8629
23785
46899
51288
23058
52729
8898
14712
23808
10959
19514
501
24945
9052
10592
27343
41287
41873
37681
39168
37591
16199
32748
36020
53317
31876
14841
14734
39494
16110
25044
22311
19164
26149
37978
2967
4488
49402
34161
53735
7452
42253
50714
18872
57309
55489
14014
46407
34680
18713
37500
38960
50814
20699
44365
24067
32575
6327
38967
3156
46520
34108
4892
50511
47694
47806
40471
46069
17379
38273
23014
52674
23274
51451
42850
42441
48659
14862
20604
22314
23844
49906
19830
38973
44776
6641
33170
26027
22637
40167
53705
9953
30689
58520
42314
17265
27396
33796
37578
14824
28973
10039
36003
57548
39188
8368
45603
24828
29793
57118
38125
42580
14391
52288
56195
50960
10314
59048
25590
32574
19441
42930
26569
37788
48180
39502
2972
51100
52685
11654
22154
41837
53283
53298
41147
43415
38191
11919
45132
38965
23636
38276
40629
21424
36934
12995
4309
33343
37595
30455
33936
30354
46093
12822
35433
14570
51993
