14088
13395
43637
45804
56918
6584
54951
43546
2044
28234
30856
41885
48277
52949
45399
58700
52208
20232
57004
8418
22239
46024
7743
25459
48766
52848
43881
43612
23721
4477
30706
4317
1498
29447
46819
24197
23786
49585
15011
7767
32210
32027
48144
1156
38067
45788
13192
27054
1783
53785
6846
48639
3507
37096
21115
26212
29661
4772
7623
59273
39557
12002
38615
55162
47952
29041
32968
8560
845
38192
14006
6464
48486
22211
56865
9329
32686
8332
45997
15131
25253
58946
50225
52011
6536
50935
8365
48664
55273
42337
29954
4311
9706
28007
28383
43194
18939
24236
33699
45478
54306
7075
37668
48794
32084
39839
4321
8397
28604
57002
695
58536
16401
12116
45084
49167
31656
22542
44150
58
31171
27314
59108
43121
43946
21229
30974
44017
43915
48056
11813
13745
22193
47084
32365
53083
10987
38903
49033
43926
38861
44189
40151
1762
2002
47848
7322
46143
47528
52094
15660
41052
36032
15474
28330
51032
36053
42808
48017
45188
50850
49510
10369
52422
1179
40446
32174
44173
28933
7387
42585
44616
41544
16016
25553
54602
121
10214
33698
20915
36777
52290
47144
14381
9106
31965
30668
30655
44960
8239
6127
56950
2610
44724
43246
45158
9246
35005
58099
48607
51843
698
33937
44618
15907
10289
20478
6935
34200
20298
43981
34659
45170
50106
40748
42615
55213
31810
55303
31399
58889
8812
25778
9611
47544
24222
49760
27815
47783
7125
8357
21137
38827
57916
35843
38614
31828
8663
33660
40061
28397
55310
58657
52155
33986
227
7006
23054
42983
25884
59055
48508
37321
33725
40511
47165
1574
8980
42690
45076
27208
3796
46021
6469
33498
48708
43966
2363
3438
12673
31677
44891
51673
22329
28402
53932
35679
48885
40407
8305
56277
44382
56506
7943
22987
35548
57572
46353
40801
43550
43949
44042
48858
21784
13006
43659
43139
37183
30576
15088
22849
36669
38745
44800
30
34157
37568
43722
52516
13802
44507
10423
5683
38922
52960
11031
49075
33584
19455
4662
57701
40963
59121
15553
24773
8912
30749
14756
50124
50764
40043
9191
6251
30373
11480
6435
8958
28390
43196
12459
32109
42239
43772
51671
46373
38335
49872
37481
7673
39609
53012
6666
36663
51891
24457
31425
10032
33132
32510
38107
47909
22293
43875
47987
31498
11359
1129
48702
52909
55092
22653
10030
21156
40266
24938
1387
41486
51171
47888
30195
19253
42977
43394
58935
49925
38893
10380
53593
50358
8359
44132
59018
47742
1722
6797
31959
47915
33536
44789
48632
3692
3180
8316
21666
35695
30748
57805
30265
57917
35094
11346
18527
2497
23749
51020
37048
57557
41511
2214
8347
23458
49919
25777
18405
5659
47505
21861
35424
48965
12879
46070
31471
46606
35414
35404
3948
23052
47856
4294
9433
26168
29484
10184
57924
38453
14316
43874
29131
4886
53512
35871
51991
46423
40460
34345
36250
22459
46247
55766
17690
38576
51499
44165
55187
3446
35677
22839
31767
46906
6374
38252
39965
41613
13950
55309
58278
48511
47125
42931
30322
49924
49392
18087
50041
37349
31791
23857
22895
37558
42374
40356
10690
50019
41348
17172
49762
10
48614
41344
59268
13401
14948
54382
41759
26797
54268
32772
19935
56621
27850
13123
9668
27416
52431
39930
24588
59074
46595
43798
2229
81
40632
1618
9916
48792
42767
39195
31268
43127
36103
23516
33938
13393
25769
41263
44333
12328
2450
38872
52403
17255
53938
799
39962
21794
16699
40480
9703
48955
58560
23086
10466
49898
42734
32592
42812
50271
42082
12085
47298
28713
44645
3031
49529
10892
58455
46498
55198
3581
51482
55321
56734
55860
58458
472
39913
55188
34306
29370
50003
52993
19029
30719
26780
37539
49988
22421
7703
47867
15580
2203
52279
59008
4722
9897
22013
37763
9165
29614
38434
46911
39126
55603
33166
6442
58820
2477
38645
26507
12542
53815
38707
36479
53038
16962
28956
17918
24305
39860
6463
8424
54015
528
8832
21241
29825
44338
40747
17254
25850
36917
45986
53057
1444
49519
5774
51166
43730
24892
26798
56883
33738
47095
52564
18548
33836
43773
48861
13613
47719
39874
53347
53149
58006
517
20425
11133
27302
25231
35772
51694
55913
47175
45764
34261
43553
9310
53797
56551
25220
22651
47454
50164
49190
54761
33352
35594
19753
43751
45283
25763
44367
25748
56024
8122
57238
44098
57312
47571
32671
9635
34049
30778
43748
42929
43230
55482
23635
30587
22894
41422
41977
43680
3402
50394
17107
43461
35949
32420
35303
1497
25602
11254
1207
55021
40577
47693
55143
51522
43309
52837
57506
49827
53305
9286
4115
10531
1191
43953
38863
29169
17873
8009
22416
31071
46896
5531
30316
47121
38669
25780
47264
59228
50141
33905
38347
41937
57925
34098
38535
55996
47568
43622
13083
42519
33759
39210
47126
32217
50861
7044
52617
29779
44613
8447
56672
50052
18592
33628
53089
35729
49717
38003
40794
6074
49650
44191
39266
7746
4400
7352
1270
8340
3425
52615
33289
58548
58062
7636
58019
47940
18683
54911
32677
33082
43654
9379
3183
38268
56483
41709
14806
15090
36753
25442
22769
49480
1590
40749
2711
23916
49172
11615
51146
19543
26140
8540
44674
9230
51665
23825
40918
50747
48284
53725
28943
57744
29492
9372
2258
2364
54257
33169
34838
39465
48411
7388
44879
42424
53588
24196
2663
1143
53458
42513
38800
34473
38321
30891
48049
33765
5621
454
2146
34429
54275
53825
21504
47284
46413
58575
45012
31283
9232
50636
2196
53079
2054
36667
49913
25608
47089
58530
36043
44768
20901
7716
56580
3304
12795
48680
1477
5422
38471
44662
2173
30685
1971
23163
54436
53560
43298
56472
57915
55475
42475
37264
13860
48635
26622
17510
55179
49278
56286
49153
55562
28788
43337
23685
49883
36007
55433
5397
52461
15192
41799
33884
47801
43430
25639
48864
18157
38667
1819
10964
48346
7157
36591
3203
29168
23774
55566
18648
17875
15810
24686
209
38747
50054
48006
567
13096
41874
47114
48744
14449
1445
52247
28030
45190
36658
49886
30798
7667
23905
39958
22469
53472
25729
35407
54857
373
12514
18210
5489
1926
9277
45484
31363
19508
52488
47905
27224
14830
34497
35087
6823
46798
17910
14178
55546
52520
23667
21655
46628
44155
42378
10260
38237
47951
44996
41430
53190
18041
42373
48039
1048
51353
20689
52330
48620
44688
40137
59216
42543
53437
50419
31176
41910
27980
35869
45516
21371
30069
47273
11145
47782
48016
49606
18895
51423
10486
7327
41753
30621
21663
31532
45246
54267
26854
27829
43641
14486
37860
37230
50793
20966
23559
35074
35762
31037
51080
25162
40496
51762
41168
55343
2303
47984
17463
35477
49921
24968
57637
36074
51923
37633
42551
35129
52585
30726
41745
52008
9345
42131
22039
2003
43513
14665
57659
39468
32506
43239
33555
43695
38520
49800
50167
35236
43640
4802
45992
56511
29711
36991
33776
46857
47648
26626
30388
4877
51940
56025
39316
48933
33943
48127
40041
30377
26668
38668
43085
44723
16079
30953
50931
34568
55957
43174
36375
32547
26659
54229
46939
52271
4875
38312
35998
45862
36905
46874
42389
8450
43762
55385
39760
38664
45430
49710
15048
50273
34045
16768
36294
44405
18401
23108
52567
15049
43460
1845
48818
44480
41119
40685
53352
47566
21482
14797
38053
57529
24307
24107
57329
22561
26435
42972
36691
46917
39252
52494
1807
36518
48903
50028
10626
55757
39048
2356
45994
58674
25803
47534
42991
12309
16046
11960
41009
55916
33982
37119
37071
8313
51707
46995
7643
38175
21042
28181
39520
29991
57438
7579
54067
16738
57088
8615
35761
8051
33549
44116
55392
50763
2881
44401
37587
24498
10978
4310
51266
38072
50696
45008
40861
57294
48988
23496
35312
10031
292
14530
38744
51184
33614
48148
43425
45044
44932
39794
10420
53923
25409
3387
58038
39213
6038
44962
37313
38545
51701
31744
48661
56308
8855
30376
37433
39871
45250
37787
41447
28608
46721
31344
58114
38624
53468
16
58709
52917
30669
36597
41450
13969
25567
53097
47119
52684
29503
28688
22517
48829
45407
9672
2245
24903
8221
42658
32432
38164
39481
50138
37828
2018
35819
6482
51404
34358
41159
55656
56619
1958
3521
4180
16115
28318
11551
7493
37379
25725
57344
25774
45444
20752
43642
15590
49631
55846
43925
25477
36439
6153
48160
55270
23638
56289
51200
48268
53772
55305
9617
57196
35062
2601
33398
31539
45122
6484
159
32261
58552
37735
13652
38631
36399
50694
40452
50200
16511
51013
46287
534
6707
38242
7910
50316
15966
31147
2021
49316
40728
58669
29716
30174
24593
22225
49450
52245
22281
24355
21746
3492
41308
33005
49132
48233
30044
50282
53337
18832
30608
49174
33829
40991
44201
1815
10339
13067
44635
39256
7650
33204
50241
55819
555
59071
36647
800
23542
48426
2293
38177
6798
51077
29800
30296
36465
35709
53373
47186
30000
41515
58476
9782
13612
57192
20967
54263
11404
7856
18174
9305
54760
41582
24455
46712
3744
22907
55304
35148
51678
26361
19831
42848
53924
58568
49053
39138
36388
46875
57519
51666
33482
12828
49305
20496
35114
42354
55366
23883
19080
59065
44226
35940
9089
57153
33513
19504
27077
16611
2488
24857
20067
39635
52456
45861
36027
20582
4289
49436
14839
11116
47723
57382
11625
32993
52314
2496
53896
45278
25634
31407
31921
57794
3168
7978
42477
4746
48842
7964
17417
46965
40441
39845
48199
13013
31842
41500
41607
47991
13334
29971
8306
6994
1550
15046
12444
20359
41081
59033
23872
49397
4519
33455
399
6702
49108
35038
53880
18977
13104
55163
9924
25019
8003
52439
35093
54501
35392
15642
38786
40522
57462
50272
56343
54106
34143
42603
54163
49156
6191
44199
44007
30859
52376
33392
5490
44060
23695
38932
10632
51420
55299
15297
39543
37060
32083
3987
31358
48797
6602
44243
25200
24939
12471
33492
54334
1718
32249
49447
14244
59234
7200
47759
46772
2509
27742
47079
36446
31220
57021
19386
43621
48404
29519
13884
4348
13119
58939
31641
55522
4720
25198
42178
3104
32479
43119
19627
55925
3148
29796
13271
45060
26535
51731
3626
48020
19667
1223
25741
20639
8361
55262
49339
53766
33189
46960
20009
34677
1568
12145
56264
9529
47300
6621
49617
1888
24933
45085
17839
35169
24954
4505
6530
42693
36406
52681
58288
5656
22572
7331
41892
44767
56576
32003
57704
20785
49243
24276
41107
30040
56057
39217
6432
48930
382
36144
29561
47151
8465
15541
39928
22998
41679
43860
37728
42297
39236
44138
11792
47493
33499
46393
47324
43956
10977
14990
7377
32094
33504
33027
22157
37128
47757
58545
53917
20581
49612
31847
8116
43608
44731
58111
44111
18614
25847
36312
37916
40121
12307
22595
30147
32858
45810
36319
38653
8399
26456
30151
20733
36101
4640
8151
53820
51552
13704
34604
50380
35347
34590
47096
23401
46843
57741
29656
51044
39778
2237
32816
41950
2204
44031
31622
49270
54789
30832
19844
41435
44000
3955
45505
41825
48768
37224
52906
947
24918
51129
19406
56697
29477
20688
44118
39519
43412
39623
31927
59162
57039
31889
38100
37075
57061
8048
23767
2231
3038
25167
4140
55097
43928
53589
56572
6373
18230
9828
47588
42127
12435
50018
51213
9839
32308
32641
31504
42301
9660
49479
42574
19320
44295
2655
494
49417
12305
684
5936
52168
6932
50920
31482
40328
7588
44135
56284
7764
34059
45309
40115
29428
49201
28156
13862
40476
47197
10973
36120
33178
8349
49895
38639
22844
58999
52021
10034
50896
43842
25605
3348
3199
20877
15480
484
56373
2033
49629
51987
4709
3651
59167
43785
30083
47130
34628
58792
13357
51078
8552
7085
6783
311
40993
33393
37998
55467
10545
49118
43187
34195
13833
26211
20106
48656
16025
57286
57788
56222
51881
44503
48613
9661
5474
24930
779
47231
43775
30800
5486
8391
5737
22778
32077
8160
32367
30546
49777
9088
38625
43883
48597
6449
47229
29956
47901
49730
49077
46845
13118
54169
3605
43524
52204
55497
45390
14996
839
6952
55556
37286
24161
39903
9175
44995
57751
51720
12406
40834
2537
55878
44791
43191
56648
22429
13153
50389
45459
29397
20326
55716
34887
41701
37483
33833
34776
13038
53568
37526
6782
52503
32154
12303
24408
2351
135
46644
57896
46133
19034
31370
7191
57335
27981
55486
25039
7921
42719
19193
3482
52997
52447
37371
48359
56668
36282
22710
23576
41353
47110
53400
57358
25555
44946
45256
37398
41396
55057
38916
19094
34592
13384
6825
52035
36684
39593
13
858
56859
49105
56470
58610
33927
47511
10472
8191
56269
51944
49845
58437
29425
18998
39935
18096
44324
22886
16968
48468
44391
37961
4829
14268
1030
41703
24893
14075
1674
11868
17367
1832
19974
46103
57851
606
2011
33580
8901
51307
18615
52981
53125
52031
39492
32990
44475
30266
42544
13125
25577
7098
25229
40042
13753
6676
3890
33689
39959
46194
26732
42921
49355
2012
52234
47776
57617
49636
57473
11544
8286
39061
25786
52159
30773
43996
58028
38612
25257
49451
384
14085
36167
7233
6852
47023
48619
37383
58413
58331
10023
22974
16065
37569
4717
9145
4783
49712
14939
26449
58035
40171
3466
43840
27798
8392
38282
8987
42647
49209
58973
40979
43610
23395
31162
13423
24142
51952
52156
56657
31009
43538
32598
39911
12288
7500
33651
52440
27267
56169
27044
31789
37270
48774
4587
6160
13853
38152
43549
58943
49998
5528
30043
47320
23312
19898
53755
50423
23584
37639
23813
53931
30227
10830
3567
32088
26789
56771
4300
43833
24558
36275
44057
6609
36036
44678
56165
54584
38640
41095
36982
6963
48811
40940
3170
53545
42740
8835
43525
49362
29248
55216
38760
32876
38787
45604
33697
36326
36203
43703
5633
48984
35297
32200
41249
46335
45389
33259
9503
26661
51094
40472
7497
50009
30808
38533
37506
49113
45318
48292
13361
48026
22588
57229
13963
42495
23491
56952
34425
392
434
7751
34324
39876
38113
49020
4846
58533
33535
21354
44764
39383
8293
5635
11509
29090
48207
43289
49849
10262
1137
30567
54792
51273
30385
44075
12080
59223
55358
23394
31939
25150
40999
37054
44535
19552
35016
193
56819
48781
58855
47340
26486
37121
38593
43974
51749
31139
11815
47152
47969
427
852
26073
43908
53800
387
46990
31768
58316
41738
19136
40387
8290
44307
37709
40318
41373
57255
59051
38109
23211
41887
53640
38241
19226
46572
10599
31941
11851
48285
29283
51577
18100
30957
33165
30310
6026
47263
43212
12109
17740
46020
30444
29458
38599
52631
54479
23164
31167
37435
53529
11528
50047
29559
48281
46253
39780
41341
43788
45467
29775
11062
27299
52397
15595
7190
38034
460
48585
4226
55170
29674
29685
43128
29985
6828
10946
1264
32002
6492
18928
21625
21557
29583
47756
14832
56095
55741
58929
451
31172
57650
17916
4338
29480
42334
48710
18640
55455
20028
40565
8720
2118
53176
36541
5285
15060
29324
12662
3414
37294
17950
30030
6272
56502
17042
34249
31427
26529
8016
21569
57922
1572
37589
9786
9242
48138
40509
56773
42370
47894
10501
59036
49908
31449
59207
53586
33682
59092
58894
49975
37520
50645
49591
38054
3017
55513
55271
11985
2163
45325
35359
39258
38701
46359
8542
32663
9261
49041
40086
5417
30407
51347
29806
31404
39602
25762
47747
126
56858
34614
25624
2041
8694
56802
41669
9294
32786
31517
56067
46263
46809
41388
40001
32405
42381
46127
55322
340
33797
56618
6396
45207
58986
35421
18312
51226
65
46910
56578
46198
34414
55298
33897
18595
47832
43573
46513
36605
10594
35671
26550
35647
48749
13872
43629
25781
39162
22756
45988
34471
42485
40680
32668
25217
58070
23143
40399
12104
11907
30503
38856
45058
39317
34799
38770
24544
49352
16652
39306
25750
56408
46758
25587
28051
8209
52227
11560
44431
9459
58477
44945
46157
40080
56230
29807
43686
29464
45089
50415
22622
33914
44805
4272
27537
38507
43834
28985
31976
19205
6915
5277
29630
35210
44677
45106
47266
56874
54587
39601
30818
9150
43903
30157
50067
38968
8905
54799
57258
55274
39068
58248
30785
27169
15498
30964
45373
37765
14045
37062
51302
50437
7034
44228
49848
43711
2005
9805
9314
43709
16061
49433
57641
12541
55994
1217
41978
54786
28055
8312
39852
5917
29279
35961
43547
56521
49689
43710
43402
51118
39259
55289
25242
37474
57093
43856
415
49471
15896
47301
47083
49289
40762
13406
37624
46933
50084
32110
13388
38320
19496
29913
18718
49982
50893
51357
48347
58293
32128
58346
17528
13232
50906
7965
46601
34539
10027
6679
30346
56015
58761
37874
14193
41592
118
35248
55649
1715
38851
39021
36332
19015
10665
53053
12681
13970
32453
17942
36428
6078
54795
56237
11438
49880
46916
52261
58148
6622
11993
31003
31872
50864
53836
57102
43830
44485
37018
48137
31306
8245
44773
40335
32279
6946
20466
10897
34863
20612
39099
305
43308
48260
9019
12833
48002
35029
48479
4895
24473
30099
24327
19584
37293
4476
41570
7785
9151
54861
12084
315
37222
19474
29829
17050
19904
51201
1352
47097
18820
1753
13157
1760
43302
53243
48696
52592
9366
25775
17635
57262
14577
54806
31065
38572
50889
49028
50698
23314
20226
39084
58580
49598
48230
54206
35251
57030
10729
8449
37185
39255
39322
54517
33125
41152
37502
33370
14731
43862
53024
7656
41226
38342
6991
43435
2468
50337
46731
49954
53146
22126
27428
13516
41303
2987
41060
39914
6745
6939
35648
52257
10992
29079
11118
36887
52182
34638
51074
44487
37776
37769
38837
42429
43161
58860
18750
31772
52753
9080
13121
43705
13387
15015
17922
11951
51026
29996
11984
37221
43914
5899
46614
45017
32633
57129
47259
32713
33723
54765
24292
56961
37473
45187
36726
56973
15123
40832
302
50360
40134
39822
10007
901
36459
44965
323
9708
33553
41711
39740
23063
44233
24114
39884
49427
3946
49707
33033
9245
37153
3907
39050
4086
12250
44458
11640
4696
48804
40440
59240
39594
52287
49634
29071
36208
48167
40507
40340
31352
48949
56270
32564
38661
30046
10024
48589
37439
49977
41307
48994
2050
58020
47880
39816
16055
7832
39804
16871
30975
19923
4307
57649
6871
45018
29173
10429
49543
53446
17688
1538
3192
48187
41063
29446
2095
39764
32062
51036
1154
59235
28278
49929
39160
59214
50821
7083
49013
57911
25788
39785
16081
38166
20033
50392
57535
51493
39187
52460
39970
5637
56774
17986
49536
47535
3319
43136
816
46763
44285
44214
40621
28028
44385
25114
14781
30256
32501
38855
55554
13935
26619
32258
44850
40132
13524
41960
5221
44141
54515
47449
11117
49864
24326
46895
8005
49314
34585
1360
44994
41643
48683
48691
53247
58559
7015
1851
40076
38673
7846
27321
36127
56106
44707
3594
23066
33401
7280
5953
40510
38881
41913
11253
1786
7456
37695
30443
41595
11126
33182
57920
22025
58247
15117
50166
56238
36198
29773
2064
47376
407
47871
52166
6563
47088
471
33967
30612
50274
9568
43719
57947
8130
24602
47098
40503
53496
48031
31006
56272
47032
18719
49356
880
24825
43845
50354
10960
27715
52650
12310
49672
12428
36583
13589
46637
39976
57521
58622
58768
54005
13583
55492
14359
39561
3821
40009
12852
55490
2234
35333
30837
22663
13320
34062
48801
44433
30704
32165
30347
20719
47093
32187
32184
45468
13820
43676
30335
55614
31901
40587
40871
40811
50292
19472
45097
24446
2660
49083
29493
39925
38448
36973
39071
39522
43454
9509
40469
41317
47985
47720
49586
33570
5702
58603
24417
2689
44852
19230
3495
45266
54635
15653
37812
15648
35182
25569
53420
36441
8595
53344
50323
1921
12988
41897
23675
31072
55102
6310
12820
46388
41732
4012
26315
58879
52966
47734
45024
54391
50085
39829
44261
34804
48054
43806
32345
6455
419
59171
5766
3044
7872
4621
56182
46185
50320
45778
42487
8296
49493
37237
43615
19445
18035
56869
49577
43310
20858
32724
49325
49610
47280
58500
31816
18007
23004
50014
33152
25910
25544
47704
12371
32005
34166
12306
15016
50609
39737
21499
42472
45482
12489
48338
25772
1716
47091
35689
46159
21637
29782
33674
40265
29303
1385
43401
47122
36493
1809
43592
35397
29471
38044
33576
8407
12159
14614
39993
31060
6132
34350
53847
32746
26707
57624
3747
34000
53249
35215
46217
57427
43994
53394
33032
50502
2248
2524
22601
7613
53286
24636
17329
12502
25782
27334
12238
26960
38016
8742
44164
19633
42939
51263
17644
41251
47847
8348
56577
41459
5993
44853
49138
18512
12457
52630
55089
33821
32497
47740
39738
43137
33804
6891
21876
44087
51148
7686
49619
52480
50336
1867
4260
35293
45322
56928
58661
7000
51198
52296
32410
6653
55377
29912
46109
925
47854
2345
52713
45204
43821
40692
31100
38345
36616
52834
30007
5067
45790
39328
29295
51841
48857
17701
3039
12094
11405
21964
10178
46560
31281
13957
8247
58572
43634
41594
18715
43237
11904
9680
46045
9644
244
34292
3813
27468
50048
48723
11918
11019
39368
52970
6995
1209
32568
31153
48891
58378
57018
50759
59151
37459
25791
58809
32647
55203
51022
21374
51558
25236
41721
49595
9223
6789
29412
33923
20670
30987
6843
35364
29905
15428
10557
25776
41155
7025
37179
56221
31323
11653
35895
39612
48950
1145
43778
31831
38116
56598
43893
5781
43181
3937
33598
45031
10586
3798
35559
3339
44015
30062
39921
47830
43336
47876
3337
56466
24822
25476
52302
36432
47976
56594
41428
40520
23715
2162
2777
29786
6657
54248
58068
22596
37427
56548
27124
40990
3472
18650
37159
9851
6178
25944
44330
17574
12564
11889
40556
40398
52550
29278
30590
41866
25142
45784
58032
48916
46926
32657
47791
41728
57927
43854
47826
48919
53689
1578
47190
5153
37498
29631
48946
48863
8805
45830
34303
38743
15396
48069
37319
55528
24854
43853
18121
16492
42989
26470
39842
37136
36699
18881
6981
57855
7633
47136
51206
50845
20382
58615
47845
30565
33119
22964
46878
41889
21600
14163
55026
31626
47385
44687
32089
51175
31548
32797
46375
14057
40505
8200
56224
43123
14919
45291
9638
52796
18360
12281
56033
35613
49871
29215
49166
43684
11824
35239
7506
43699
38834
38942
52283
40833
58891
54209
44306
17960
34028
49603
48581
26035
56383
14541
49046
10923
31997
42701
11954
1576
37870
28772
11010
58896
34184
53858
2294
42578
25747
6448
19648
18676
56173
57928
5345
35313
48295
46621
36371
8327
41961
4154
38119
13699
23015
47611
25468
39139
32645
1037
19757
49435
50226
1704
49962
55837
50667
15573
8189
8576
11450
10560
39732
4756
29396
22374
43905
38568
37195
42350
49557
12341
38608
46847
33072
46004
49448
14114
55815
33428
32105
21805
51988
43839
38986
15578
32148
44720
2791
45471
17382
10257
10283
40962
51661
17175
33372
51806
14920
50362
53340
28068
24800
29979
38020
44205
51757
7775
47022
23171
48592
36324
43408
41509
45102
18620
15789
43743
54466
47090
19440
58522
46618
24472
38666
49887
45975
59220
8919
47485
51563
42560
18864
55848
54220
52430
25392
46061
20475
20574
54016
8226
22259
56651
33484
53870
12986
27093
47971
23256
40508
40558
8229
4735
2262
29440
38075
9121
42369
50046
54689
49963
46769
2427
32580
35117
46727
52512
38510
14965
43487
7295
30744
8657
5932
13064
36137
785
41092
33469
12462
30358
38550
1738
3659
35696
49743
10181
38215
53135
37358
6
42685
49187
29304
31780
46689
44754
8642
47257
39938
6793
48940
56860
46496
3854
51394
40903
35235
56062
4038
38723
56213
46868
11886
59028
35385
11795
56747
40616
10862
6620
10119
43645
8591
50908
49066
49443
35231
53014
27304
42792
8360
59044
19052
43824
55173
19213
4821
34058
56295
32524
22103
41277
46913
25965
49302
23076
10458
7702
41042
48093
26662
54745
32161
44345
41237
12823
33244
39289
42636
30660
47627
6710
45427
50823
58163
34066
38757
44127
48967
9613
32683
53631
3078
44232
23617
23283
30360
16718
7548
39024
25207
1203
13971
58780
57823
10011
32840
45477
8363
261
11036
2550
9454
52890
42320
12006
29770
54319
43468
50431
49907
36686
47619
50259
58528
3204
47456
8108
10310
9017
43465
38603
22657
49005
11753
42187
58214
1771
49738
37743
46573
8333
51039
49009
10330
57978
11373
48166
48323
45042
31857
42521
50466
2256
48673
17995
8377
54913
9352
35934
31348
58921
20491
19358
19429
49141
44380
20745
42349
6600
2549
58608
8219
7609
3522
59066
58594
22207
43376
43724
52646
36173
10152
40054
7583
36653
2766
37525
52811
685
7188
2416
49531
5775
11369
48606
51650
420
30804
35860
18099
45011
425
7448
31821
44397
47819
6538
8318
45755
42649
30883
56214
10241
55852
2318
7582
30422
44128
46901
1583
46672
42548
46026
53463
49632
51239
36749
9507
51732
37148
20437
3376
46580
11066
38537
43065
33702
42594
9146
49408
18882
13712
40241
58725
53630
49403
52466
51896
32369
57573
47767
20710
58853
1889
55047
34848
29373
25545
36461
30755
52299
19340
46860
58668
13089
8158
57783
54357
45983
35784
35105
22201
9835
9640
45035
19859
34671
234
31523
42572
52210
29780
49267
54081
37551
44094
37381
27979
45022
42321
1524
55112
46179
10447
4022
29687
25771
51511
25205
39108
11827
44276
18757
24867
32147
25783
46320
52161
51033
34534
7263
39274
58505
25737
34185
37733
995
44759
18495
54133
45192
21741
10131
1190
5554
29781
48690
18653
47778
31480
25947
48228
30252
32086
45782
58549
23792
39120
13027
49766
34403
13868
19595
33196
44694
13810
58989
7173
32630
58541
52458
48640
43167
42772
32590
16068
48065
31163
9308
29769
39302
45123
13094
55532
38105
1465
55575
37197
9457
47281
48898
33467
44804
47332
17999
8188
51449
51418
54939
47358
2192
36502
51855
58538
24528
57888
8041
22716
47463
10719
50881
8154
31601
16067
5846
12114
37712
23923
10149
48883
55538
41815
52334
50150
32820
28012
50808
30782
9068
39538
31051
33419
44611
275
49951
9523
58573
8072
46497
36529
48663
8651
44529
38153
47890
8387
32755
57470
6911
44608
47684
37268
32773
14348
50285
50474
13338
32635
48043
55381
2473
39305
35924
51829
438
37888
18781
29328
25596
33388
1130
57593
57567
43927
15316
34301
54003
9587
15900
49365
8143
45977
20542
48915
44215
55974
44589
55468
24946
56494
5745
43079
16770
380
21164
40004
47772
8300
8868
5487
41760
48712
30329
43687
18673
2181
50755
1
56695
14100
19092
249
51272
30628
41375
47438
43481
1597
51856
33501
15555
13313
5276
4102
4847
29263
12850
17354
25742
4096
43957
43882
32561
57782
49615
46903
43204
2672
12282
31823
8301
1975
11024
32536
12443
47124
50133
50370
49933
28267
2898
52358
30278
36631
56717
58040
49306
30909
8402
51945
29865
46723
1554
40443
26213
324
35721
41804
32936
44194
35881
2608
18854
54811
6505
29529
32634
8753
25764
40548
58525
58643
44658
9690
58483
9183
28000
33750
29914
32389
55300
41639
55587
13999
48086
29376
47574
47141
23222
3728
48353
46718
27300
34374
263
18680
2344
33349
41891
34071
12951
35585
49180
46821
34732
58763
37827
49444
250
47108
32739
694
47780
45424
44984
51809
8064
9662
11414
29778
49040
255
30973
42803
44877
54503
37482
45147
10396
3137
37438
26167
50264
39857
1937
47248
7097
51279
39044
48348
58424
5352
7391
2103
49687
686
22310
13079
8390
34516
17964
40678
56796
30772
7626
58484
21659
30588
48714
4233
44478
47398
37043
44806
43083
43866
54696
25566
42072
21138
29774
44680
52382
10537
44195
38094
35590
39207
23351
37575
57201
6608
30723
52473
45783
58566
16278
14507
56013
34248
35929
37800
27599
14611
53577
11061
57289
44009
37511
7708
45111
8288
50692
29882
10956
8317
47892
50199
49684
36633
9863
57252
34821
15445
38622
5913
3512
38854
44743
20891
52177
13371
57194
10287
24530
41608
49856
58276
58480
8311
20813
52620
23233
38008
30556
27127
5623
53715
44381
29867
3210
45103
4646
2030
43353
37203
54211
38869
51271
50005
49165
19102
745
17299
36588
37593
37945
50735
22723
29881
9178
24087
55308
20277
28677
35932
31610
14580
1166
57734
39254
47420
52441
21256
9220
22643
19042
47831
58649
38102
52239
2692
32421
45046
22573
48621
29603
37204
25209
48555
29196
55432
50760
56018
50699
9674
49309
46600
15625
10457
5560
39613
22451
24614
9857
53046
52623
2159
25886
43178
57706
58265
58295
20521
31839
42510
9970
9607
28451
38151
29319
47506
58773
59029
52387
9224
22696
47460
6046
11877
14278
53335
3580
48192
17567
42654
51893
36531
51046
58817
50446
46564
25627
40457
8887
19036
1185
13481
31106
6527
57279
56842
579
49107
49286
2332
56820
50891
54344
51553
17621
53442
25726
32753
52558
11965
7129
31984
16591
41501
59211
11032
10604
4059
31926
58659
46169
52264
58590
39920
4432
43231
445
140
41376
32708
39912
51876
33783
15033
30482
8571
19665
58863
43373
20637
44452
43341
8015
54616
29923
25728
55607
52561
43539
45275
38148
18819
8241
5802
46550
20893
9086
36623
1158
36736
6756
49675
43498
38377
36632
52517
20809
10854
43811
34932
16710
7422
45353
51490
48270
32983
16146
32182
50594
58555
7519
44038
34607
14489
8964
43609
6815
3807
29928
52712
29703
50737
5618
58757
23270
56680
27242
5411
2108
44329
11459
52785
36584
12473
45806
56571
49404
30731
56880
23102
51854
20886
51224
44211
7525
3803
36907
32273
39411
47702
15630
48805
41836
40492
42669
29986
37113
8873
39849
30041
52267
40044
36618
46837
36161
49221
24809
39583
19644
35041
51885
13775
24017
6281
40464
41886
30878
7836
43143
44318
54145
6983
45013
30848
25797
9265
9480
20835
58419
35306
53591
35216
55955
2667
18617
48130
14929
8717
514
46041
48905
17326
11809
46831
25087
48796
3577
43689
52226
2038
40317
45814
46884
50083
39786
44112
47596
56351
14534
458
36594
25588
11442
35198
2286
33774
9400
49000
38670
631
56223
4205
26698
38649
31213
55500
32056
49723
15439
25173
56832
51810
33282
54680
46642
23511
35264
35690
33717
49959
49419
25443
8618
40883
3814
45083
22256
24840
50219
51811
28175
25745
15892
12597
49956
14641
25029
52426
48729
27968
43392
15068
2348
7077
30249
31374
21676
43021
30986
13494
39097
33813
55301
58975
5060
45088
50459
29473
44697
49926
56835
7031
47399
52714
18008
259
43902
4184
36417
11969
10405
24295
