46257
35161
28802
47575
45552
23203
50628
50327
46374
17617
47282
53048
56256
37713
42608
16821
42781
26261
37348
46129
10502
35597
36080
28636
34271
14363
54265
50483
51541
37354
20150
56324
42897
40027
50498
52109
35896
26466
34815
23409
35485
6305
31707
46148
55652
42192
55391
43478
18373
48164
14126
5684
1309
15899
40225
47533
36728
35519
35081
59165
55982
8749
7289
35455
36169
35795
28625
27799
38269
54187
8696
53359
39982
47391
29976
3266
4909
35654
17756
54653
57160
53165
31933
28593
17386
54554
50352
1485
25568
52049
5519
24375
46768
33396
52097
44845
49500
52059
28282
54555
12708
44895
23460
51581
53040
28999
43363
41196
47500
36037
52659
10676
5011
25853
24018
37074
48045
45835
54034
53668
55142
58567
35456
24076
40881
46558
21789
50829
50332
47642
39402
51222
52067
1117
36773
37863
21479
21186
37415
1229
40670
39795
2670
54064
39203
44607
24665
39425
51484
18036
36041
32464
53885
34443
9745
8471
45255
28614
55336
54826
50230
24045
37308
55136
8745
46025
4280
20563
52886
36860
54089
46543
22178
43442
38594
36846
37729
37007
53906
49517
58222
24743
36751
35923
15228
20202
35836
1279
56566
14984
50630
34727
50878
39472
39682
36126
38275
47484
28277
51613
44446
55091
54568
38091
30570
37962
17818
34390
54582
34921
51989
54605
52186
53113
11222
38063
44068
27211
55258
45248
57689
50721
5906
36269
31135
19992
42045
24066
35395
40798
52467
48485
54574
39053
52876
7784
7515
47253
57996
54171
58297
15769
19657
39527
42656
52515
13821
17512
41919
39948
42623
52295
50110
29390
40099
41127
47809
28859
33174
27867
18440
50577
48168
43954
31813
54354
55083
26931
40309
36050
36389
54832
52352
34228
45348
25194
34283
35856
48964
51867
36936
8033
39026
17833
55078
3808
41036
36018
36820
45517
54600
54025
48080
18991
40015
37010
25503
19127
52501
37581
49846
53868
38595
49876
6053
21190
50710
31631
27573
17507
5698
40760
2743
46690
30351
54441
4698
4131
14724
44566
46361
35598
35873
51452
35460
35136
38521
146
26828
4917
16685
42923
37582
10630
1664
10272
43878
35490
38945
30336
53402
56805
33894
58779
42925
54825
23173
27130
50012
25448
43225
16035
57124
50936
44573
53952
40307
35852
34296
27648
16219
46360
50949
24601
54314
29449
55029
56146
38045
54222
34673
35824
44065
50659
35547
45881
52329
38712
42049
51980
17184
44593
34615
47271
34813
49859
36858
41342
55157
52300
25412
39672
42965
52903
28728
24321
10488
38991
59095
38027
36859
36065
55017
40150
41496
52654
42715
51475
38028
41645
53687
52101
19310
24003
53913
25993
54814
44218
40662
40709
18212
54879
15223
5555
28676
35284
18314
20300
41638
54933
40455
16325
26972
43606
35184
37494
50990
37108
1879
35915
57298
27875
36799
44076
18516
57096
11144
53956
24904
57110
54970
50938
43374
37934
9319
27005
32250
50791
44582
28590
39376
24730
52052
20727
55679
39293
36880
53676
42073
5259
36978
37022
2432
8993
36873
57155
43884
54258
54038
51316
33197
36802
35627
43975
3786
1442
50940
54720
15773
35969
22989
25630
37722
45864
55255
34266
54352
47045
40314
43876
20423
51097
27176
49526
38248
39354
24225
56628
12469
4384
48488
54529
27933
36170
26710
52666
54556
55435
35986
19566
4147
43452
18427
41192
51289
36940
4990
8473
53573
30418
42056
34281
37957
53254
25720
43574
37384
1243
1043
41615
54828
42455
37396
54370
21846
34989
55890
47477
53728
19153
36922
16162
44721
57995
54992
54935
49538
57621
52580
34201
47609
35342
40082
36764
44093
34310
43718
45422
45900
27695
51267
55256
13801
17885
17868
38025
49149
7360
3976
42497
58221
7528
56476
13202
19418
34707
592
50996
54817
54948
29795
55156
246
45443
19710
54867
50944
53877
48382
40333
55150
56784
34719
51962
45523
46704
51601
51636
5445
11173
21893
16262
51717
56543
24522
37070
19475
40165
47250
26391
56058
56766
47020
25338
50596
6140
39335
3374
37430
20369
28852
36355
23987
8963
12493
28520
16782
38974
48336
54486
56561
34761
56600
34845
45391
26320
46354
45960
5909
13689
42816
46462
55180
38279
58338
37044
49516
54726
36349
55158
42351
2111
27089
50642
21261
57019
26038
50975
36552
38315
41392
10493
57988
45564
35331
19347
49182
50818
5694
4402
27691
55405
57054
43880
24495
47639
50742
6914
35143
52809
58877
51445
3980
26275
38092
54252
58432
34666
50974
55134
55755
54126
53837
58140
8675
36946
54170
36782
49810
53887
16915
34468
16672
42944
10796
44158
54091
25563
27161
5495
27512
54181
15949
37082
30272
34777
51949
48855
42201
34610
54956
5904
11872
51364
41710
53912
34389
34330
50995
25294
47526
45855
44549
56612
54047
14040
47797
7414
47634
57469
6260
40857
54925
34783
3640
34681
3995
52649
36452
51954
53279
17266
5996
51277
17609
47064
15220
36771
34690
444
4948
58656
27485
10051
54433
29014
54534
44512
52047
56783
41122
50979
36227
52737
50978
28984
28505
38586
53796
55350
20440
45904
39342
51212
45913
42041
37037
35802
54937
28594
46880
35603
37089
5824
55100
39710
50076
50782
32469
17912
48449
47961
54835
51653
52725
26111
54360
34298
36862
54959
37104
54032
27720
28240
55074
20458
47794
37288
13570
34252
34319
25306
58003
37002
53476
53944
11546
35001
29166
36672
55260
54842
57419
37485
53193
9313
19417
50565
32872
1655
56268
11991
4230
41418
39450
34189
15875
36897
36977
55046
10268
42814
42777
3560
56507
30209
36837
55412
36094
49022
45887
31123
39390
54403
42257
59134
1234
26126
54073
6234
5733
37419
39423
36698
1804
3430
38026
41314
54563
25574
19388
37106
10210
3139
32870
36267
24237
55351
37846
38686
7539
24154
29140
34798
24604
32725
55331
40113
52901
48398
37431
13945
42980
15713
50649
37055
40051
51968
55345
36030
17440
17230
16825
55041
58334
56395
39963
23592
53816
51614
3719
37023
51572
54644
42323
14425
51464
19273
35346
35274
46623
27383
56157
42205
46072
50430
16643
15957
39798
52057
34254
4975
36381
10642
47604
54796
37114
13631
34452
41724
602
11153
56191
36296
34456
50398
51960
23009
41199
55237
56534
56812
35866
892
56938
35577
52377
38216
52757
11769
55054
56239
51366
15880
20698
19110
36824
40815
47467
25423
4775
14296
33394
9994
37938
40778
23410
55707
23697
40939
40244
44414
25997
25292
36868
3831
55283
35724
56493
51104
15196
40185
54845
21760
54802
58425
41767
46796
7664
41797
35356
41805
46925
16091
27653
45268
28720
34472
17222
39445
37992
3073
47813
55185
54844
52029
13960
47329
28710
29274
9208
23186
29100
56113
26384
37980
42156
12645
44484
55379
40885
35958
58717
52767
28002
53287
23800
38038
30730
38295
2942
55067
50972
48839
749
36694
46504
25490
34239
21065
39654
27016
50947
39439
35566
42642
55403
37426
27560
35624
5379
36292
39797
26311
25059
5736
17667
51775
51306
26080
43960
25235
24624
58350
46394
9537
47035
55687
15362
38592
27391
41312
24346
47200
32237
27550
47799
15349
19712
45270
27624
26197
46547
54589
11209
28275
52524
10382
11195
14071
38210
35070
55761
44447
1163
44601
53706
50997
46199
36052
36758
4924
44095
40898
26330
35389
57964
55762
59007
20606
41126
54375
43035
35605
35639
54531
36071
51006
53818
22904
47982
36801
35330
4537
25158
54182
56886
9328
54820
54728
16724
39086
45893
27102
47804
36811
39480
55245
58151
54569
36807
56004
52908
58159
54783
9140
25998
35877
46609
55661
51816
50702
54478
55395
52914
22382
2981
43530
28785
54831
52435
44131
41465
48472
36546
46086
35358
49761
35469
51975
59178
41200
5850
35584
36609
23455
51966
58392
55317
19215
47241
1790
20469
16645
39400
38547
27362
52372
6200
28515
40144
58932
58218
47055
41032
871
41151
50208
45404
37592
34375
54686
50967
36926
17670
10492
15842
5537
37705
42840
56510
14273
44570
25380
16300
4923
3882
34404
34885
24733
19875
36210
34418
38158
25353
28982
56370
55244
35256
53942
46946
8788
52292
26396
52496
53750
45526
886
35541
34831
54541
2502
43965
52531
35851
54987
53859
55368
8053
35419
53967
59154
55248
36786
46427
38004
59090
55992
20112
1536
55333
29080
37497
14051
50941
25580
57303
54538
21774
11241
21015
41983
27213
44527
26941
38287
28372
54871
42856
52337
36747
46250
22610
34222
37867
36380
12733
55137
54162
58154
35793
26326
35841
56352
35164
18348
51903
55033
52103
44749
51768
36382
35258
51996
58216
23075
14150
26358
54146
48947
49798
39241
47993
42220
18378
47919
52209
44982
21927
47019
56299
23493
854
50650
35839
47198
41442
52748
3717
54804
51123
37276
37440
53481
2793
33292
34400
39844
16541
49343
55171
51282
35409
43679
11898
55183
38071
54325
58377
54123
48743
50062
23099
51741
53733
59145
45442
46366
53972
34933
2140
39523
42256
5270
43632
35615
47603
34824
38583
10552
39544
37331
53669
8973
12118
40404
34246
53071
12481
56452
1322
37240
22176
28221
47814
53011
54984
39278
55138
28691
23446
19887
53744
26999
47486
20963
41697
32662
57674
43247
19397
42191
37973
41193
25108
55082
54677
36988
41628
49088
39375
47326
40105
35826
37421
38753
35815
39277
1328
39709
12925
17246
47930
50730
54710
46184
23161
35870
19163
50999
43390
59225
1839
40223
27561
17105
37045
20495
48908
32163
26008
34216
46401
25125
40325
44072
26775
52107
47525
27853
10059
10480
39350
34722
36692
17156
35255
56514
26335
37115
28805
33966
57962
45718
55934
47249
55035
10881
45816
23549
13263
35744
33958
237
46544
41372
37573
26119
47255
42070
42433
56690
10887
54390
55349
42153
30839
23306
39227
39002
3618
15162
26680
39745
15051
23430
52198
3657
55739
37710
57693
51955
34849
36356
18557
42453
34737
5759
15594
53726
53710
49065
15198
35219
49551
16142
54866
619
52463
28919
35266
3065
56119
32122
49655
18955
51383
51331
47279
35804
46252
58102
52002
6416
52091
53960
3182
40813
37677
36458
36853
37844
43312
27490
7469
36224
56818
34724
53459
16769
36004
10483
17642
50957
52815
55520
56509
42222
12809
15658
17718
53536
27308
37446
4336
30688
40880
46715
10401
26340
52237
16566
44006
34284
40109
54938
35857
54411
39964
23068
44855
44430
34499
37715
25401
26920
56263
52738
36785
56765
54808
56977
34409
30497
20460
25707
35582
37778
28702
55219
51249
51260
54008
13062
551
53264
48123
34749
42252
54833
50224
49535
37884
45522
26997
37924
56749
34420
45538
34721
16620
23428
36366
3108
44505
36443
51463
41417
35850
47009
10105
15856
56147
35465
46770
42197
32039
52050
40148
44069
48489
52777
35453
44416
26944
12041
14086
16188
13776
55184
24238
36286
16050
36084
24709
58363
46306
20170
55296
47021
36921
12962
14219
34422
11238
45598
12712
34806
38015
54586
26430
46748
53731
34750
5840
39456
31143
25664
35801
34768
7733
34210
12731
34623
27313
55221
24281
15829
2068
56128
19267
5975
53142
40370
46964
57216
18867
56684
27170
26327
55068
36219
28464
51000
36966
3730
54692
47269
34717
47686
54019
39680
26061
55252
45569
56474
56087
46339
43063
43714
57968
36885
50254
37775
42133
52490
48881
44346
44091
19805
46774
38209
56516
10482
32096
38214
16679
56360
8028
36404
26005
32961
18612
54444
24626
53727
58498
55353
17521
23687
55904
9932
42207
28223
39413
46859
54029
16292
56271
54964
53850
51081
24643
54894
42784
54965
8725
20201
26117
39361
35820
34980
5272
37077
3048
19775
26837
34232
51082
38513
45364
23333
51578
1343
40186
27472
9284
35818
19518
47024
40790
3310
1929
14432
38512
43413
46835
39346
35576
47698
35831
36431
49358
36104
47041
37560
17311
40091
54236
15827
35281
52037
34965
55144
54130
51361
57874
34268
46531
36791
3941
52963
39343
42709
24123
5019
16842
28963
35875
57784
57854
4440
50958
56562
20504
40331
23802
45879
38223
47943
53341
55330
40065
26383
34752
36290
57220
19271
46815
54156
29017
38043
51959
12877
55312
23411
26232
37076
21744
11162
27155
3878
39618
25913
36076
11411
26298
41187
3836
42327
45582
16334
55204
35609
47033
50575
36723
35423
42859
51241
17804
21382
43607
40140
56379
48495
46686
36354
45741
26325
43364
1441
42057
13430
35702
22137
39405
25310
56306
6573
39406
38597
16582
54860
36430
45378
55253
48194
55050
35935
53975
50951
2459
42341
15772
51191
37894
54562
55280
16904
52289
54335
27365
55292
19214
34440
40180
40527
52905
58357
45182
30959
50598
57143
58849
44044
15951
37726
15542
19194
12719
48807
52470
47432
34706
22167
8534
37086
12842
45460
41216
59254
27865
48366
7995
25391
34432
39415
55396
50429
18461
19076
36794
44899
8383
54705
24540
47328
51329
9752
55215
45454
37335
3628
24897
34689
47569
27851
38699
3424
26703
26700
10710
19269
26371
39208
51115
54708
35962
32277
50263
47522
52634
44223
36685
28683
50311
34260
7375
16687
40343
10681
47069
19888
55133
40568
26612
58262
44235
3960
52265
50074
45946
58370
40206
26541
48836
54565
12895
54070
10661
13054
36523
25501
888
12817
54553
1090
34265
3494
53813
39678
37424
50418
47565
35340
45054
45578
44444
777
22671
36765
40674
43399
50703
47945
53333
39851
34695
37986
42149
15190
57745
55631
39917
13756
35478
53711
56129
45577
36235
9701
57971
35461
197
17225
17068
9909
35880
8351
48483
19315
18269
59045
2047
50973
4187
35640
10865
52022
53449
26114
35589
52096
56701
50526
23591
37461
46451
45241
25428
55962
36031
45683
36233
3022
54340
17143
51373
11216
51992
36606
16293
27635
35007
39374
571
15850
28979
27876
28169
35278
52668
36391
54150
29112
9550
37890
41777
25467
12840
55135
52600
44691
42489
45903
1401
1244
5617
45573
16337
3024
53672
29794
38600
40791
57534
38064
28247
2451
26274
38013
45206
4952
27888
44025
23522
54822
56733
32676
54748
35165
51182
34197
24670
7938
42390
41574
23189
44001
40640
40290
36979
53432
52081
576
22776
47482
50964
8609
44105
57827
30382
56288
29027
51783
30357
51367
53363
23050
12229
34327
37386
18416
54779
54961
24769
52551
42089
50955
55348
36330
27234
4159
35828
49701
53984
41536
18996
43366
43093
50678
50613
8755
23340
13588
41748
48852
17439
39662
24776
50966
44169
52253
53849
