53114
51019
48551
47958
47869
43757
48061
54775
51793
51254
55805
45176
25845
20196
36344
43865
15350
44370
37943
24813
48141
42498
49292
43756
48042
11312
8911
54707
49430
52412
48793
48243
47965
19642
50385
47862
39524
57528
51309
44271
52364
54057
54648
48132
50455
48140
36756
44130
10304
47769
49495
10419
54043
37933
49124
1112
49421
47798
46164
55004
52484
50388
29735
44637
56912
47616
47827
52361
34188
47924
48698
7580
48300
44653
47934
9297
51826
51385
49812
45074
44861
51540
37387
50785
44374
29426
49718
8949
48188
35511
53831
1519
47444
36969
48200
56593
47671
39724
27014
48181
52529
7086
50830
48007
50031
47844
43947
35719
51009
50472
48531
47107
50355
50665
48554
44696
43805
48716
461
44465
47785
49317
50604
12088
47333
43858
25239
43202
49528
54363
50671
28591
51510
52019
48245
53531
51483
43936
49987
47131
48184
56529
30383
58747
43566
50448
48025
